0.250934 0.246190 0.251284 0.251592 
0.259390 0.249427 0.250529 0.240655 
0.275585 0.214859 0.256304 0.253252 
0.289313 0.247650 0.288278 0.174759 
0.291538 0.237915 0.286945 0.183602 
0.290353 0.340539 0.360871 0.008238 
0.276948 0.338441 0.384521 0.000090 
0.282995 0.360815 0.356190 0.000000 
0.280383 0.351834 0.367783 0.000000 
0.297784 0.349471 0.352746 0.000000 
0.301542 0.360371 0.338088 0.000000 
0.278132 0.330198 0.391670 0.000000 
0.292339 0.338112 0.369549 0.000000 
0.299077 0.373729 0.327193 0.000001 
0.282161 0.370106 0.347732 0.000000 
0.309181 0.358690 0.332129 0.000000 
0.295688 0.339120 0.365192 0.000000 
0.281506 0.335503 0.382990 0.000000 
0.243671 0.307080 0.449248 0.000000 
0.252092 0.316045 0.431863 0.000000 
0.242957 0.289499 0.467543 0.000001 
0.216784 0.250516 0.532679 0.000021 
0.232227 0.247827 0.519931 0.000015 
0.251827 0.253362 0.494810 0.000001 
0.253824 0.257534 0.488642 0.000001 
0.239861 0.245394 0.514744 0.000002 
0.202914 0.203368 0.593629 0.000090 
0.242348 0.242202 0.515448 0.000001 
0.229219 0.229067 0.541692 0.000023 
0.218613 0.218055 0.563150 0.000183 
0.189748 0.191425 0.617890 0.000937 
0.162188 0.160646 0.667302 0.009864 
0.158777 0.157620 0.667902 0.015701 
0.147498 0.147012 0.652969 0.052521 
0.144049 0.144482 0.628304 0.083165 
0.162342 0.162079 0.630336 0.045243 
0.149142 0.149707 0.597529 0.103622 
0.143771 0.155812 0.641356 0.059060 
0.154462 0.164859 0.659295 0.021384 
0.174652 0.183627 0.638650 0.003071 
0.187936 0.210105 0.601117 0.000842 
0.167244 0.188763 0.639221 0.004772 
0.140108 0.156476 0.626090 0.077326 
0.129495 0.146523 0.491781 0.232201 
0.127451 0.141388 0.314094 0.417068 
0.130786 0.141525 0.481934 0.245755 
0.130770 0.143271 0.271296 0.454663 
0.159889 0.180922 0.012079 0.647110 
0.143485 0.172480 0.053943 0.630093 
0.126642 0.157596 0.353281 0.362482 
0.130882 0.162020 0.199631 0.507468 
0.126740 0.166010 0.334909 0.372341 
0.127929 0.184121 0.435792 0.252158 
0.126090 0.168558 0.217231 0.488121 
0.126862 0.166684 0.268797 0.437657 
0.124423 0.177149 0.310330 0.388098 
0.130055 0.183915 0.470934 0.215096 
0.139363 0.185861 0.623944 0.050832 
0.126955 0.148063 0.415279 0.309703 
0.133021 0.163503 0.480921 0.222554 
0.125019 0.145861 0.361209 0.367911 
0.126762 0.146370 0.364956 0.361912 
0.130926 0.166606 0.474544 0.227923 
0.140088 0.205202 0.622492 0.032218 
0.139669 0.203488 0.047772 0.609070 
0.142187 0.196620 0.030990 0.630203 
0.219322 0.302686 0.000002 0.477990 
0.163721 0.213806 0.002526 0.619947 
0.174838 0.218218 0.000827 0.606117 
0.165273 0.182167 0.011650 0.640910 
0.138925 0.164600 0.343872 0.352603 
0.142930 0.162894 0.641603 0.052573 
0.126122 0.159824 0.320738 0.393316 
0.124778 0.151758 0.397819 0.325644 
0.132885 0.175686 0.588234 0.103194 
0.134142 0.158968 0.479256 0.227634 
0.161913 0.201036 0.630800 0.006251 
0.162926 0.212009 0.612352 0.012712 
0.148316 0.206424 0.418994 0.226265 
0.121937 0.201459 0.488725 0.187879 
0.119414 0.209708 0.240686 0.430192 
0.115646 0.243841 0.363446 0.277067 
0.113740 0.229360 0.377228 0.279672 
0.107975 0.259192 0.314077 0.318756 
0.112889 0.236242 0.269204 0.381665 
0.134652 0.254074 0.580039 0.031234 
0.118476 0.239111 0.475718 0.166694 
0.114012 0.280530 0.138927 0.466531 
0.118200 0.288170 0.532838 0.060792 
0.107035 0.285537 0.349984 0.257445 
0.114184 0.300308 0.072073 0.513435 
0.107277 0.268639 0.283665 0.340420 
0.103477 0.316028 0.235846 0.344648 
0.112704 0.300816 0.122436 0.464044 
0.103269 0.293890 0.290519 0.312322 
0.105722 0.279989 0.273016 0.341273 
0.104770 0.287286 0.276431 0.331513 
0.103277 0.314664 0.232424 0.349635 
0.104413 0.285850 0.303292 0.306445 
0.108762 0.286322 0.207533 0.397383 
0.108112 0.281594 0.218455 0.391839 
0.110024 0.263639 0.326710 0.299626 
0.110553 0.263638 0.375688 0.250121 
0.113154 0.267350 0.455870 0.163626 
0.115377 0.270989 0.486613 0.127021 
0.115694 0.270537 0.242094 0.371675 
0.124242 0.270706 0.556732 0.048320 
0.120851 0.259681 0.246858 0.372611 
0.133649 0.269507 0.038903 0.557941 
0.137328 0.264642 0.090806 0.507224 
0.151375 0.281686 0.557757 0.009183 
0.124098 0.233153 0.434724 0.208025 
0.122381 0.221650 0.355400 0.300568 
0.122289 0.229593 0.248366 0.399752 
0.126761 0.213872 0.348944 0.310423 
0.149821 0.261583 0.015431 0.573166 
0.140045 0.213361 0.094106 0.552488 
0.134634 0.226204 0.506455 0.132707 
0.127324 0.226530 0.530962 0.115183 
0.126826 0.223585 0.330584 0.319005 
0.135733 0.244369 0.498674 0.121223 
0.134992 0.249804 0.437071 0.178133 
0.130237 0.250946 0.409685 0.209131 
0.154046 0.264793 0.174199 0.406962 
0.137345 0.243479 0.308754 0.310422 
0.134978 0.245262 0.316279 0.303481 
0.130923 0.241151 0.302931 0.324995 
0.143294 0.240943 0.341444 0.274318 
0.139782 0.242825 0.293790 0.323603 
0.133758 0.251465 0.230601 0.384176 
0.128805 0.253408 0.391727 0.226059 
0.127572 0.248229 0.331721 0.292478 
0.126032 0.251807 0.343104 0.279057 
0.135171 0.256573 0.487621 0.120635 
0.137371 0.249659 0.382105 0.230865 
0.145972 0.288416 0.511669 0.053943 
0.184028 0.333623 0.480691 0.001658 
0.192411 0.352750 0.062422 0.392417 
0.174977 0.305210 0.007310 0.512504 
0.165015 0.248723 0.330496 0.255766 
0.204053 0.262776 0.488284 0.044886 
0.173045 0.238172 0.289000 0.299783 
0.168862 0.263731 0.388872 0.178536 
0.164583 0.282085 0.100857 0.452474 
0.155214 0.292425 0.479398 0.072964 
0.157725 0.287203 0.437216 0.117856 
0.160119 0.276791 0.189314 0.373776 
0.173674 0.279192 0.150709 0.396424 
0.166477 0.291545 0.064379 0.477599 
0.170764 0.270579 0.376490 0.182167 
0.166999 0.268742 0.222529 0.341730 
0.156763 0.274872 0.297601 0.270765 
0.155212 0.298199 0.345453 0.201136 
0.155454 0.297999 0.329122 0.217425 
0.182084 0.276753 0.275072 0.266090 
0.199503 0.277782 0.358436 0.164279 
0.213259 0.280817 0.409239 0.096685 
0.236803 0.306463 0.430096 0.026638 
0.244138 0.292040 0.416476 0.047346 
0.226446 0.290375 0.152046 0.331133 
0.217088 0.281825 0.397589 0.103497 
0.235644 0.273762 0.301275 0.189319 
0.235021 0.272004 0.199074 0.293900 
0.274159 0.275394 0.372582 0.077865 
0.243576 0.281579 0.173603 0.301242 
0.238628 0.279501 0.151703 0.330168 
0.231702 0.289638 0.141426 0.337234 
0.246599 0.303252 0.401983 0.048166 
0.236517 0.274565 0.238055 0.250863 
0.281935 0.302006 0.101397 0.314662 
0.300508 0.329179 0.331825 0.038487 
0.268990 0.227369 0.248636 0.255005 
0.304978 0.287303 0.220811 0.186908 
0.224821 0.285897 0.236729 0.252553 
0.286064 0.291888 0.270696 0.151352 
0.185035 0.300537 0.296582 0.217846 
0.265777 0.291588 0.309247 0.133388 
0.169804 0.302892 0.295171 0.232132 
0.236836 0.275234 0.236075 0.251855 
0.187510 0.287120 0.220164 0.305207 
0.204857 0.288168 0.216742 0.290233 
0.241310 0.280857 0.241571 0.236262 
0.276466 0.288569 0.219786 0.215179 
0.260222 0.284729 0.242908 0.212141 
0.297761 0.296325 0.267030 0.138883 
0.261704 0.287831 0.225979 0.224486 
0.294113 0.296011 0.283819 0.126057 
0.169637 0.287713 0.277858 0.264792 
0.202107 0.283441 0.235976 0.278476 
0.244147 0.290746 0.185462 0.279645 
0.285572 0.291291 0.228074 0.195063 
0.283204 0.288214 0.170554 0.258029 
0.293292 0.293681 0.245577 0.167451 
0.279074 0.294344 0.289255 0.137326 
0.287003 0.301612 0.302005 0.109380 
0.268252 0.290355 0.181053 0.260340 
0.282525 0.295508 0.132727 0.289239 
0.252287 0.293970 0.159304 0.294439 
0.232330 0.283444 0.243020 0.241206 
0.242536 0.297236 0.303483 0.156745 
0.296597 0.303204 0.260609 0.139590 
0.201502 0.284776 0.305961 0.207761 
0.176129 0.331020 0.239829 0.253022 
0.241098 0.273219 0.243789 0.241894 
0.248162 0.267674 0.240274 0.243890 
0.231115 0.276018 0.268355 0.224512 
0.193405 0.279931 0.228865 0.297800 
0.147516 0.286046 0.276463 0.289975 
0.252050 0.284459 0.180429 0.283062 
0.233890 0.279106 0.235738 0.251266 
0.278123 0.287290 0.239861 0.194726 
0.299102 0.301697 0.235566 0.163634 
0.281568 0.311739 0.181557 0.225136 
0.200819 0.297225 0.298485 0.203472 
0.223752 0.287811 0.250935 0.237502 
0.190105 0.294545 0.303536 0.211813 
0.155785 0.296165 0.304471 0.243579 
0.224121 0.288035 0.276464 0.211380 
0.094176 0.301023 0.301106 0.303694 
0.057789 0.314498 0.310672 0.317040 
0.033422 0.336464 0.290645 0.339469 
0.029434 0.357127 0.277945 0.335494 
0.053860 0.331158 0.284233 0.330748 
0.048448 0.322580 0.306705 0.322268 
0.023372 0.325323 0.331011 0.320294 
0.028760 0.328634 0.317505 0.325101 
0.045473 0.355867 0.253139 0.345520 
0.070595 0.313194 0.307499 0.308712 
0.060321 0.319570 0.309348 0.310761 
0.143898 0.282660 0.293141 0.280300 
0.202817 0.282668 0.254667 0.259848 
0.182911 0.304125 0.292429 0.220536 
0.270855 0.290326 0.289931 0.148888 
0.298188 0.299205 0.273486 0.129121 
0.319804 0.312552 0.328156 0.039488 
0.313943 0.306989 0.315820 0.063248 
0.301015 0.290273 0.205767 0.202945 
0.276949 0.290039 0.278229 0.154782 
0.218296 0.287456 0.297385 0.196862 
0.283714 0.303994 0.301083 0.111209 
0.249709 0.280890 0.230733 0.238668 
0.259119 0.307889 0.292929 0.140062 
0.273104 0.284357 0.216566 0.225973 
0.155615 0.287484 0.291490 0.265410 
0.138688 0.277817 0.294816 0.288678 
0.287921 0.261459 0.266752 0.183868 
0.213552 0.311414 0.261412 0.213622 
0.275068 0.278176 0.210290 0.236466 
0.289463 0.270852 0.261599 0.178086 
0.246619 0.273857 0.282976 0.196547 
0.213022 0.287986 0.284414 0.214578 
0.218971 0.319476 0.238987 0.222565 
0.256206 0.276062 0.281244 0.186488 
0.289505 0.277908 0.189379 0.243207 
0.291783 0.282452 0.161024 0.264741 
0.280032 0.272384 0.201518 0.246065 
0.168045 0.267285 0.284414 0.280255 
0.180912 0.271923 0.282975 0.264190 
0.205624 0.233892 0.287606 0.272878 
0.180666 0.270221 0.264791 0.284322 
0.203591 0.222800 0.286712 0.286897 
0.232782 0.263313 0.228227 0.275677 
0.274419 0.269010 0.219252 0.237320 
0.239120 0.276461 0.241159 0.243260 
0.256287 0.268746 0.234009 0.240958 
0.243434 0.255871 0.245852 0.254844 
0.275838 0.175838 0.281389 0.266935 
0.252722 0.234811 0.288431 0.224036 
0.248753 0.240164 0.286269 0.224814 
0.288636 0.198009 0.264968 0.248387 
0.276263 0.218467 0.215885 0.289385 
0.252382 0.208407 0.252283 0.286928 
0.216029 0.248014 0.249149 0.286808 
0.187255 0.235768 0.287967 0.289011 
0.156751 0.254991 0.293929 0.294328 
0.203806 0.263438 0.277775 0.254980 
0.208734 0.272728 0.254519 0.264018 
0.257994 0.275307 0.230648 0.236051 
0.222178 0.273792 0.219733 0.284297 
0.191054 0.259689 0.266800 0.282457 
0.210252 0.272188 0.263851 0.253709 
0.160811 0.264599 0.283184 0.291406 
0.267229 0.204271 0.280425 0.248074 
0.222848 0.275374 0.275780 0.225998 
0.303597 0.254070 0.283074 0.159260 
0.311342 0.202914 0.278441 0.207303 
0.258275 0.150047 0.320518 0.271160 
0.279538 0.311203 0.090846 0.318414 
0.287538 0.307867 0.140987 0.263608 
0.266085 0.319226 0.169539 0.245150 
0.287511 0.300760 0.198428 0.213301 
0.217897 0.291755 0.287479 0.202868 
0.236851 0.288417 0.249924 0.224808 
0.296220 0.300269 0.227204 0.176307 
0.244556 0.295904 0.295824 0.163717 
0.284375 0.291188 0.220670 0.203767 
0.297716 0.301308 0.209706 0.191270 
0.297093 0.302573 0.218308 0.182026 
0.293391 0.294104 0.151586 0.260920 
0.258276 0.292768 0.157180 0.291776 
0.224281 0.300785 0.177547 0.297388 
0.185047 0.297174 0.222784 0.294995 
0.293938 0.274882 0.136766 0.294414 
0.204767 0.239671 0.266642 0.288920 
0.205812 0.282465 0.220876 0.290847 
0.292408 0.247716 0.170538 0.289339 
0.242141 0.204510 0.288819 0.264530 
0.153033 0.292263 0.287389 0.267315 
0.176277 0.287646 0.266426 0.269651 
0.295973 0.294342 0.148883 0.260801 
0.202435 0.264641 0.260026 0.272898 
0.247000 0.286416 0.205431 0.261153 
0.230641 0.272869 0.231857 0.264633 
0.190452 0.261844 0.306999 0.240705 
0.180756 0.266888 0.288217 0.264139 
0.260643 0.267175 0.207170 0.265013 
0.230361 0.274377 0.229870 0.265392 
0.283680 0.249206 0.218586 0.248528 
0.278273 0.270699 0.209582 0.241445 
0.286009 0.214077 0.286318 0.213596 
0.286145 0.203763 0.289498 0.220594 
0.289554 0.194548 0.294520 0.221379 
0.244244 0.214018 0.282432 0.259306 
0.260976 0.225899 0.273626 0.239499 
0.282962 0.193419 0.270100 0.253519 
0.258401 0.266097 0.211991 0.263510 
0.247956 0.216002 0.284714 0.251328 
0.228558 0.228229 0.282886 0.260327 
0.261821 0.217305 0.288596 0.232279 
0.246471 0.234425 0.258574 0.260530 
0.287923 0.196211 0.281178 0.234688 
0.239520 0.244413 0.251948 0.264118 
0.143446 0.303266 0.262203 0.291084 
0.288994 0.281932 0.260463 0.168611 
0.284911 0.252219 0.240939 0.221932 
0.191056 0.256882 0.287679 0.264383 
0.280472 0.184804 0.291036 0.243688 
0.228721 0.287277 0.284562 0.199440 
0.183226 0.282305 0.283696 0.250773 
0.144399 0.298270 0.303280 0.254051 
0.125378 0.273286 0.317770 0.283566 
0.204428 0.244735 0.285076 0.265761 
0.157098 0.203257 0.336052 0.303593 
0.215746 0.143901 0.289983 0.350370 
0.257343 0.170228 0.224651 0.347778 
0.298977 0.234801 0.173115 0.293108 
0.144202 0.276654 0.277546 0.301599 
0.287646 0.261272 0.159717 0.291364 
0.236641 0.178868 0.230636 0.353854 
0.268181 0.196631 0.194274 0.340914 
0.341169 0.176539 0.116171 0.366122 
0.417794 0.130355 0.031789 0.420063 
0.387150 0.193493 0.019326 0.400031 
0.329976 0.236835 0.024744 0.408445 
0.245712 0.242811 0.067571 0.443906 
0.290516 0.190737 0.037193 0.481554 
0.305447 0.140703 0.031247 0.522602 
0.262653 0.248521 0.015323 0.473503 
0.252963 0.303767 0.033069 0.410202 
0.266631 0.329816 0.072733 0.330820 
0.286847 0.344798 0.030923 0.337433 
0.303183 0.324148 0.007031 0.365638 
0.287088 0.346520 0.007467 0.358925 
0.229955 0.345504 0.015845 0.408697 
0.267943 0.316871 0.016451 0.398735 
0.274089 0.295037 0.096558 0.334317 
0.344817 0.278713 0.018994 0.357476 
0.381961 0.223768 0.027676 0.366595 
0.353488 0.202875 0.090434 0.353204 
0.282564 0.159870 0.192104 0.365462 
0.361331 0.169645 0.121339 0.347685 
0.362810 0.154679 0.118634 0.363877 
0.244323 0.169655 0.238887 0.347136 
0.414923 0.149894 0.059293 0.375890 
0.417581 0.150061 0.046093 0.386264 
0.439991 0.132762 0.003432 0.423815 
0.427928 0.159404 0.000787 0.411881 
0.373096 0.272866 0.000441 0.353597 
0.378421 0.212091 0.000259 0.409229 
0.313975 0.338964 0.000594 0.346468 
0.219949 0.435726 0.001828 0.342497 
0.250075 0.439569 0.009028 0.301328 
0.244826 0.325204 0.183340 0.246630 
0.280799 0.402723 0.079009 0.237469 
0.285202 0.164646 0.339752 0.210400 
0.378708 0.059737 0.310843 0.250711 
0.353269 0.024050 0.343058 0.279623 
0.380099 0.056752 0.317886 0.245263 
0.368482 0.087470 0.328021 0.216027 
0.377748 0.073592 0.312970 0.235690 
0.371207 0.016959 0.382925 0.228909 
0.351299 0.162814 0.294211 0.191676 
0.329281 0.305715 0.173816 0.191188 
0.334161 0.169306 0.276713 0.219820 
0.327110 0.299007 0.145447 0.228436 
0.314716 0.301347 0.181784 0.202153 
0.338294 0.173092 0.265666 0.222949 
0.336202 0.328203 0.097166 0.238428 
0.302911 0.240957 0.220780 0.235352 
0.345894 0.059017 0.345843 0.249246 
0.318707 0.173550 0.262643 0.245100 
0.331744 0.242594 0.195522 0.230140 
0.339109 0.119028 0.314605 0.227257 
0.335518 0.183969 0.250344 0.230169 
0.333624 0.236879 0.195791 0.233706 
0.334579 0.219010 0.218813 0.227597 
0.295049 0.348200 0.056990 0.299761 
0.338378 0.148431 0.286061 0.227130 
0.343883 0.216842 0.229496 0.209779 
0.295853 0.263068 0.260502 0.180577 
0.297294 0.233946 0.297432 0.171328 
0.238759 0.265279 0.333249 0.162714 
0.261626 0.254647 0.318831 0.164896 
0.324042 0.233279 0.276955 0.165723 
0.352331 0.194277 0.288136 0.165257 
0.323206 0.238038 0.241438 0.197318 
0.351981 0.212076 0.258703 0.177240 
0.345543 0.233054 0.232760 0.188643 
0.313996 0.241422 0.241438 0.203144 
0.268007 0.276076 0.247607 0.208311 
0.262166 0.264857 0.250114 0.222864 
0.215243 0.324563 0.207468 0.252726 
0.326215 0.330267 0.072878 0.270640 
0.242078 0.280536 0.244297 0.233089 
0.159176 0.329429 0.267026 0.244369 
0.322050 0.176501 0.244415 0.257034 
0.302882 0.317817 0.094780 0.284521 
0.281458 0.234099 0.240250 0.244193 
0.246600 0.254938 0.247681 0.250781 
0.304788 0.185112 0.218692 0.291408 
0.303030 0.205071 0.198174 0.293725 
0.309972 0.173225 0.231734 0.285069 
0.308960 0.281500 0.117387 0.292154 
0.304486 0.224247 0.221938 0.249329 
0.325837 0.285333 0.129225 0.259605 
0.277525 0.210552 0.216569 0.295354 
0.248205 0.353579 0.047472 0.350743 
0.287938 0.305786 0.089369 0.316908 
0.254718 0.264184 0.155254 0.325843 
0.218876 0.258750 0.182863 0.339511 
0.243484 0.223074 0.207716 0.325727 
0.293147 0.193302 0.210283 0.303267 
0.262545 0.225983 0.193440 0.318031 
0.237404 0.183139 0.248946 0.330511 
0.280628 0.143161 0.263425 0.312786 
0.266865 0.215716 0.207417 0.310002 
0.293077 0.291332 0.123943 0.291648 
0.299140 0.287224 0.141453 0.272184 
0.282889 0.260337 0.196619 0.260155 
0.320343 0.253302 0.176852 0.249504 
0.199393 0.316344 0.215470 0.268793 
0.309237 0.166598 0.247082 0.277083 
0.308578 0.190510 0.230245 0.270667 
0.318865 0.316125 0.089312 0.275698 
0.293513 0.217103 0.225843 0.263541 
0.195458 0.281348 0.251444 0.271750 
0.232136 0.295003 0.170423 0.302438 
0.249725 0.296594 0.160720 0.292961 
0.302045 0.200682 0.212764 0.284509 
0.302118 0.130670 0.266657 0.300554 
0.294780 0.076874 0.321600 0.306746 
0.298298 0.062111 0.331946 0.307645 
0.249563 0.124011 0.298050 0.328376 
0.197677 0.291965 0.219419 0.290939 
0.180589 0.292424 0.233577 0.293409 
0.233345 0.238155 0.246679 0.281822 
0.294937 0.179678 0.230460 0.294925 
0.280480 0.102638 0.298854 0.318028 
0.193819 0.215325 0.297908 0.292947 
0.303697 0.087818 0.304293 0.304192 
0.297696 0.122194 0.277482 0.302628 
0.291190 0.162347 0.261211 0.285252 
0.248009 0.229400 0.234431 0.288160 
0.280153 0.227437 0.212501 0.279909 
0.289782 0.215853 0.206634 0.287731 
0.233915 0.243684 0.239336 0.283064 
0.217098 0.277711 0.231095 0.274096 
0.276870 0.167023 0.267301 0.288806 
0.304142 0.230015 0.189054 0.276789 
0.237766 0.257213 0.237464 0.267557 
0.251491 0.244301 0.233270 0.270939 
0.300709 0.138912 0.260934 0.299445 
0.268213 0.164834 0.250466 0.316487 
0.297405 0.206491 0.200251 0.295853 
0.280584 0.209713 0.234143 0.275561 
0.301790 0.196131 0.204338 0.297740 
0.297807 0.211534 0.213632 0.277028 
0.297467 0.208435 0.213254 0.280844 
0.196833 0.269542 0.268219 0.265406 
0.149610 0.312722 0.263163 0.274505 
0.199871 0.228007 0.296687 0.275435 
0.303299 0.157386 0.250206 0.289109 
0.251362 0.166041 0.297426 0.285171 
0.303349 0.177353 0.224849 0.294449 
0.253513 0.201933 0.255673 0.288880 
0.216057 0.274780 0.219350 0.289814 
0.170497 0.287920 0.249724 0.291859 
0.211937 0.291851 0.203362 0.292850 
0.190379 0.296224 0.217471 0.295926 
0.263750 0.217072 0.230547 0.288632 
0.249644 0.223433 0.238823 0.288100 
0.195718 0.243078 0.232848 0.328356 
0.198233 0.248866 0.226714 0.326188 
0.272318 0.289393 0.144214 0.294075 
0.152415 0.305140 0.249192 0.293252 
0.207485 0.290092 0.203014 0.299409 
0.167275 0.296666 0.237887 0.298171 
0.218786 0.297745 0.181445 0.302025 
0.311414 0.315831 0.075753 0.297001 
0.343508 0.294020 0.090075 0.272397 
0.181111 0.258912 0.252283 0.307694 
0.337738 0.315194 0.023137 0.323931 
0.198691 0.315074 0.215329 0.270906 
0.284856 0.269853 0.170089 0.275202 
0.305474 0.292507 0.104878 0.297141 
0.315605 0.277605 0.125532 0.281258 
0.286196 0.232419 0.190022 0.291364 
0.281225 0.194584 0.213965 0.310226 
0.296150 0.295009 0.135405 0.273437 
0.315849 0.227215 0.224913 0.232022 
0.246650 0.286035 0.224533 0.242781 
0.246358 0.245265 0.253810 0.254567 
0.282261 0.234529 0.247031 0.236179 
0.270424 0.237544 0.241323 0.250710 
0.275630 0.288021 0.238524 0.197825 
0.320083 0.264160 0.230401 0.185357 
0.297505 0.297000 0.238716 0.166779 
0.237834 0.330066 0.232022 0.200078 
0.159463 0.267002 0.274026 0.299509 
0.203543 0.238981 0.280140 0.277337 
0.218576 0.219395 0.278757 0.283272 
0.146718 0.292974 0.265379 0.294929 
0.288514 0.236917 0.254442 0.220127 
0.284421 0.183162 0.268347 0.264070 
0.227036 0.202490 0.281763 0.288711 
0.261113 0.143769 0.305207 0.289910 
0.278502 0.122416 0.307275 0.291807 
0.276898 0.217560 0.288596 0.216945 
0.240687 0.236524 0.285616 0.237173 
0.170194 0.283598 0.289998 0.256209 
0.113156 0.287398 0.298339 0.301107 
0.138693 0.244623 0.329040 0.287644 
0.301121 0.299801 0.298789 0.100290 
0.194258 0.272830 0.289708 0.243204 
0.246607 0.227351 0.288217 0.237825 
0.278834 0.235502 0.287413 0.198251 
0.252888 0.270905 0.285426 0.190781 
0.284705 0.274301 0.302572 0.138421 
0.308937 0.301922 0.297874 0.091268 
0.219417 0.343349 0.312111 0.125123 
0.276763 0.276540 0.293442 0.153255 
0.291737 0.260677 0.282799 0.164786 
0.307271 0.305969 0.306817 0.079942 
0.262750 0.197883 0.312686 0.226682 
0.281602 0.239441 0.282134 0.196823 
0.289568 0.225773 0.272044 0.212615 
0.204757 0.229531 0.327493 0.238219 
0.234893 0.279828 0.302362 0.182917 
0.264710 0.238522 0.272510 0.224259 
0.244716 0.253790 0.257752 0.243741 
0.261378 0.238419 0.266315 0.233887 
0.242559 0.248662 0.266200 0.242579 
0.246261 0.248152 0.263101 0.242486 
0.268301 0.226342 0.269285 0.236071 
0.275001 0.219820 0.283836 0.221343 
0.216164 0.314933 0.298799 0.170104 
0.279519 0.210023 0.299393 0.211065 
0.203443 0.274724 0.325797 0.196036 
0.121144 0.273550 0.363815 0.241491 
0.227075 0.228668 0.308809 0.235447 
0.280937 0.256310 0.251837 0.210917 
0.218918 0.218441 0.274681 0.287960 
0.249996 0.189653 0.274315 0.286036 
0.149247 0.295313 0.261782 0.293659 
0.112276 0.314511 0.286549 0.286664 
0.159784 0.267631 0.287151 0.285434 
0.208777 0.224989 0.281278 0.284955 
0.239548 0.198206 0.283180 0.279067 
0.275636 0.166100 0.273591 0.284672 
0.213849 0.250329 0.279508 0.256314 
0.268073 0.247447 0.255110 0.229369 
0.268516 0.285668 0.197357 0.248458 
0.240249 0.247939 0.265229 0.246583 
0.319859 0.281397 0.321419 0.077325 
0.301666 0.302174 0.283745 0.112415 
0.290319 0.293595 0.291743 0.124343 
0.292037 0.183722 0.286921 0.237320 
0.262101 0.226614 0.284820 0.226465 
0.267981 0.228136 0.288281 0.215603 
0.236949 0.290441 0.292603 0.180007 
0.252577 0.223410 0.288187 0.235826 
0.261714 0.250208 0.288530 0.199548 
0.239081 0.235829 0.287835 0.237255 
0.226147 0.269587 0.289025 0.215240 
0.272872 0.298978 0.297264 0.130886 
0.282513 0.174386 0.310714 0.232387 
0.265708 0.217650 0.288140 0.228502 
0.268071 0.296341 0.296537 0.139051 
0.249016 0.273236 0.290291 0.187456 
0.283513 0.209253 0.310071 0.197163 
0.306446 0.306229 0.307266 0.080059 
0.299272 0.209278 0.300501 0.190949 
0.284599 0.272492 0.293445 0.149463 
0.290696 0.209752 0.302514 0.197038 
0.290410 0.209984 0.292547 0.207059 
0.264305 0.155812 0.289273 0.290610 
0.318364 0.135881 0.271845 0.273910 
0.275864 0.208965 0.252022 0.263148 
0.245371 0.169296 0.296027 0.289305 
0.191184 0.243665 0.275235 0.289917 
0.291731 0.152985 0.275592 0.279693 
0.284906 0.154475 0.268933 0.291686 
0.300050 0.126705 0.287672 0.285573 
0.207147 0.289188 0.226628 0.277036 
0.246613 0.284798 0.250107 0.218482 
0.295767 0.295788 0.294392 0.114053 
0.289980 0.253028 0.283549 0.173444 
0.284748 0.233261 0.289135 0.192857 
0.242917 0.282717 0.209930 0.264437 
0.270363 0.221453 0.284354 0.223830 
0.258691 0.292653 0.285641 0.163015 
0.294254 0.284314 0.281272 0.140159 
0.291771 0.247972 0.283832 0.176424 
0.289197 0.214687 0.287638 0.208478 
0.291811 0.152561 0.270455 0.285174 
0.287565 0.167374 0.269315 0.275745 
0.287907 0.224696 0.292058 0.195340 
0.274544 0.280208 0.262960 0.182288 
0.237034 0.262604 0.254699 0.245663 
0.301527 0.302079 0.293533 0.102862 
0.289788 0.216098 0.288184 0.205930 
0.286224 0.135918 0.291523 0.286334 
0.295837 0.155692 0.296690 0.251781 
0.314241 0.114375 0.308705 0.262679 
0.168284 0.243104 0.308406 0.280207 
0.309070 0.076445 0.313202 0.301284 
0.262652 0.135088 0.300142 0.302118 
0.218444 0.198511 0.290167 0.292878 
0.302374 0.134812 0.298083 0.264731 
0.300852 0.264258 0.302535 0.132355 
0.296038 0.213547 0.293597 0.196818 
0.289977 0.191696 0.284162 0.234165 
0.329208 0.262782 0.324190 0.083820 
0.282956 0.245817 0.244958 0.226269 
0.272073 0.261017 0.178355 0.288555 
0.288276 0.231962 0.222838 0.256923 
0.316962 0.066383 0.316277 0.300378 
0.293000 0.126341 0.298563 0.282096 
0.139098 0.279486 0.294001 0.287415 
0.228184 0.297478 0.295988 0.178350 
0.243322 0.180089 0.291629 0.284960 
0.268885 0.150957 0.293084 0.287074 
0.196598 0.210321 0.296361 0.296720 
0.180103 0.226569 0.311878 0.281450 
0.140599 0.275875 0.294665 0.288861 
0.223781 0.270513 0.248736 0.256970 
0.260152 0.170044 0.281746 0.288058 
0.293235 0.138226 0.332474 0.236066 
0.249473 0.233788 0.242382 0.274357 
0.070647 0.301963 0.319231 0.308159 
0.070417 0.295373 0.318220 0.315990 
0.065334 0.329582 0.327517 0.277567 
0.198138 0.241714 0.338689 0.221459 
0.233477 0.225677 0.353407 0.187439 
0.101241 0.347768 0.361951 0.189040 
0.278685 0.133180 0.319152 0.268983 
0.205837 0.246209 0.288014 0.259940 
0.232389 0.307819 0.289813 0.169979 
0.270294 0.230052 0.267128 0.232526 
0.285856 0.229911 0.273453 0.210780 
0.274853 0.252414 0.281928 0.190805 
0.250594 0.243362 0.273881 0.232163 
0.221951 0.264711 0.278958 0.234380 
0.267576 0.191393 0.279309 0.261723 
0.274095 0.152266 0.282402 0.291238 
0.325154 0.301906 0.315662 0.057278 
0.241552 0.251923 0.279893 0.226632 
0.271247 0.222949 0.280049 0.225755 
0.281957 0.246117 0.284123 0.187804 
0.187823 0.212409 0.298385 0.301383 
0.179980 0.295750 0.294392 0.229878 
0.086477 0.304596 0.304276 0.304651 
0.219745 0.191376 0.294418 0.294461 
0.221877 0.283378 0.289203 0.205541 
0.247333 0.249293 0.288612 0.214762 
0.295702 0.206162 0.292449 0.205688 
0.237175 0.262415 0.272738 0.227671 
0.120038 0.293845 0.290368 0.295749 
0.079389 0.311036 0.302002 0.307573 
0.214349 0.283724 0.282706 0.219222 
0.225046 0.222975 0.284511 0.267467 
0.234028 0.169631 0.296170 0.300171 
0.171433 0.233444 0.306886 0.288237 
0.033762 0.331450 0.324816 0.309972 
0.068446 0.311607 0.311134 0.308813 
0.099726 0.301982 0.321440 0.276852 
0.229121 0.177746 0.299405 0.293729 
0.235923 0.216452 0.322134 0.225491 
0.189464 0.239977 0.320453 0.250106 
0.212481 0.206557 0.303628 0.277335 
0.208209 0.210122 0.316891 0.264779 
0.035884 0.304958 0.326964 0.332194 
0.143215 0.287049 0.276290 0.293446 
0.052529 0.286381 0.360047 0.301043 
0.107212 0.296937 0.301024 0.294826 
0.205493 0.236891 0.272493 0.285124 
0.213226 0.227961 0.279923 0.278889 
0.236647 0.243323 0.287763 0.232266 
0.201329 0.218683 0.289890 0.290097 
0.202836 0.237384 0.284836 0.274944 
0.200517 0.221290 0.288593 0.289601 
0.220712 0.220038 0.280765 0.278485 
0.213249 0.212727 0.290653 0.283371 
0.242924 0.249097 0.263376 0.244602 
0.231195 0.237236 0.245128 0.286441 
0.226939 0.288177 0.228129 0.256755 
0.224471 0.227428 0.275455 0.272645 
0.223393 0.248678 0.267961 0.259968 
0.223305 0.283693 0.275820 0.217182 
0.165681 0.290873 0.260115 0.283331 
0.194598 0.287081 0.264827 0.253494 
0.229099 0.259541 0.251651 0.259709 
0.219793 0.288220 0.277274 0.214713 
0.244701 0.238843 0.272984 0.243471 
0.241430 0.225245 0.282124 0.251201 
0.189391 0.230638 0.303043 0.276928 
0.144718 0.260650 0.314560 0.280072 
0.109413 0.301122 0.287349 0.302115 
0.134604 0.301830 0.262194 0.301372 
0.149698 0.293187 0.262471 0.294643 
0.190416 0.284611 0.280531 0.244442 
0.188290 0.287225 0.290658 0.233827 
0.196740 0.258973 0.283732 0.260555 
0.190748 0.281547 0.284945 0.242760 
0.238543 0.245889 0.266060 0.249508 
0.225980 0.228477 0.282866 0.262677 
0.225229 0.189360 0.293438 0.291974 
0.133676 0.272882 0.296759 0.296683 
0.226112 0.248525 0.288279 0.237085 
0.230507 0.258257 0.281887 0.229349 
0.224015 0.228886 0.266647 0.280452 
0.231148 0.240753 0.249079 0.279020 
0.240493 0.239811 0.240527 0.279170 
0.246338 0.238897 0.251225 0.263540 
0.226699 0.280365 0.207139 0.285798 
0.255365 0.220581 0.295638 0.228416 
0.250308 0.286447 0.217579 0.245666 
0.249874 0.223790 0.244351 0.281984 
0.247534 0.244675 0.220915 0.286876 
0.223919 0.291930 0.192405 0.291745 
0.257561 0.248393 0.246488 0.247558 
0.231196 0.285177 0.204933 0.278695 
0.217033 0.294093 0.199240 0.289634 
0.251612 0.310853 0.215502 0.222033 
0.272375 0.330740 0.222070 0.174815 
0.275518 0.264626 0.237410 0.222446 
0.256311 0.246933 0.242365 0.254391 
0.248524 0.235583 0.233200 0.282693 
0.244150 0.248819 0.239179 0.267852 
0.218233 0.282849 0.241234 0.257684 
0.239041 0.281685 0.238195 0.241079 
0.236315 0.275889 0.247733 0.240063 
0.249904 0.246408 0.242951 0.260737 
0.240344 0.281733 0.253349 0.224574 
0.233609 0.237130 0.283945 0.245317 
0.226401 0.225224 0.281637 0.266738 
0.232927 0.256796 0.281394 0.228883 
0.202904 0.283222 0.248119 0.265755 
0.208621 0.294755 0.201955 0.294668 
0.235691 0.244794 0.233290 0.286226 
0.238953 0.242725 0.230186 0.288135 
0.235144 0.286836 0.224856 0.253164 
0.215081 0.310657 0.201218 0.273044 
0.226974 0.251772 0.232908 0.288346 
0.246908 0.241323 0.259406 0.252363 
0.238067 0.232136 0.272801 0.256995 
0.240429 0.211859 0.261145 0.286567 
0.234393 0.223159 0.260661 0.281787 
0.237701 0.232547 0.243442 0.286310 
0.236423 0.207351 0.271813 0.284413 
0.254540 0.256969 0.238197 0.250294 
0.255399 0.260299 0.210595 0.273707 
0.244869 0.271759 0.193641 0.289732 
0.262758 0.282097 0.228933 0.226212 
0.239184 0.286112 0.215808 0.258896 
0.259097 0.251044 0.244563 0.245297 
0.252296 0.244554 0.228150 0.275000 
0.255465 0.278426 0.217966 0.248144 
0.263070 0.277522 0.223902 0.235505 
0.264253 0.287251 0.219889 0.228608 
0.248081 0.270087 0.270669 0.211164 
0.241556 0.221787 0.287028 0.249629 
0.263825 0.245210 0.250769 0.240197 
0.286783 0.220178 0.220650 0.272389 
0.284418 0.287403 0.190742 0.237436 
0.264929 0.236740 0.270793 0.227538 
0.284075 0.281670 0.182536 0.251720 
0.287044 0.214820 0.261092 0.237044 
0.283676 0.253850 0.240000 0.222474 
0.283047 0.262926 0.203295 0.250731 
0.287384 0.214734 0.206097 0.291785 
0.281421 0.167616 0.292958 0.258004 
0.296263 0.131135 0.297313 0.275289 
0.289280 0.178622 0.278094 0.254005 
0.288397 0.224931 0.232681 0.253991 
0.288151 0.236434 0.234792 0.240623 
0.288496 0.253688 0.226959 0.230858 
0.289962 0.280533 0.208754 0.220751 
0.299389 0.299489 0.111495 0.289627 
0.290541 0.287933 0.201994 0.219532 
0.260046 0.288288 0.169068 0.282598 
0.276445 0.282222 0.145679 0.295654 
0.290725 0.272359 0.186753 0.250162 
0.214768 0.235991 0.331909 0.217332 
0.225508 0.241696 0.328591 0.204205 
0.245846 0.232926 0.332768 0.188459 
0.239199 0.230801 0.270400 0.259600 
0.266336 0.245996 0.164903 0.322766 
0.234549 0.279464 0.244009 0.241978 
0.300093 0.253194 0.181712 0.265002 
0.308309 0.192284 0.175232 0.324175 
0.334779 0.092915 0.282323 0.289983 
0.347872 0.092692 0.306060 0.253375 
0.332100 0.134552 0.331542 0.201806 
0.320316 0.130324 0.338548 0.210812 
0.334432 0.026707 0.415091 0.223770 
0.430178 0.028283 0.341113 0.200426 
0.326711 0.021696 0.425015 0.226578 
0.382159 0.005893 0.341465 0.270483 
0.355538 0.009573 0.422519 0.212371 
0.366769 0.003907 0.344541 0.284782 
0.377434 0.003592 0.380968 0.238005 
0.346064 0.002975 0.429134 0.221828 
0.314116 0.010361 0.429736 0.245787 
0.295812 0.023783 0.378728 0.301677 
0.264927 0.057598 0.313429 0.364046 
0.207298 0.053016 0.394831 0.344855 
0.301396 0.069178 0.365027 0.264399 
0.229193 0.131070 0.342755 0.296982 
0.227215 0.186349 0.309717 0.276720 
0.112715 0.237810 0.335094 0.314381 
0.036754 0.255826 0.387983 0.319437 
0.030090 0.310273 0.305682 0.353954 
0.222344 0.246807 0.299526 0.231323 
0.212893 0.255339 0.245780 0.285988 
0.240282 0.229266 0.220436 0.310016 
0.263835 0.236734 0.252507 0.246924 
0.244606 0.220752 0.236125 0.298517 
0.244088 0.149990 0.241447 0.364474 
0.176994 0.170824 0.299420 0.352763 
0.285067 0.115017 0.251420 0.348496 
0.267174 0.123551 0.262913 0.346363 
0.303671 0.075377 0.263017 0.357935 
0.282672 0.083072 0.273246 0.361009 
0.225219 0.085772 0.327409 0.361600 
0.280935 0.094725 0.270387 0.353953 
0.221446 0.140199 0.345190 0.293165 
0.279131 0.137385 0.210155 0.373328 
0.290019 0.152115 0.240344 0.317521 
0.336097 0.120417 0.270716 0.272770 
0.323318 0.106498 0.385200 0.184985 
0.280813 0.187970 0.176481 0.354736 
0.262495 0.199701 0.214309 0.323494 
0.234807 0.248889 0.198213 0.318091 
0.284853 0.208358 0.186658 0.320130 
0.189614 0.164024 0.296044 0.350318 
0.229383 0.199453 0.327947 0.243218 
0.266628 0.245873 0.329409 0.158090 
0.120061 0.224404 0.325376 0.330159 
0.192739 0.296096 0.299468 0.211696 
0.232670 0.294889 0.294588 0.177854 
0.138058 0.276705 0.293353 0.291884 
0.202574 0.279088 0.285018 0.233320 
0.261735 0.267797 0.263412 0.207057 
0.255600 0.245129 0.283058 0.216213 
0.249513 0.223335 0.288429 0.238723 
0.238150 0.252727 0.287411 0.221713 
0.261169 0.227136 0.269336 0.242359 
0.261079 0.268622 0.276419 0.193880 
0.258882 0.220572 0.283708 0.236839 
0.263528 0.215306 0.287899 0.233266 
0.251439 0.210605 0.280328 0.257628 
0.266897 0.194590 0.289527 0.248986 
0.268213 0.265359 0.278500 0.187929 
0.273688 0.252486 0.289690 0.184136 
0.291186 0.190706 0.282313 0.235796 
0.322705 0.090490 0.255535 0.331270 
0.306788 0.214986 0.284070 0.194156 
0.326835 0.232994 0.244109 0.196062 
0.312419 0.212567 0.278129 0.196885 
0.316560 0.088034 0.280486 0.314920 
0.337495 0.077110 0.249443 0.335952 
0.326582 0.165136 0.216861 0.291421 
0.330340 0.163482 0.217345 0.288833 
0.352478 0.120567 0.190717 0.336238 
0.416230 0.046975 0.185399 0.351396 
0.444841 0.033540 0.249906 0.271714 
0.419942 0.022901 0.182660 0.374497 
0.474475 0.035392 0.151100 0.339032 
0.553981 0.055364 0.173092 0.217563 
0.548740 0.049162 0.166588 0.235510 
0.467310 0.076152 0.210028 0.246510 
0.356212 0.164245 0.242197 0.237346 
0.332192 0.174921 0.224329 0.268558 
0.372392 0.126267 0.319455 0.181886 
0.270887 0.192198 0.299938 0.236977 
0.230455 0.172427 0.308114 0.289003 
0.201182 0.203963 0.285001 0.309855 
0.215717 0.226953 0.284357 0.272973 
0.224147 0.198578 0.290890 0.286385 
0.272336 0.205925 0.277721 0.244018 
0.251447 0.224664 0.286757 0.237132 
0.231928 0.227257 0.252470 0.288346 
0.263536 0.179323 0.220403 0.336737 
0.274867 0.207472 0.227888 0.289773 
0.368308 0.175100 0.135928 0.320664 
0.271093 0.247998 0.225976 0.254933 
0.263681 0.272417 0.065056 0.398846 
0.220525 0.214594 0.243004 0.321877 
0.283005 0.209635 0.126737 0.380622 
0.276077 0.279893 0.098688 0.345342 
0.248895 0.244224 0.214893 0.291988 
0.241937 0.227823 0.255761 0.274478 
0.221848 0.206539 0.242886 0.328727 
0.239637 0.240330 0.233157 0.286877 
0.244869 0.252679 0.255784 0.246667 
0.254242 0.248711 0.245289 0.251758 
0.241907 0.243474 0.233345 0.281274 
0.250874 0.237094 0.225345 0.286687 
0.261873 0.229759 0.224072 0.284296 
0.243225 0.252686 0.233291 0.270798 
0.288707 0.196570 0.283309 0.231414 
0.283952 0.233340 0.251700 0.231009 
0.280210 0.235238 0.283445 0.201107 
0.284633 0.265976 0.223040 0.226351 
0.279663 0.245760 0.236127 0.238450 
0.257054 0.226603 0.285219 0.231124 
0.250801 0.160923 0.294238 0.294038 
0.209543 0.201915 0.272535 0.316007 
0.265201 0.152698 0.321586 0.260515 
0.253972 0.168005 0.326015 0.252009 
0.274005 0.185929 0.344149 0.195917 
0.309248 0.112621 0.277353 0.300778 
0.263465 0.191029 0.226036 0.319470 
0.291399 0.138681 0.269363 0.300557 
0.363456 0.072828 0.342604 0.221112 
0.391323 0.139796 0.264657 0.204225 
0.254975 0.160430 0.269356 0.315239 
0.253618 0.214923 0.207881 0.323578 
0.269634 0.245029 0.234791 0.250545 
0.280910 0.218814 0.273379 0.226897 
0.282732 0.228911 0.234628 0.253729 
0.263279 0.240189 0.247414 0.249118 
0.247227 0.235114 0.288296 0.229363 
0.262138 0.225916 0.284753 0.227193 
0.265926 0.215357 0.281903 0.236814 
0.252940 0.247571 0.244105 0.255385 
0.231762 0.249381 0.287570 0.231286 
0.220961 0.236640 0.256409 0.285990 
0.225339 0.206974 0.289381 0.278306 
0.213293 0.192496 0.310717 0.283494 
0.244600 0.154250 0.301288 0.299862 
0.223053 0.212298 0.278437 0.286212 
0.256269 0.237673 0.231997 0.274062 
0.257154 0.168019 0.291578 0.283249 
0.302095 0.219901 0.200164 0.277840 
0.268487 0.156660 0.282231 0.292622 
0.223060 0.232175 0.261065 0.283701 
0.220426 0.243621 0.250964 0.284989 
0.217810 0.259234 0.184254 0.338701 
0.241774 0.222692 0.275250 0.260284 
0.266621 0.272753 0.109790 0.350835 
0.271413 0.270808 0.146233 0.311546 
0.269355 0.311936 0.094136 0.324573 
0.278959 0.303295 0.044012 0.373733 
0.304198 0.246381 0.032216 0.417206 
0.449140 0.177892 0.013128 0.359840 
0.283550 0.263544 0.044380 0.408526 
0.238386 0.277008 0.092079 0.392527 
0.312351 0.138974 0.239982 0.308692 
0.258453 0.197927 0.195531 0.348089 
0.203397 0.247080 0.274218 0.275305 
0.246908 0.248357 0.219313 0.285422 
0.288459 0.227140 0.252272 0.232128 
0.212420 0.242452 0.273535 0.271593 
0.248286 0.262484 0.249181 0.240049 
0.218971 0.225672 0.269319 0.286038 
0.226932 0.226098 0.326638 0.220331 
0.302650 0.210757 0.230029 0.256563 
0.314611 0.256127 0.248610 0.180653 
0.330935 0.255790 0.256161 0.157114 
0.322386 0.333528 0.238397 0.105690 
0.280692 0.242534 0.197118 0.279655 
0.288424 0.269179 0.212296 0.230101 
0.215947 0.282727 0.269994 0.231332 
0.236722 0.281922 0.220933 0.260422 
0.225349 0.246886 0.278577 0.249188 
0.226164 0.234007 0.278356 0.261473 
0.241320 0.264114 0.242247 0.252319 
0.238452 0.274306 0.237785 0.249457 
0.229385 0.270685 0.242873 0.257058 
0.283270 0.282421 0.194146 0.240163 
0.290690 0.278873 0.188607 0.241830 
0.289493 0.286763 0.299289 0.124455 
0.290469 0.291215 0.190812 0.227503 
0.293304 0.283049 0.150584 0.273064 
0.109854 0.292405 0.298432 0.299309 
0.194399 0.293270 0.229603 0.282729 
0.126059 0.289761 0.301544 0.282636 
0.091792 0.305213 0.297357 0.305639 
0.193400 0.292325 0.239243 0.275033 
0.192981 0.320088 0.237394 0.249537 
0.278171 0.243485 0.201305 0.277039 
0.232596 0.294855 0.193122 0.279427 
0.266446 0.289634 0.153117 0.290803 
0.174971 0.273876 0.260165 0.290988 
0.199945 0.278331 0.267211 0.254513 
0.131371 0.289668 0.292890 0.286072 
0.231012 0.277747 0.250047 0.241194 
0.221314 0.273268 0.224552 0.280866 
0.187985 0.293842 0.229639 0.288534 
0.242068 0.294122 0.170210 0.293599 
0.231008 0.279538 0.199480 0.289973 
0.270972 0.300899 0.148267 0.279862 
0.321345 0.312312 0.082917 0.283426 
0.228432 0.233765 0.250624 0.287178 
0.130825 0.275929 0.294989 0.298256 
0.133439 0.270562 0.297640 0.298359 
0.151811 0.249283 0.290397 0.308509 
0.282429 0.125834 0.295726 0.296011 
0.314292 0.072475 0.297124 0.316109 
0.259874 0.184904 0.259283 0.295939 
0.169637 0.249199 0.264871 0.316293 
0.159818 0.294130 0.191855 0.354197 
0.285466 0.203635 0.220985 0.289914 
0.286292 0.174041 0.280249 0.259419 
0.295690 0.136172 0.273854 0.294283 
0.200026 0.257054 0.270860 0.272060 
0.273520 0.230465 0.210585 0.285430 
0.253782 0.294566 0.292817 0.158835 
0.270955 0.305721 0.255631 0.167693 
0.283203 0.305751 0.225035 0.186011 
0.238836 0.279210 0.230641 0.251313 
0.281625 0.300145 0.224547 0.193683 
0.238650 0.281578 0.234811 0.244961 
0.233082 0.282395 0.275227 0.209295 
0.302269 0.281137 0.298450 0.118143 
0.245783 0.267260 0.279370 0.207587 
0.235875 0.278019 0.250504 0.235602 
0.209284 0.247100 0.279114 0.264501 
0.239976 0.273905 0.247610 0.238509 
0.289633 0.275636 0.231481 0.203250 
0.208583 0.278151 0.262382 0.250884 
0.207325 0.275165 0.266221 0.251289 
0.237975 0.268751 0.250331 0.242943 
0.252356 0.270538 0.244157 0.232949 
0.255316 0.261687 0.272935 0.210062 
0.290937 0.242141 0.281990 0.184932 
0.194403 0.278103 0.290272 0.237221 
0.243169 0.230684 0.257571 0.268576 
0.285629 0.261620 0.292400 0.160351 
0.185552 0.290399 0.287279 0.236769 
0.112693 0.286687 0.291799 0.308821 
0.172508 0.287854 0.247095 0.292543 
0.144025 0.307641 0.256062 0.292271 
0.065045 0.362348 0.202409 0.370198 
0.106564 0.357923 0.192783 0.342730 
0.027477 0.344904 0.260297 0.367321 
0.295200 0.325722 0.220610 0.158468 
0.269954 0.288534 0.242444 0.199068 
0.291325 0.223374 0.292869 0.192432 
0.284543 0.298615 0.158395 0.258447 
0.240254 0.325041 0.289137 0.145568 
0.258998 0.324151 0.138469 0.278382 
0.263129 0.319493 0.277102 0.140277 
0.302176 0.308682 0.307870 0.081272 
0.300673 0.292138 0.253672 0.153518 
0.277975 0.286583 0.204905 0.230537 
0.220788 0.286777 0.240216 0.252219 
0.165769 0.291569 0.290404 0.252257 
0.125929 0.295745 0.303848 0.274478 
