0.251237 0.244909 0.251716 0.252137 
0.263035 0.248942 0.250428 0.237595 
0.287608 0.205462 0.255580 0.251349 
0.305734 0.234190 0.301640 0.158436 
0.330339 0.218346 0.287643 0.163672 
0.350409 0.328223 0.316001 0.005366 
0.355991 0.331992 0.311978 0.000039 
0.353518 0.322244 0.324238 0.000000 
0.354548 0.326171 0.319281 0.000000 
0.347708 0.326843 0.325449 0.000000 
0.346245 0.322153 0.331602 0.000000 
0.355635 0.335478 0.308887 0.000000 
0.349920 0.331759 0.318321 0.000000 
0.347330 0.316450 0.336220 0.000000 
0.353872 0.318239 0.327889 0.000000 
0.343204 0.322806 0.333991 0.000000 
0.348580 0.331267 0.320154 0.000000 
0.354234 0.333126 0.312639 0.000000 
0.369590 0.346780 0.283630 0.000000 
0.366084 0.342527 0.291389 0.000000 
0.370542 0.354227 0.275231 0.000000 
0.382724 0.372186 0.245086 0.000005 
0.377017 0.372013 0.250967 0.000003 
0.368962 0.368446 0.262592 0.000000 
0.367916 0.366657 0.265428 0.000000 
0.374211 0.372418 0.253372 0.000000 
0.392079 0.391958 0.215946 0.000017 
0.373456 0.373503 0.253041 0.000000 
0.379603 0.379650 0.240742 0.000005 
0.384662 0.384824 0.230472 0.000041 
0.398309 0.397897 0.203603 0.000191 
0.412345 0.412627 0.173155 0.001873 
0.413993 0.414196 0.168805 0.003006 
0.419558 0.419628 0.150753 0.010061 
0.421132 0.421074 0.141653 0.016141 
0.412069 0.412118 0.166010 0.009803 
0.418542 0.418457 0.141456 0.021545 
0.419219 0.417390 0.151685 0.011706 
0.414286 0.412428 0.169033 0.004253 
0.404705 0.402699 0.191975 0.000622 
0.396872 0.391091 0.211854 0.000182 
0.406614 0.401862 0.190535 0.000990 
0.420256 0.417845 0.146411 0.015488 
0.425228 0.423269 0.104728 0.046775 
0.426798 0.425365 0.062748 0.085089 
0.425790 0.424619 0.100726 0.048864 
0.425460 0.424061 0.054894 0.095584 
0.410139 0.405843 0.002523 0.181496 
0.416663 0.411630 0.011437 0.160270 
0.424083 0.420139 0.076813 0.078964 
0.422118 0.417730 0.043006 0.117146 
0.422664 0.417170 0.075531 0.084635 
0.419613 0.410301 0.109335 0.060751 
0.422445 0.416397 0.047597 0.113561 
0.422522 0.416906 0.059735 0.100837 
0.421597 0.413616 0.072546 0.092241 
0.419038 0.409956 0.119502 0.051504 
0.416027 0.407468 0.165320 0.011185 
0.425682 0.423296 0.087309 0.063713 
0.421244 0.416782 0.112709 0.049264 
0.426646 0.424438 0.073723 0.075193 
0.426051 0.423895 0.075364 0.074689 
0.421364 0.416104 0.111713 0.050819 
0.413354 0.399930 0.179265 0.007451 
0.413685 0.400674 0.011323 0.174319 
0.413763 0.402888 0.006940 0.176410 
0.378888 0.350224 0.000000 0.270888 
0.404883 0.392811 0.000547 0.201759 
0.400656 0.389565 0.000175 0.209603 
0.408151 0.404573 0.002496 0.184780 
0.419284 0.415257 0.081615 0.083843 
0.418318 0.415116 0.155949 0.010617 
0.423854 0.419477 0.069787 0.086882 
0.425634 0.422528 0.084050 0.067788 
0.419403 0.412448 0.145682 0.022466 
0.421656 0.418138 0.110526 0.049680 
0.406914 0.398022 0.193699 0.001364 
0.405342 0.393631 0.197943 0.003084 
0.410681 0.398054 0.126170 0.065095 
0.418965 0.404857 0.129720 0.046459 
0.418622 0.402105 0.062553 0.116720 
0.415958 0.388763 0.111769 0.083510 
0.417857 0.395267 0.108325 0.078550 
0.416370 0.383767 0.099138 0.100725 
0.417360 0.392564 0.077427 0.112649 
0.410039 0.380843 0.200425 0.008692 
0.415711 0.390192 0.146575 0.047522 
0.413319 0.373095 0.045703 0.167882 
0.411793 0.368877 0.199909 0.019421 
0.414523 0.372272 0.124025 0.089180 
0.411962 0.364158 0.024233 0.199646 
0.415742 0.379766 0.092263 0.112229 
0.413340 0.359015 0.090952 0.136693 
0.412267 0.364204 0.043127 0.180402 
0.414736 0.369288 0.103794 0.112182 
0.415204 0.375046 0.092367 0.117383 
0.414879 0.371964 0.096211 0.116946 
0.413456 0.359697 0.088945 0.137902 
0.415054 0.372691 0.105538 0.106717 
0.414095 0.371558 0.071231 0.143116 
0.414573 0.373819 0.073654 0.137954 
0.415537 0.381380 0.106257 0.096826 
0.415417 0.381269 0.123519 0.079794 
0.414519 0.379102 0.154858 0.051521 
0.413710 0.377055 0.169242 0.039994 
0.413663 0.377187 0.080916 0.128234 
0.411527 0.375494 0.198596 0.014382 
0.413262 0.380924 0.080517 0.125297 
0.409095 0.374372 0.011724 0.204809 
0.408430 0.375867 0.029368 0.186335 
0.403083 0.366352 0.227798 0.002767 
0.414841 0.391575 0.133222 0.060363 
0.416490 0.396660 0.101810 0.085040 
0.415677 0.393408 0.071577 0.119339 
0.416176 0.398949 0.098237 0.086638 
0.404979 0.375238 0.004436 0.215348 
0.412430 0.396717 0.024807 0.166045 
0.412638 0.392486 0.157503 0.037373 
0.414652 0.393698 0.160549 0.031101 
0.415090 0.394997 0.096774 0.093138 
0.410575 0.384763 0.167905 0.036757 
0.410303 0.382596 0.149927 0.057174 
0.411527 0.382940 0.138344 0.067189 
0.403434 0.373252 0.064029 0.159285 
0.410186 0.384858 0.102181 0.102774 
0.410703 0.384514 0.104662 0.100121 
0.412216 0.386956 0.096624 0.104203 
0.408669 0.384933 0.115275 0.091123 
0.409537 0.384723 0.097535 0.108205 
0.410505 0.382102 0.075963 0.131430 
0.411705 0.382147 0.132652 0.073497 
0.412488 0.384576 0.108318 0.094617 
0.412586 0.383336 0.113315 0.090763 
0.409683 0.379688 0.172212 0.038417 
0.409634 0.382253 0.131546 0.076567 
0.404275 0.364174 0.212579 0.018972 
0.390130 0.339597 0.269662 0.000612 
0.386750 0.327279 0.034933 0.251039 
0.394278 0.353125 0.002603 0.249994 
0.401181 0.378514 0.125221 0.095084 
0.386607 0.368317 0.227547 0.017529 
0.399395 0.381809 0.107246 0.111550 
0.398768 0.371730 0.160112 0.069391 
0.398933 0.364416 0.039352 0.197298 
0.401253 0.361118 0.209846 0.027783 
0.400785 0.363066 0.189734 0.046414 
0.400690 0.367269 0.075427 0.156614 
0.396141 0.364555 0.062553 0.176751 
0.397764 0.360074 0.025212 0.216950 
0.397662 0.368587 0.160264 0.073486 
0.399023 0.369834 0.089409 0.141734 
0.401870 0.368543 0.120614 0.108973 
0.400914 0.358519 0.154269 0.086298 
0.400850 0.358573 0.146633 0.093943 
0.393456 0.364636 0.123110 0.118798 
0.387310 0.362429 0.174689 0.075571 
0.382158 0.359940 0.212732 0.045169 
0.372224 0.347311 0.266996 0.013469 
0.369976 0.352988 0.252582 0.024453 
0.376769 0.354734 0.081197 0.187300 
0.380691 0.359193 0.210512 0.049605 
0.374101 0.361141 0.164736 0.100022 
0.374435 0.361919 0.104642 0.159004 
0.358710 0.358257 0.238606 0.044427 
0.370630 0.357289 0.096918 0.175164 
0.372656 0.358531 0.081330 0.187483 
0.374820 0.354673 0.076358 0.194148 
0.368585 0.347947 0.257118 0.026350 
0.373718 0.360733 0.129039 0.136510 
0.353834 0.344898 0.068933 0.232335 
0.343076 0.317004 0.310487 0.029432 
0.277175 0.220671 0.246740 0.255414 
0.338245 0.349414 0.170099 0.142242 
0.213750 0.311872 0.227354 0.247023 
0.279065 0.334152 0.254465 0.132317 
0.158232 0.321041 0.331902 0.188824 
0.221621 0.345041 0.327778 0.105561 
0.133513 0.336685 0.343032 0.186771 
0.210797 0.351935 0.209995 0.227272 
0.157157 0.345248 0.187021 0.310573 
0.180800 0.339945 0.192431 0.286825 
0.219479 0.346797 0.219768 0.213956 
0.269448 0.335572 0.199851 0.195129 
0.243957 0.342198 0.223184 0.190660 
0.305800 0.327487 0.246547 0.120166 
0.250385 0.334895 0.208156 0.206564 
0.291384 0.328993 0.270496 0.109127 
0.154975 0.305498 0.280451 0.259075 
0.188768 0.298971 0.225450 0.286810 
0.229747 0.321640 0.168417 0.280196 
0.286909 0.328925 0.208760 0.175405 
0.290430 0.305367 0.155377 0.248826 
0.330618 0.298692 0.223858 0.146832 
0.271613 0.314526 0.292136 0.121725 
0.268687 0.320318 0.317811 0.093184 
0.261659 0.323444 0.164447 0.250450 
0.273374 0.323750 0.116382 0.286494 
0.231107 0.329685 0.139279 0.299929 
0.211635 0.343557 0.223428 0.221380 
0.201744 0.339421 0.332669 0.126166 
0.342722 0.337577 0.211502 0.108200 
0.168974 0.347257 0.309098 0.174671 
0.124368 0.322092 0.370007 0.183533 
0.214290 0.353379 0.217188 0.215144 
0.218695 0.356878 0.210313 0.214115 
0.204274 0.351529 0.246622 0.197574 
0.164393 0.349807 0.197827 0.287972 
0.125626 0.344650 0.254240 0.275484 
0.228420 0.344642 0.156876 0.270061 
0.210053 0.348648 0.212019 0.229280 
0.268421 0.339501 0.218989 0.173089 
0.335915 0.332627 0.197812 0.133646 
0.351009 0.321089 0.145043 0.182859 
0.174726 0.326497 0.321546 0.177232 
0.206734 0.333698 0.237725 0.221843 
0.159285 0.338474 0.323247 0.178995 
0.125669 0.340182 0.330899 0.203250 
0.203754 0.337098 0.268423 0.190725 
0.079620 0.328690 0.291290 0.300400 
0.046940 0.320310 0.327659 0.305091 
0.024694 0.316052 0.349032 0.310221 
0.020285 0.297996 0.355149 0.326570 
0.040954 0.301375 0.351307 0.306364 
0.038450 0.311991 0.336247 0.313311 
0.017702 0.327966 0.322311 0.332021 
0.022126 0.320613 0.332209 0.325053 
0.031127 0.286894 0.364854 0.317125 
0.055607 0.277472 0.334080 0.332841 
0.047394 0.287129 0.333452 0.332025 
0.128371 0.280701 0.314644 0.276284 
0.190857 0.300668 0.250624 0.257850 
0.153511 0.318286 0.340292 0.187911 
0.250534 0.281666 0.339402 0.128398 
0.323496 0.311229 0.253928 0.111348 
0.326286 0.333612 0.309288 0.030814 
0.322164 0.332688 0.294150 0.050997 
0.307524 0.340522 0.177298 0.174656 
0.262725 0.337579 0.264691 0.135005 
0.190597 0.342702 0.296498 0.170203 
0.259062 0.319301 0.328233 0.093404 
0.228846 0.346818 0.207914 0.216422 
0.216901 0.327689 0.343533 0.111877 
0.277431 0.303518 0.204390 0.214661 
0.139757 0.294782 0.310238 0.255224 
0.122376 0.267998 0.321097 0.288529 
0.311327 0.255803 0.263544 0.169326 
0.379110 0.257649 0.202104 0.161136 
0.352469 0.257462 0.182080 0.207990 
0.334721 0.259680 0.246887 0.158712 
0.238869 0.278673 0.298884 0.183574 
0.197708 0.307594 0.295367 0.199331 
0.170110 0.286764 0.369959 0.173166 
0.250959 0.282250 0.293470 0.173320 
0.334165 0.271331 0.169576 0.224928 
0.331302 0.276702 0.142393 0.249603 
0.348388 0.253766 0.176321 0.221526 
0.153889 0.263589 0.296215 0.286307 
0.167525 0.273938 0.296885 0.261653 
0.191405 0.221872 0.312430 0.274292 
0.167076 0.270651 0.262159 0.300114 
0.187876 0.207878 0.301797 0.302449 
0.225685 0.265995 0.220401 0.287919 
0.284660 0.274704 0.209959 0.230677 
0.196133 0.234812 0.368975 0.200081 
0.210076 0.222919 0.371705 0.195299 
0.241197 0.257977 0.244315 0.256510 
0.280341 0.162374 0.291995 0.265291 
0.243470 0.221850 0.324821 0.209858 
0.241847 0.231222 0.313388 0.213544 
0.333977 0.179159 0.254073 0.232791 
0.271054 0.199609 0.196947 0.332391 
0.236750 0.188793 0.236629 0.337827 
0.196953 0.232055 0.233414 0.337578 
0.170680 0.220839 0.302129 0.306352 
0.136908 0.234096 0.330106 0.298890 
0.192774 0.264573 0.290303 0.252351 
0.198749 0.281614 0.252874 0.266762 
0.258576 0.287853 0.223595 0.229976 
0.210430 0.278610 0.207766 0.303194 
0.178292 0.256549 0.267155 0.298004 
0.200495 0.280847 0.266712 0.251947 
0.136844 0.238453 0.347073 0.277630 
0.269595 0.192691 0.295307 0.242407 
0.195079 0.254846 0.351855 0.198219 
0.297683 0.221260 0.348259 0.132797 
0.332948 0.154784 0.353887 0.158381 
0.363096 0.105487 0.332349 0.199067 
0.352557 0.276812 0.071613 0.299017 
0.345798 0.309664 0.115918 0.228620 
0.359108 0.314775 0.131058 0.195059 
0.343510 0.302487 0.170034 0.183969 
0.198218 0.326957 0.291716 0.183108 
0.223932 0.325987 0.239622 0.210460 
0.331557 0.318491 0.198890 0.151062 
0.223183 0.314853 0.318218 0.143746 
0.286718 0.326319 0.202075 0.184887 
0.333793 0.327320 0.177847 0.161040 
0.337312 0.329889 0.182629 0.150170 
0.296521 0.329272 0.132531 0.241676 
0.238341 0.332385 0.137444 0.291830 
0.194166 0.323374 0.150802 0.331658 
0.161858 0.311567 0.198180 0.328394 
0.306163 0.263855 0.120856 0.309126 
0.189508 0.227301 0.262506 0.320686 
0.187252 0.283433 0.202655 0.326661 
0.329916 0.228305 0.150856 0.290924 
0.226603 0.186444 0.332067 0.254886 
0.137058 0.312744 0.293091 0.257108 
0.155445 0.339490 0.250320 0.254744 
0.300123 0.331276 0.129159 0.239443 
0.170555 0.358710 0.227726 0.243010 
0.229100 0.339402 0.184945 0.246553 
0.202458 0.353733 0.203697 0.240111 
0.154472 0.360461 0.285281 0.199785 
0.150204 0.357742 0.261582 0.230471 
0.261919 0.272152 0.197290 0.268639 
0.222927 0.285349 0.222358 0.269366 
0.305237 0.243877 0.207885 0.243001 
0.290900 0.275992 0.198575 0.234533 
0.300701 0.199033 0.301734 0.198531 
0.352059 0.142354 0.350578 0.155009 
0.338990 0.170043 0.294997 0.195969 
0.367776 0.173505 0.242350 0.216368 
0.263053 0.218197 0.284525 0.234225 
0.299181 0.180554 0.272333 0.247932 
0.259223 0.271043 0.202825 0.266909 
0.241652 0.204600 0.307732 0.246016 
0.206470 0.206124 0.344655 0.242751 
0.255939 0.202802 0.322106 0.219154 
0.244656 0.229622 0.261395 0.264328 
0.308959 0.180997 0.288393 0.221651 
0.369602 0.201044 0.208425 0.220929 
0.400813 0.215021 0.180191 0.203976 
0.338281 0.272321 0.241493 0.147905 
0.308747 0.247223 0.232959 0.211071 
0.176726 0.250131 0.312446 0.260697 
0.279581 0.166864 0.325702 0.227853 
0.214708 0.305080 0.296192 0.184020 
0.159303 0.268536 0.345393 0.226768 
0.115066 0.339371 0.334370 0.211193 
0.092116 0.356536 0.330070 0.221278 
0.164776 0.367593 0.244996 0.222636 
0.111165 0.382664 0.276392 0.229778 
0.141536 0.400733 0.196440 0.261290 
0.177515 0.393272 0.152984 0.276230 
0.251262 0.371463 0.133603 0.243672 
0.118710 0.352751 0.245133 0.283406 
0.252447 0.360671 0.129214 0.257667 
0.159568 0.390697 0.155194 0.294541 
0.193972 0.384916 0.136466 0.284646 
0.231712 0.391445 0.072590 0.304252 
0.290894 0.404152 0.017151 0.287804 
0.307300 0.385905 0.011136 0.295658 
0.336586 0.371495 0.013723 0.278195 
0.372087 0.373034 0.029803 0.225076 
0.357874 0.389698 0.015161 0.237266 
0.357375 0.404803 0.011009 0.226812 
0.364926 0.369723 0.006498 0.258853 
0.366109 0.347447 0.017978 0.268466 
0.359126 0.290046 0.054681 0.296148 
0.351015 0.307171 0.022410 0.319404 
0.345288 0.336362 0.004496 0.313854 
0.351731 0.325380 0.004835 0.318054 
0.373712 0.329830 0.008790 0.287668 
0.359852 0.340991 0.009460 0.289697 
0.357761 0.349472 0.061088 0.231678 
0.322117 0.354886 0.012958 0.310039 
0.294008 0.375614 0.017262 0.313116 
0.240427 0.383094 0.055655 0.320824 
0.174124 0.396659 0.115095 0.314122 
0.208517 0.394305 0.064672 0.332506 
0.213025 0.398383 0.064244 0.324348 
0.138806 0.394280 0.135496 0.331419 
0.249464 0.399525 0.030961 0.320050 
0.262926 0.399278 0.024693 0.313103 
0.293089 0.403560 0.001558 0.301792 
0.297713 0.396410 0.000335 0.305542 
0.316851 0.357454 0.000223 0.325472 
0.317199 0.379681 0.000110 0.303010 
0.341157 0.330864 0.000336 0.327643 
0.377416 0.288979 0.000811 0.332794 
0.367330 0.279537 0.004309 0.348824 
0.372161 0.166372 0.089899 0.371568 
0.358133 0.228988 0.039826 0.373053 
0.187575 0.104041 0.327636 0.380748 
0.254251 0.035021 0.344012 0.366716 
0.308315 0.016778 0.320509 0.354398 
0.257011 0.033382 0.341006 0.368602 
0.233062 0.049799 0.337974 0.379165 
0.241827 0.041778 0.344000 0.372395 
0.312931 0.010371 0.302936 0.373762 
0.295762 0.109628 0.208022 0.386588 
0.260485 0.230418 0.122457 0.386641 
0.330296 0.108460 0.183722 0.377522 
0.335147 0.198600 0.091661 0.374593 
0.250689 0.234309 0.131997 0.383004 
0.321232 0.117097 0.185494 0.376177 
0.325586 0.239116 0.064719 0.370579 
0.348155 0.146042 0.132955 0.372847 
0.294863 0.041954 0.296970 0.366213 
0.337635 0.114802 0.179068 0.368495 
0.300559 0.182002 0.144098 0.373341 
0.296175 0.084919 0.244561 0.374344 
0.317418 0.129180 0.179895 0.373507 
0.315277 0.172230 0.140314 0.372179 
0.306137 0.159852 0.159697 0.374314 
0.348265 0.267231 0.038331 0.346172 
0.319713 0.101090 0.204562 0.374635 
0.313381 0.148304 0.157628 0.380688 
0.224575 0.193813 0.191602 0.390010 
0.220437 0.166119 0.220574 0.392869 
0.165081 0.185741 0.253718 0.395460 
0.185524 0.179890 0.239783 0.394803 
0.245055 0.162728 0.197655 0.394563 
0.276846 0.129323 0.199074 0.394757 
0.341715 0.135141 0.137214 0.385930 
0.325062 0.126596 0.156668 0.391674 
0.327803 0.142140 0.141948 0.388109 
0.255204 0.181055 0.181068 0.382674 
0.209996 0.217979 0.191131 0.380894 
0.211040 0.213721 0.199447 0.375792 
0.158447 0.324193 0.152307 0.365053 
0.277469 0.310529 0.054520 0.357482 
0.195479 0.234906 0.197558 0.372057 
0.117463 0.309139 0.205318 0.368080 
0.309160 0.135401 0.192465 0.362975 
0.251596 0.325576 0.072064 0.350764 
0.241952 0.192223 0.198040 0.367786 
0.208419 0.217016 0.209514 0.365051 
0.317986 0.154901 0.185476 0.341636 
0.336814 0.162423 0.156566 0.344197 
0.329656 0.135474 0.185198 0.349672 
0.333610 0.230208 0.089979 0.346203 
0.272955 0.181655 0.179583 0.365807 
0.316850 0.225136 0.095901 0.362113 
0.355873 0.145739 0.150213 0.348175 
0.366653 0.294125 0.032923 0.306299 
0.347722 0.270339 0.070962 0.310977 
0.364088 0.204337 0.115271 0.316304 
0.377632 0.178223 0.122776 0.321370 
0.368819 0.156361 0.144838 0.329981 
0.344769 0.151956 0.166329 0.336945 
0.361267 0.166261 0.140707 0.331765 
0.371000 0.126795 0.176286 0.325918 
0.352826 0.107858 0.207589 0.331727 
0.359851 0.153400 0.147078 0.339671 
0.348599 0.215850 0.086288 0.349263 
0.274041 0.255132 0.115460 0.355367 
0.251642 0.224415 0.162958 0.360985 
0.295521 0.201965 0.136601 0.365912 
0.158006 0.312507 0.171802 0.357686 
0.337914 0.121514 0.185472 0.355100 
0.296383 0.155828 0.191575 0.356215 
0.291971 0.283517 0.069917 0.354594 
0.268594 0.181903 0.190094 0.359408 
0.166173 0.257950 0.221072 0.354805 
0.185561 0.343528 0.133174 0.337736 
0.225690 0.300707 0.139156 0.334447 
0.300726 0.170715 0.181947 0.346612 
0.336941 0.103003 0.221677 0.338379 
0.346982 0.055371 0.257149 0.340498 
0.345391 0.044631 0.269643 0.340334 
0.366405 0.085925 0.220288 0.327382 
0.174848 0.293939 0.196148 0.335066 
0.160260 0.300954 0.212779 0.326007 
0.211442 0.216649 0.226198 0.345711 
0.314019 0.159034 0.208931 0.318015 
0.352040 0.080672 0.257286 0.310002 
0.168914 0.189454 0.307101 0.334532 
0.303245 0.074710 0.315071 0.306973 
0.331708 0.103541 0.253753 0.310998 
0.312569 0.146335 0.250377 0.290720 
0.235469 0.213975 0.219572 0.330984 
0.264067 0.201039 0.186224 0.348671 
0.285579 0.191457 0.182430 0.340534 
0.213054 0.223869 0.218989 0.344088 
0.188347 0.256353 0.202188 0.353113 
0.264368 0.146608 0.250612 0.338413 
0.294845 0.195163 0.157519 0.352473 
0.207444 0.228457 0.207134 0.356965 
0.224137 0.216254 0.204691 0.354918 
0.321655 0.118037 0.234198 0.326110 
0.357903 0.129902 0.204303 0.307892 
0.316057 0.181895 0.175918 0.326131 
0.260864 0.181456 0.205504 0.352176 
0.330607 0.162906 0.170257 0.336231 
0.285626 0.180278 0.182247 0.351849 
0.288902 0.178762 0.183309 0.349027 
0.165519 0.238871 0.237272 0.358338 
0.119970 0.303911 0.221565 0.354554 
0.169226 0.195711 0.282199 0.352863 
0.305565 0.132309 0.219176 0.342950 
0.222783 0.141152 0.290496 0.345569 
0.320800 0.148887 0.192397 0.337915 
0.240953 0.184330 0.243704 0.331012 
0.199466 0.272680 0.202918 0.324937 
0.150742 0.287259 0.230513 0.331486 
0.192269 0.306808 0.183710 0.317213 
0.167738 0.317475 0.193951 0.320835 
0.254530 0.199714 0.214099 0.331657 
0.240597 0.210056 0.227431 0.321917 
0.145910 0.368578 0.175983 0.309529 
0.143397 0.366588 0.165639 0.324377 
0.261476 0.293383 0.127964 0.317177 
0.126699 0.317638 0.215651 0.340012 
0.179986 0.340025 0.175762 0.304227 
0.145003 0.325707 0.212810 0.316480 
0.183721 0.336097 0.150185 0.329997 
0.276301 0.321509 0.059854 0.342336 
0.235369 0.350140 0.055942 0.358549 
0.120945 0.363384 0.172603 0.343067 
0.316186 0.336262 0.017257 0.330294 
0.148893 0.331269 0.162317 0.357521 
0.262105 0.241668 0.143303 0.352924 
0.295838 0.341631 0.087062 0.275469 
0.324939 0.226526 0.096459 0.352076 
0.293252 0.215692 0.172292 0.318764 
0.350609 0.158871 0.176025 0.314495 
0.323578 0.300443 0.118200 0.257780 
0.272675 0.374282 0.173485 0.179557 
0.239382 0.312635 0.213400 0.234583 
0.245047 0.243624 0.255131 0.256198 
0.302590 0.226712 0.242033 0.228665 
0.279972 0.232848 0.237509 0.249671 
0.278230 0.312119 0.226622 0.183029 
0.318472 0.360077 0.179460 0.141991 
0.318393 0.322182 0.214408 0.145018 
0.370543 0.306886 0.174155 0.148416 
0.130053 0.357944 0.237760 0.274243 
0.191100 0.230074 0.292534 0.286292 
0.194246 0.195068 0.265543 0.345143 
0.128938 0.298481 0.248887 0.323694 
0.329369 0.222635 0.243807 0.204190 
0.344041 0.160505 0.250542 0.244911 
0.212638 0.186903 0.288812 0.311647 
0.229238 0.119795 0.308008 0.342959 
0.247525 0.101176 0.309139 0.342160 
0.270044 0.197495 0.335597 0.196865 
0.222957 0.218280 0.339762 0.219002 
0.149894 0.276767 0.336080 0.237259 
0.096545 0.270185 0.329354 0.303916 
0.103090 0.367914 0.301555 0.227441 
0.320285 0.298585 0.295074 0.086056 
0.175831 0.266243 0.330799 0.227128 
0.234008 0.211943 0.330391 0.223658 
0.284532 0.223195 0.308761 0.183513 
0.245924 0.272205 0.304711 0.177160 
0.347181 0.244587 0.292959 0.115272 
0.326443 0.335838 0.264152 0.073566 
0.377166 0.300172 0.235282 0.087380 
0.352316 0.247409 0.272575 0.127700 
0.330510 0.244987 0.278359 0.146144 
0.308372 0.320873 0.303509 0.067246 
0.360190 0.159111 0.296213 0.184486 
0.293198 0.229142 0.294536 0.183124 
0.327662 0.209344 0.267490 0.195504 
0.382159 0.169007 0.272762 0.176072 
0.371426 0.229300 0.257381 0.141893 
0.268679 0.232914 0.282173 0.216234 
0.242804 0.254981 0.260665 0.241551 
0.264905 0.233898 0.272774 0.228423 
0.239589 0.247494 0.273303 0.239614 
0.244596 0.247082 0.268574 0.239748 
0.356612 0.195611 0.242429 0.205348 
0.352639 0.190558 0.264760 0.192043 
0.378202 0.258499 0.237445 0.125854 
0.350210 0.179138 0.290539 0.180113 
0.382591 0.207176 0.267734 0.142500 
0.406320 0.175395 0.265376 0.152909 
0.374312 0.178104 0.263578 0.184006 
0.297874 0.254041 0.247956 0.200128 
0.198722 0.198233 0.266176 0.336870 
0.241583 0.175644 0.277307 0.305467 
0.129400 0.297298 0.240484 0.332818 
0.087445 0.323832 0.239863 0.348861 
0.137183 0.244775 0.273479 0.344563 
0.185021 0.201217 0.270474 0.343289 
0.212233 0.171535 0.266605 0.349627 
0.277308 0.152068 0.273716 0.296908 
0.203686 0.246524 0.295147 0.254643 
0.275791 0.245342 0.255740 0.223127 
0.254086 0.341508 0.175631 0.228775 
0.200575 0.366247 0.226359 0.206819 
0.330584 0.353098 0.260042 0.056276 
0.322229 0.319891 0.262503 0.095377 
0.341567 0.278414 0.274908 0.105112 
0.323460 0.165175 0.291722 0.219643 
0.260670 0.216030 0.307438 0.215863 
0.265813 0.215063 0.317624 0.201500 
0.219089 0.301854 0.317486 0.161572 
0.244181 0.209895 0.322132 0.223793 
0.256109 0.240760 0.318402 0.184729 
0.228172 0.224370 0.321431 0.226028 
0.211816 0.266765 0.321277 0.200141 
0.252852 0.307359 0.327026 0.112764 
0.350022 0.140942 0.316907 0.192129 
0.255625 0.199193 0.334525 0.210657 
0.250415 0.307147 0.321079 0.121359 
0.234925 0.268088 0.327092 0.169895 
0.349419 0.170950 0.319304 0.160327 
0.319255 0.299634 0.313809 0.067302 
0.334300 0.174765 0.332592 0.158343 
0.283279 0.262407 0.321423 0.132890 
0.340814 0.179846 0.311287 0.168053 
0.301363 0.190482 0.320602 0.187553 
0.253811 0.139993 0.300467 0.305729 
0.319782 0.104352 0.220231 0.355636 
0.246098 0.176093 0.218351 0.359458 
0.219327 0.145858 0.294428 0.340387 
0.172467 0.227110 0.269318 0.331105 
0.313525 0.137494 0.270904 0.278077 
0.277898 0.135402 0.252792 0.333908 
0.285254 0.105523 0.262585 0.346638 
0.187493 0.333790 0.207506 0.271211 
0.228230 0.341714 0.232343 0.197713 
0.301680 0.301769 0.296735 0.099817 
0.311517 0.241362 0.289595 0.157526 
0.294326 0.218760 0.310222 0.176692 
0.235631 0.301164 0.198373 0.264832 
0.273117 0.209952 0.304365 0.212565 
0.243701 0.325083 0.286022 0.145194 
0.319090 0.281196 0.275486 0.124227 
0.325208 0.231896 0.284577 0.158319 
0.337256 0.191995 0.284904 0.185846 
0.333965 0.133561 0.254545 0.277929 
0.340648 0.146260 0.251969 0.261123 
0.340878 0.199465 0.288740 0.170917 
0.254531 0.348676 0.239400 0.157393 
0.232840 0.267613 0.255873 0.243674 
0.319678 0.311233 0.281107 0.087982 
0.309545 0.199304 0.302266 0.188885 
0.287791 0.121244 0.302925 0.288041 
0.324857 0.135773 0.309395 0.229976 
0.280725 0.089207 0.269644 0.360424 
0.138053 0.205824 0.305294 0.350829 
0.279818 0.061468 0.321086 0.337627 
0.232403 0.113122 0.329526 0.324949 
0.194215 0.174806 0.337210 0.293769 
0.317787 0.113923 0.331097 0.237192 
0.331031 0.231399 0.327949 0.109620 
0.306321 0.189475 0.330896 0.173308 
0.313845 0.175164 0.291724 0.219266 
0.297553 0.360684 0.278621 0.063142 
0.304024 0.240101 0.239019 0.216856 
0.259823 0.244673 0.158147 0.337357 
0.321720 0.219287 0.209187 0.249805 
0.317577 0.052980 0.289814 0.339629 
0.337917 0.107399 0.293280 0.261404 
0.123525 0.273042 0.314802 0.288632 
0.203488 0.315115 0.325836 0.155560 
0.225469 0.161095 0.328215 0.285221 
0.253757 0.132746 0.329866 0.283631 
0.172972 0.186167 0.321838 0.319023 
0.143625 0.183891 0.321364 0.351119 
0.124114 0.265125 0.321508 0.289253 
0.216273 0.279414 0.246503 0.257810 
0.251961 0.155048 0.287552 0.305438 
0.229029 0.101196 0.298639 0.371136 
0.224045 0.207135 0.216236 0.352583 
0.052975 0.341741 0.267695 0.337589 
0.056154 0.343229 0.310717 0.289900 
0.048061 0.274998 0.322251 0.354690 
0.136110 0.168512 0.318708 0.376671 
0.151871 0.146429 0.313537 0.388162 
0.063240 0.238436 0.310794 0.387530 
0.214853 0.097231 0.329469 0.358447 
0.191657 0.236519 0.317354 0.254470 
0.190091 0.328240 0.345864 0.135805 
0.242876 0.198689 0.357281 0.201155 
0.265989 0.199393 0.353742 0.180876 
0.257650 0.229037 0.346794 0.166519 
0.224955 0.216965 0.352935 0.205145 
0.196838 0.244517 0.349013 0.209632 
0.246025 0.166144 0.349181 0.238650 
0.248643 0.128703 0.348032 0.274622 
0.284337 0.341347 0.330527 0.043789 
0.218734 0.230502 0.347909 0.202854 
0.253249 0.197870 0.348164 0.200717 
0.269045 0.222230 0.344758 0.163967 
0.154941 0.176874 0.336057 0.332128 
0.158057 0.307423 0.327916 0.206604 
0.073535 0.309299 0.305586 0.311580 
0.198320 0.170426 0.313521 0.317732 
0.200670 0.279183 0.335902 0.184245 
0.236150 0.238575 0.325733 0.199542 
0.302880 0.181936 0.333706 0.181478 
0.209237 0.237455 0.353803 0.199506 
0.101015 0.276600 0.342030 0.280355 
0.065417 0.310923 0.333930 0.289730 
0.188821 0.271396 0.346150 0.193632 
0.203284 0.201140 0.342734 0.252842 
0.206158 0.145369 0.331291 0.317182 
0.141650 0.197773 0.315502 0.345074 
0.025944 0.312747 0.324063 0.337247 
0.056609 0.302974 0.316525 0.323893 
0.076225 0.252058 0.317340 0.354378 
0.176994 0.134793 0.342337 0.345876 
0.149452 0.136258 0.338455 0.375835 
0.130757 0.168498 0.334329 0.366417 
0.153261 0.148682 0.342684 0.355373 
0.153000 0.154509 0.332168 0.360324 
0.027471 0.340523 0.321275 0.310732 
0.125249 0.281105 0.262676 0.330970 
0.033888 0.352413 0.267362 0.346336 
0.090161 0.281095 0.290866 0.337878 
0.192407 0.226726 0.275710 0.305157 
0.201185 0.217272 0.291959 0.289584 
0.225467 0.233396 0.320712 0.220425 
0.178668 0.195765 0.289477 0.336089 
0.174042 0.207672 0.265534 0.352752 
0.177035 0.197437 0.339097 0.286431 
0.209168 0.208434 0.293847 0.288551 
0.186438 0.185933 0.281541 0.346087 
0.201805 0.207895 0.222699 0.367601 
0.220661 0.227671 0.237213 0.314454 
0.213851 0.321178 0.215169 0.249802 
0.215244 0.218581 0.285823 0.280352 
0.215959 0.246577 0.275102 0.262362 
0.211625 0.301053 0.282350 0.204972 
0.149728 0.313395 0.249536 0.287342 
0.180635 0.311069 0.262052 0.246244 
0.223159 0.262613 0.251364 0.262865 
0.205606 0.313052 0.281124 0.200218 
0.241492 0.234161 0.284421 0.239927 
0.234889 0.215926 0.301851 0.247334 
0.158251 0.196327 0.293119 0.352303 
0.113136 0.213196 0.321395 0.352273 
0.093287 0.322047 0.269535 0.315131 
0.111412 0.329421 0.228926 0.330240 
0.131317 0.298026 0.244579 0.326078 
0.166933 0.343995 0.267916 0.221156 
0.171132 0.297718 0.313224 0.217926 
0.184090 0.255705 0.302245 0.257960 
0.176371 0.291177 0.300316 0.232136 
0.234554 0.243825 0.273030 0.248592 
0.203568 0.206174 0.344764 0.245493 
0.201892 0.166845 0.297850 0.333413 
0.116867 0.257423 0.313676 0.312035 
0.210641 0.236404 0.330095 0.222860 
0.221804 0.256884 0.300837 0.220475 
0.214327 0.219823 0.269378 0.296473 
0.223676 0.235159 0.245727 0.295438 
0.234932 0.234094 0.234973 0.296001 
0.214454 0.206732 0.219682 0.359132 
0.203707 0.270212 0.184071 0.342010 
0.204529 0.173159 0.248512 0.373800 
0.207697 0.248074 0.177016 0.367213 
0.229730 0.201269 0.223383 0.345618 
0.239705 0.236142 0.208770 0.315384 
0.205325 0.311229 0.173634 0.309812 
0.260488 0.247710 0.245198 0.246604 
0.219403 0.303125 0.191199 0.286272 
0.191940 0.294682 0.174723 0.338655 
0.196278 0.262499 0.165095 0.376127 
0.195402 0.257216 0.155553 0.391828 
0.224010 0.212801 0.187244 0.375945 
0.258598 0.245718 0.239827 0.255857 
0.229008 0.214466 0.211892 0.344634 
0.241429 0.247510 0.235189 0.275872 
0.207660 0.302773 0.234054 0.255514 
0.217611 0.345842 0.216683 0.219865 
0.210728 0.351410 0.223139 0.214724 
0.209599 0.366870 0.202683 0.220848 
0.218649 0.345939 0.233561 0.201851 
0.224954 0.229105 0.306829 0.239112 
0.216667 0.215345 0.298957 0.269030 
0.224837 0.255100 0.299899 0.220164 
0.190655 0.301525 0.241613 0.266207 
0.186739 0.313271 0.180215 0.319775 
0.217949 0.228314 0.215295 0.338442 
0.224936 0.229344 0.215038 0.330682 
0.224768 0.315133 0.213112 0.246987 
0.176779 0.303663 0.164449 0.355109 
0.211551 0.240412 0.218105 0.329931 
0.245593 0.238426 0.263051 0.252930 
0.232900 0.225803 0.283572 0.257726 
0.222151 0.191822 0.247254 0.338772 
0.226198 0.213374 0.260199 0.300229 
0.228343 0.222328 0.235261 0.314068 
0.214421 0.184634 0.257640 0.343305 
0.216219 0.218780 0.199740 0.365261 
0.229124 0.234867 0.182781 0.353227 
0.232152 0.268716 0.177423 0.321710 
0.212126 0.232578 0.180706 0.374590 
0.202335 0.256004 0.180109 0.361552 
0.262658 0.251184 0.242605 0.243553 
0.250848 0.240683 0.220906 0.287563 
0.253979 0.293338 0.208530 0.244153 
0.265099 0.291267 0.215124 0.228509 
0.252357 0.337115 0.200664 0.209864 
0.244214 0.276730 0.277763 0.201294 
0.232190 0.209591 0.316011 0.242207 
0.269606 0.243132 0.250485 0.236777 
0.310425 0.207289 0.207800 0.274486 
0.295368 0.304975 0.175279 0.224378 
0.269385 0.231025 0.279380 0.220211 
0.297388 0.291206 0.168278 0.243127 
0.314188 0.201875 0.257367 0.226569 
0.305343 0.250062 0.232409 0.212186 
0.301445 0.262146 0.191213 0.245196 
0.292323 0.195306 0.186609 0.325762 
0.243482 0.135348 0.259050 0.362120 
0.328731 0.113277 0.300996 0.256996 
0.336069 0.158484 0.269370 0.236077 
0.330110 0.209175 0.217682 0.243033 
0.330181 0.222283 0.220416 0.227120 
0.328081 0.243495 0.212062 0.216362 
0.331916 0.277506 0.189171 0.201408 
0.310726 0.313283 0.096489 0.279502 
0.286843 0.340418 0.177800 0.194939 
0.251506 0.305562 0.153968 0.288964 
0.249439 0.348561 0.122189 0.279810 
0.270092 0.354656 0.157244 0.218008 
0.157580 0.371284 0.311528 0.159607 
0.169814 0.369096 0.308522 0.152569 
0.183303 0.372368 0.306747 0.137581 
0.192293 0.372902 0.222976 0.211828 
0.212016 0.367312 0.125793 0.294880 
0.132316 0.358278 0.138055 0.371350 
0.169680 0.367702 0.099002 0.363616 
0.174973 0.387638 0.095410 0.341979 
0.223229 0.411488 0.179796 0.185487 
0.234289 0.411528 0.196152 0.158032 
0.233245 0.403111 0.232636 0.131008 
0.220049 0.404149 0.239324 0.136478 
0.160168 0.405538 0.330143 0.104151 
0.149952 0.409584 0.374437 0.066027 
0.165556 0.401448 0.321117 0.111878 
0.251430 0.371167 0.213790 0.163612 
0.208708 0.383104 0.289232 0.118955 
0.241156 0.360824 0.221200 0.176820 
0.246717 0.358700 0.250399 0.144184 
0.178492 0.354535 0.356097 0.110876 
0.160835 0.385374 0.330106 0.123686 
0.117542 0.404821 0.357591 0.120045 
0.086661 0.418272 0.373147 0.121920 
0.093409 0.414146 0.331248 0.161197 
0.129060 0.415514 0.343290 0.112136 
0.149550 0.403974 0.246171 0.200306 
0.164794 0.388187 0.240563 0.206457 
0.081945 0.370478 0.297068 0.250509 
0.021825 0.364497 0.273802 0.339876 
0.020949 0.340694 0.342946 0.295410 
0.180140 0.366798 0.264774 0.188289 
0.176131 0.363159 0.207311 0.253399 
0.188680 0.373518 0.171420 0.266383 
0.219284 0.370672 0.207750 0.202294 
0.191597 0.376564 0.184066 0.247773 
0.157622 0.399182 0.155775 0.287421 
0.101210 0.393732 0.177864 0.327194 
0.133302 0.409335 0.116490 0.340874 
0.174989 0.405745 0.171855 0.247411 
0.189007 0.413343 0.160487 0.237164 
0.175149 0.412710 0.168580 0.243561 
0.136509 0.412417 0.208466 0.242607 
0.177320 0.411242 0.169812 0.241626 
0.145631 0.401691 0.253370 0.199308 
0.175998 0.402553 0.129536 0.291913 
0.204937 0.398467 0.164980 0.231617 
0.235745 0.406433 0.178139 0.179683 
0.200299 0.409363 0.281110 0.109227 
0.189902 0.387893 0.115199 0.307007 
0.151644 0.385089 0.121980 0.341286 
0.161441 0.367003 0.134608 0.336948 
0.168595 0.382156 0.107105 0.342143 
0.104643 0.395944 0.168750 0.330663 
0.167556 0.383937 0.269751 0.178756 
0.203962 0.367539 0.312394 0.116104 
0.086859 0.375310 0.264400 0.273432 
0.149901 0.343360 0.340963 0.165776 
0.210680 0.308098 0.324304 0.156919 
0.118628 0.257442 0.286396 0.337533 
0.179294 0.267400 0.343074 0.210231 
0.229485 0.236565 0.359308 0.174641 
0.236998 0.224665 0.344440 0.193897 
0.239097 0.208854 0.325956 0.226093 
0.221708 0.238974 0.335527 0.203791 
0.264080 0.220151 0.277396 0.238373 
0.260087 0.271797 0.286067 0.182049 
0.256794 0.209909 0.304880 0.228417 
0.259788 0.201638 0.317237 0.221337 
0.247567 0.199902 0.296493 0.256038 
0.261431 0.178490 0.322729 0.237350 
0.245675 0.242042 0.349969 0.162314 
0.272230 0.241808 0.317589 0.168373 
0.280337 0.164377 0.347294 0.207992 
0.270688 0.067374 0.363655 0.298283 
0.309752 0.180575 0.347972 0.161701 
0.306130 0.178007 0.368141 0.147722 
0.316273 0.172316 0.352765 0.158645 
0.291795 0.069624 0.352026 0.286555 
0.292724 0.056175 0.366081 0.285020 
0.274656 0.120891 0.377981 0.226472 
0.280728 0.119026 0.377827 0.222420 
0.282189 0.081051 0.386818 0.249942 
0.256185 0.024660 0.389146 0.330008 
0.254332 0.015837 0.368684 0.361147 
0.279732 0.012320 0.389584 0.318363 
0.244094 0.015038 0.400282 0.340586 
0.192402 0.016212 0.401330 0.390056 
0.199504 0.014949 0.401806 0.383742 
0.210105 0.029933 0.385548 0.374413 
0.174669 0.076050 0.373862 0.375419 
0.171173 0.085955 0.378713 0.364160 
0.200245 0.062698 0.345708 0.391350 
0.164412 0.113743 0.349495 0.372351 
0.187331 0.137147 0.328881 0.346642 
0.160895 0.163288 0.349207 0.326610 
0.203489 0.215762 0.303541 0.277208 
0.207298 0.181109 0.316390 0.295203 
0.252071 0.179552 0.350357 0.218020 
0.244841 0.212984 0.314992 0.227183 
0.216923 0.211776 0.241192 0.330109 
0.195461 0.128824 0.376832 0.298882 
0.154612 0.114303 0.376248 0.354837 
0.168014 0.075609 0.405339 0.351038 
0.131729 0.119715 0.378935 0.369621 
0.129739 0.134350 0.414409 0.321502 
0.171070 0.166071 0.368463 0.294396 
0.170233 0.123294 0.405251 0.301221 
0.175749 0.178525 0.410621 0.235106 
0.194017 0.189829 0.378622 0.237531 
0.205068 0.191326 0.362915 0.240690 
0.166048 0.153732 0.368676 0.311544 
0.223289 0.224081 0.216018 0.336612 
0.243101 0.253539 0.257919 0.245440 
0.255782 0.248198 0.243697 0.252323 
0.235986 0.237934 0.225685 0.300394 
0.244178 0.227212 0.213804 0.314806 
0.260666 0.219829 0.213435 0.306070 
0.239754 0.252199 0.227596 0.280451 
0.278241 0.170866 0.346042 0.204851 
0.306465 0.224517 0.247200 0.221818 
0.290017 0.224270 0.298222 0.187491 
0.306157 0.266340 0.211913 0.215590 
0.296935 0.241344 0.229463 0.232259 
0.253477 0.216027 0.309347 0.221149 
0.229781 0.140946 0.300407 0.328867 
0.162934 0.156566 0.356327 0.324173 
0.199133 0.110089 0.328746 0.362033 
0.195818 0.125438 0.313615 0.365130 
0.196857 0.129128 0.288847 0.385168 
0.222766 0.075357 0.355953 0.345924 
0.166285 0.117766 0.375732 0.340218 
0.202715 0.091374 0.359382 0.346529 
0.250462 0.044628 0.327994 0.376915 
0.184877 0.061198 0.367508 0.386416 
0.210183 0.127189 0.357279 0.305349 
0.190782 0.158844 0.381087 0.269287 
0.224301 0.199490 0.371411 0.204799 
0.295820 0.207797 0.279649 0.216733 
0.303238 0.219850 0.226471 0.250441 
0.268801 0.236819 0.246060 0.248320 
0.236710 0.222338 0.325103 0.215849 
0.260765 0.215277 0.307251 0.216708 
0.267568 0.204415 0.299443 0.228575 
0.253903 0.246631 0.242117 0.257348 
0.215232 0.235601 0.334459 0.214708 
0.209335 0.227065 0.251996 0.311604 
0.210527 0.191224 0.317098 0.281152 
0.170812 0.152971 0.326025 0.350193 
0.203547 0.123992 0.335469 0.336993 
0.210060 0.198568 0.285187 0.306185 
0.231413 0.210833 0.204923 0.352831 
0.244791 0.151426 0.317954 0.285830 
0.293013 0.186822 0.168552 0.351613 
0.255864 0.139006 0.277756 0.327374 
0.201240 0.210812 0.244349 0.343598 
0.199946 0.225058 0.233665 0.341331 
0.125021 0.150696 0.389822 0.334461 
0.144502 0.132293 0.358908 0.364297 
0.122949 0.125986 0.410384 0.340681 
0.121855 0.121563 0.402882 0.353700 
0.105209 0.123170 0.414596 0.357025 
0.113807 0.124496 0.413627 0.348069 
0.150023 0.119708 0.408375 0.321894 
0.165610 0.061257 0.393532 0.379601 
0.137363 0.127009 0.412442 0.323185 
0.137452 0.161627 0.411784 0.289137 
0.265335 0.105558 0.369557 0.259550 
0.180598 0.135364 0.385355 0.298683 
0.192002 0.241428 0.282221 0.284349 
0.240021 0.241861 0.207934 0.310184 
0.327988 0.212349 0.241792 0.217871 
0.183054 0.212981 0.249256 0.354708 
0.247259 0.267601 0.248451 0.236689 
0.206595 0.213925 0.270326 0.309155 
0.170480 0.169794 0.282940 0.376786 
0.275590 0.172082 0.189581 0.362747 
0.243463 0.186373 0.180167 0.389997 
0.248382 0.177128 0.177418 0.397072 
0.214522 0.225124 0.150945 0.409409 
0.292418 0.233601 0.183981 0.289999 
0.317659 0.267417 0.197858 0.217066 
0.204527 0.300509 0.273377 0.221587 
0.228889 0.300487 0.210854 0.259770 
0.217009 0.242856 0.294288 0.245848 
0.217619 0.226677 0.293104 0.262601 
0.238135 0.270013 0.239301 0.252552 
0.233400 0.286633 0.232588 0.247380 
0.222826 0.279952 0.239107 0.258115 
0.296375 0.294140 0.180036 0.229449 
0.323654 0.278326 0.171252 0.226768 
0.342860 0.264356 0.288194 0.104590 
0.336012 0.291465 0.168241 0.204281 
0.323235 0.279916 0.133798 0.263051 
0.094675 0.283123 0.299463 0.322739 
0.167514 0.284099 0.201331 0.347056 
0.104100 0.262655 0.284159 0.349086 
0.068279 0.247922 0.344495 0.339303 
0.164037 0.275186 0.207804 0.352974 
0.149819 0.296622 0.187659 0.365900 
0.258546 0.216162 0.174221 0.351071 
0.202327 0.282944 0.164750 0.349978 
0.246630 0.283184 0.132915 0.337271 
0.157595 0.268039 0.248207 0.326160 
0.188395 0.290642 0.269835 0.251128 
0.116652 0.293683 0.304551 0.285114 
0.223794 0.292879 0.247326 0.236002 
0.210564 0.279505 0.214145 0.295786 
0.163647 0.291888 0.203975 0.340490 
0.220113 0.300910 0.149430 0.329547 
0.212348 0.275779 0.180050 0.331823 
0.239627 0.286690 0.123143 0.350540 
0.319093 0.266128 0.063547 0.351231 
0.210915 0.216750 0.236324 0.336011 
0.112181 0.255568 0.333403 0.298848 
0.115498 0.251202 0.322883 0.310417 
0.121926 0.207970 0.345063 0.325041 
0.266518 0.108414 0.331125 0.293942 
0.275531 0.056546 0.342998 0.324926 
0.220891 0.150910 0.361500 0.266698 
0.133896 0.203202 0.359389 0.303513 
0.103903 0.200255 0.386644 0.309198 
0.295051 0.186953 0.204853 0.313144 
0.269365 0.148706 0.349116 0.232813 
0.315854 0.119776 0.260806 0.303563 
0.171309 0.228764 0.245455 0.354472 
0.277312 0.219175 0.197574 0.305939 
0.231507 0.296671 0.333686 0.138136 
0.355989 0.289253 0.217694 0.137064 
0.348360 0.305599 0.190849 0.155191 
0.232712 0.295722 0.222991 0.248574 
0.348719 0.293627 0.193272 0.164382 
0.231904 0.301085 0.227315 0.239696 
0.223025 0.298135 0.281874 0.196966 
0.310252 0.259540 0.329817 0.100390 
0.239911 0.270179 0.293447 0.196464 
0.229493 0.293451 0.247888 0.229167 
0.184075 0.223114 0.348980 0.243831 
0.235377 0.285985 0.245063 0.233575 
0.320269 0.275632 0.216944 0.187155 
0.197974 0.291620 0.263291 0.247115 
0.196856 0.285604 0.269603 0.247936 
0.233582 0.277264 0.249393 0.239761 
0.251786 0.280021 0.240971 0.227222 
0.254141 0.263363 0.282222 0.200274 
0.329610 0.224524 0.279940 0.165926 
0.177574 0.278446 0.321569 0.222411 
0.239739 0.224574 0.259152 0.276536 
0.282989 0.245588 0.329597 0.141826 
0.168608 0.311783 0.298232 0.221377 
0.092602 0.256111 0.342802 0.308484 
0.153798 0.291047 0.229435 0.325719 
0.117201 0.321997 0.218029 0.342772 
0.040525 0.313178 0.383083 0.263215 
0.066080 0.315822 0.386388 0.231710 
0.018163 0.323354 0.362203 0.296280 
0.231768 0.275091 0.376659 0.116482 
0.225307 0.247162 0.368508 0.159023 
0.299239 0.202621 0.326239 0.171901 
0.346458 0.290388 0.133794 0.229361 
0.369507 0.289166 0.231901 0.109426 
0.362214 0.309870 0.104863 0.223053 
0.360278 0.302586 0.228194 0.108943 
0.332073 0.302341 0.298000 0.067585 
0.304759 0.338424 0.226132 0.130685 
0.267984 0.340484 0.182777 0.208754 
0.202026 0.337481 0.223153 0.237339 
0.145248 0.334354 0.289004 0.231395 
0.105920 0.335927 0.310456 0.247698 
