0.251275 0.244750 0.251770 0.252206 
0.263494 0.248879 0.250413 0.237214 
0.289140 0.204308 0.255464 0.251088 
0.307749 0.232525 0.303236 0.156491 
0.335460 0.215895 0.287389 0.161256 
0.358643 0.325884 0.310395 0.005079 
0.367060 0.329543 0.303363 0.000035 
0.363486 0.316941 0.319573 0.000000 
0.365069 0.321995 0.312936 0.000000 
0.354509 0.323686 0.321805 0.000000 
0.352213 0.317476 0.330311 0.000000 
0.366233 0.334324 0.299443 0.000000 
0.357741 0.330129 0.312130 0.000000 
0.353593 0.309820 0.336587 0.000000 
0.363966 0.311655 0.324379 0.000000 
0.347615 0.318504 0.333880 0.000000 
0.355733 0.329613 0.314654 0.000000 
0.364259 0.331370 0.304371 0.000000 
0.386739 0.346139 0.267121 0.000000 
0.381824 0.341428 0.276748 0.000000 
0.386501 0.356275 0.257225 0.000000 
0.400492 0.377298 0.222205 0.000004 
0.390755 0.380161 0.229081 0.000003 
0.379211 0.378192 0.242597 0.000000 
0.378260 0.375810 0.245930 0.000000 
0.385928 0.382189 0.231883 0.000000 
0.405007 0.404675 0.190304 0.000014 
0.384196 0.384295 0.231509 0.000000 
0.391178 0.391284 0.217534 0.000004 
0.396726 0.397121 0.206119 0.000034 
0.411943 0.410678 0.177222 0.000156 
0.425467 0.426727 0.146284 0.001522 
0.427230 0.428184 0.142141 0.002445 
0.432944 0.433360 0.125513 0.008183 
0.434819 0.434444 0.117586 0.013151 
0.425589 0.425804 0.140510 0.008097 
0.432316 0.431837 0.118142 0.017705 
0.437010 0.426798 0.126632 0.009559 
0.431252 0.422713 0.142560 0.003475 
0.420643 0.413674 0.165174 0.000509 
0.415192 0.398804 0.185854 0.000151 
0.426142 0.409376 0.163670 0.000812 
0.439635 0.425680 0.122025 0.012660 
0.445277 0.430208 0.086257 0.038258 
0.445751 0.433247 0.051281 0.069721 
0.443424 0.433856 0.082802 0.039919 
0.443770 0.432668 0.044939 0.078624 
0.429972 0.413235 0.002073 0.154720 
0.439852 0.415890 0.009406 0.134851 
0.449275 0.422265 0.063335 0.065124 
0.447000 0.420250 0.035423 0.097326 
0.450597 0.416820 0.062492 0.070092 
0.452458 0.405577 0.091423 0.050542 
0.451465 0.415045 0.039218 0.094273 
0.450616 0.416410 0.049328 0.083646 
0.453980 0.409235 0.060149 0.076637 
0.450908 0.406129 0.100124 0.042840 
0.444610 0.406671 0.139497 0.009222 
0.447363 0.428641 0.071767 0.052229 
0.445735 0.419714 0.093830 0.040721 
0.448334 0.429701 0.060375 0.061589 
0.447187 0.429735 0.061818 0.061260 
0.447710 0.417289 0.092987 0.042014 
0.446558 0.394868 0.152411 0.006163 
0.446646 0.395838 0.009397 0.148119 
0.444050 0.400492 0.005728 0.149729 
0.401790 0.347091 0.000000 0.251119 
0.431396 0.393383 0.000450 0.174770 
0.424506 0.392217 0.000144 0.183133 
0.426576 0.413260 0.002058 0.158106 
0.441791 0.420143 0.068096 0.069971 
0.438752 0.421989 0.130573 0.008686 
0.450024 0.420699 0.057525 0.071752 
0.449587 0.425715 0.069084 0.055615 
0.447711 0.411865 0.121922 0.018501 
0.444202 0.422894 0.091886 0.041018 
0.431173 0.400941 0.166761 0.001125 
0.431731 0.394360 0.171334 0.002575 
0.441002 0.395521 0.108048 0.055428 
0.459098 0.393684 0.108648 0.038569 
0.461964 0.388187 0.052104 0.097745 
0.468396 0.367394 0.094087 0.070122 
0.468403 0.375372 0.090664 0.065562 
0.475655 0.357038 0.082983 0.084324 
0.469751 0.371194 0.064667 0.094388 
0.455309 0.365082 0.172334 0.007275 
0.465813 0.370696 0.123755 0.039736 
0.472669 0.346366 0.038383 0.142583 
0.470007 0.342946 0.170786 0.016261 
0.478442 0.342172 0.104476 0.074910 
0.473853 0.335515 0.020302 0.170329 
0.476981 0.351589 0.077274 0.094155 
0.483183 0.324818 0.076549 0.115450 
0.475029 0.334946 0.036299 0.153726 
0.481996 0.336789 0.087058 0.094158 
0.479074 0.344952 0.077403 0.098571 
0.480351 0.340728 0.080684 0.098237 
0.483266 0.325515 0.074803 0.116416 
0.480533 0.341440 0.088515 0.089512 
0.477143 0.342101 0.059827 0.120928 
0.477315 0.344573 0.061777 0.116335 
0.474439 0.354976 0.089287 0.081297 
0.474029 0.355088 0.103970 0.066912 
0.472327 0.353543 0.130968 0.043162 
0.470913 0.351952 0.143616 0.033519 
0.470643 0.352269 0.068345 0.108743 
0.464231 0.353797 0.169940 0.012031 
0.465887 0.359390 0.068195 0.106527 
0.457256 0.356119 0.009871 0.176753 
0.454241 0.359488 0.025014 0.161257 
0.445542 0.351961 0.200156 0.002340 
0.461061 0.375272 0.112873 0.050795 
0.461129 0.381690 0.085705 0.071477 
0.462034 0.376999 0.060182 0.100784 
0.457063 0.387178 0.082807 0.072951 
0.445200 0.363179 0.003743 0.187878 
0.447525 0.389922 0.020829 0.141724 
0.452728 0.381309 0.134452 0.031510 
0.458024 0.379771 0.136193 0.026012 
0.458084 0.381418 0.081799 0.078700 
0.453692 0.370866 0.144270 0.031172 
0.454706 0.367598 0.128935 0.048762 
0.458235 0.366111 0.118473 0.057181 
0.442520 0.361944 0.055750 0.139785 
0.452469 0.371661 0.087678 0.088192 
0.454319 0.370222 0.089692 0.085767 
0.456861 0.371892 0.082364 0.088883 
0.448036 0.374122 0.099415 0.078427 
0.450681 0.372449 0.083809 0.093060 
0.455737 0.366430 0.064941 0.112891 
0.459490 0.364442 0.113501 0.062567 
0.459940 0.367192 0.092319 0.080548 
0.461382 0.364855 0.096565 0.077198 
0.455145 0.363737 0.148431 0.032686 
0.452995 0.368086 0.113287 0.065633 
0.449753 0.347397 0.186544 0.016305 
0.425842 0.326760 0.246866 0.000532 
0.420837 0.313869 0.031921 0.233374 
0.430746 0.341655 0.002256 0.225343 
0.433804 0.372758 0.110063 0.083376 
0.409340 0.368899 0.206223 0.015539 
0.427560 0.380016 0.094303 0.098121 
0.432370 0.364525 0.142003 0.061101 
0.436483 0.353471 0.034525 0.175520 
0.443533 0.346426 0.185858 0.024182 
0.441490 0.349691 0.168175 0.040644 
0.439191 0.355909 0.066322 0.138578 
0.430185 0.356210 0.055467 0.158138 
0.435760 0.348347 0.022107 0.193787 
0.431574 0.360809 0.142647 0.064970 
0.433979 0.361401 0.078957 0.125663 
0.441367 0.356556 0.106206 0.095871 
0.443873 0.343148 0.136823 0.076156 
0.443696 0.343289 0.130029 0.082986 
0.424459 0.358548 0.110447 0.106546 
0.413186 0.359705 0.158874 0.068235 
0.404581 0.359153 0.195340 0.040926 
0.390964 0.345935 0.250772 0.012329 
0.385864 0.354734 0.236921 0.022481 
0.396770 0.354453 0.074856 0.173920 
0.402217 0.358864 0.193814 0.045105 
0.390231 0.364910 0.152602 0.092257 
0.390521 0.365913 0.096462 0.147104 
0.366854 0.366054 0.225676 0.041416 
0.385737 0.360723 0.090017 0.163523 
0.388684 0.361697 0.075145 0.174474 
0.393455 0.355235 0.070531 0.180779 
0.384777 0.348175 0.242662 0.024385 
0.389735 0.364481 0.119405 0.126379 
0.362398 0.348311 0.065664 0.223626 
0.348746 0.315157 0.307654 0.028442 
0.278212 0.219843 0.246492 0.255452 
0.340996 0.357001 0.164584 0.137420 
0.212343 0.315276 0.226136 0.246245 
0.277879 0.339801 0.252291 0.130028 
0.155132 0.323183 0.336248 0.185438 
0.216543 0.351857 0.329135 0.102465 
0.129534 0.340063 0.348673 0.181731 
0.207116 0.362916 0.206314 0.223655 
0.153579 0.353025 0.183071 0.310324 
0.177821 0.346947 0.189399 0.285834 
0.216400 0.356061 0.216691 0.210848 
0.268190 0.341925 0.197306 0.192580 
0.241547 0.350145 0.220465 0.187843 
0.306524 0.331472 0.244022 0.117981 
0.248681 0.341284 0.205817 0.204217 
0.290817 0.333308 0.268734 0.107141 
0.153221 0.307762 0.280698 0.258318 
0.187148 0.300921 0.224141 0.287791 
0.227917 0.325678 0.166347 0.280059 
0.286752 0.333882 0.206358 0.173008 
0.291252 0.307525 0.153565 0.247657 
0.335483 0.298955 0.221181 0.144380 
0.270628 0.317092 0.292388 0.119892 
0.266437 0.322573 0.319664 0.091326 
0.260673 0.327814 0.162417 0.249096 
0.272132 0.327417 0.114459 0.285992 
0.228491 0.334322 0.136910 0.300277 
0.208801 0.351916 0.220675 0.218609 
0.197117 0.344450 0.335670 0.122764 
0.348109 0.341079 0.206023 0.104789 
0.165104 0.355709 0.308463 0.170724 
0.118338 0.316530 0.389891 0.175240 
0.210438 0.364928 0.213341 0.211293 
0.214336 0.369942 0.205964 0.209758 
0.200573 0.362305 0.243227 0.193895 
0.160772 0.359576 0.193871 0.285781 
0.122954 0.352727 0.251165 0.273154 
0.225244 0.352968 0.153920 0.267867 
0.206738 0.358478 0.208708 0.226077 
0.266766 0.346625 0.216244 0.170365 
0.340201 0.336005 0.193510 0.130284 
0.360347 0.320837 0.140860 0.177956 
0.171681 0.330007 0.324142 0.174169 
0.204497 0.339923 0.235852 0.219728 
0.155750 0.343977 0.325062 0.175210 
0.122309 0.345526 0.333507 0.198658 
0.201133 0.343755 0.267014 0.188098 
0.077949 0.332264 0.289962 0.299825 
0.045732 0.320925 0.329767 0.303576 
0.023742 0.312961 0.357054 0.306243 
0.019319 0.290750 0.365954 0.323977 
0.039496 0.297162 0.360673 0.302668 
0.037345 0.310534 0.340082 0.312040 
0.017097 0.328231 0.321203 0.333469 
0.021411 0.319572 0.334047 0.324969 
0.029513 0.277743 0.381714 0.311030 
0.053964 0.273270 0.337182 0.335584 
0.045980 0.283279 0.336289 0.334452 
0.126537 0.280362 0.317401 0.275700 
0.189393 0.302985 0.250075 0.257546 
0.150113 0.319338 0.346451 0.184099 
0.247825 0.280153 0.346096 0.125926 
0.326656 0.312527 0.251529 0.109288 
0.326933 0.336242 0.306956 0.029870 
0.322966 0.335914 0.291485 0.049634 
0.307646 0.347160 0.173906 0.171289 
0.260676 0.344011 0.262713 0.132600 
0.187194 0.350170 0.295675 0.166961 
0.256084 0.320961 0.331582 0.091373 
0.225834 0.356078 0.204775 0.213313 
0.212048 0.329293 0.349928 0.108731 
0.277886 0.305969 0.202889 0.213255 
0.137879 0.295593 0.312598 0.253930 
0.120453 0.266699 0.324491 0.288356 
0.314363 0.255023 0.263052 0.167562 
0.407258 0.247085 0.192567 0.153090 
0.363537 0.254064 0.178321 0.204078 
0.340831 0.258008 0.244847 0.156314 
0.237885 0.279213 0.300903 0.182000 
0.195845 0.310048 0.296631 0.197475 
0.163437 0.279590 0.390569 0.166404 
0.250281 0.282983 0.295001 0.171734 
0.340173 0.270162 0.167120 0.222545 
0.336562 0.275707 0.140142 0.247589 
0.358011 0.250840 0.173024 0.218125 
0.152200 0.263094 0.297685 0.287020 
0.165915 0.274141 0.298645 0.261298 
0.189657 0.220357 0.315648 0.274338 
0.165441 0.270650 0.261785 0.302125 
0.185977 0.206058 0.303624 0.304340 
0.224798 0.266299 0.219427 0.289476 
0.285946 0.275393 0.208816 0.229845 
0.189592 0.227828 0.389111 0.193469 
0.202665 0.215322 0.393837 0.188177 
0.240919 0.258240 0.244123 0.256718 
0.280868 0.160761 0.293318 0.265053 
0.242158 0.220140 0.329677 0.208025 
0.240900 0.230043 0.316951 0.212107 
0.340109 0.176778 0.252439 0.230675 
0.270070 0.197219 0.194552 0.338160 
0.234541 0.186255 0.234417 0.344787 
0.194456 0.229821 0.231201 0.344521 
0.168696 0.219009 0.303817 0.308479 
0.134560 0.231505 0.334816 0.299120 
0.191429 0.264681 0.291894 0.251996 
0.197532 0.282732 0.252651 0.267085 
0.258619 0.289456 0.222714 0.229211 
0.208977 0.279127 0.206289 0.305607 
0.176746 0.256118 0.267149 0.299987 
0.199304 0.281936 0.267050 0.251710 
0.133881 0.234926 0.355955 0.275237 
0.269842 0.191278 0.297203 0.241677 
0.191323 0.251518 0.362712 0.194447 
0.296016 0.217122 0.357251 0.129612 
0.333748 0.149489 0.363769 0.152993 
0.377876 0.100663 0.330448 0.191012 
0.362850 0.272112 0.069355 0.295683 
0.353643 0.309010 0.112996 0.224351 
0.372419 0.312035 0.126531 0.189015 
0.351046 0.301919 0.166617 0.180418 
0.195806 0.331551 0.291938 0.180706 
0.222212 0.331012 0.238180 0.208596 
0.335949 0.320356 0.195560 0.148135 
0.220608 0.317065 0.320919 0.141408 
0.286723 0.330923 0.199777 0.182577 
0.338113 0.330115 0.174188 0.157584 
0.342138 0.332726 0.178565 0.146571 
0.296603 0.333857 0.130276 0.239264 
0.235817 0.337615 0.135089 0.291479 
0.190660 0.325794 0.147726 0.335820 
0.159131 0.313017 0.195250 0.332601 
0.307620 0.262464 0.118995 0.310921 
0.187608 0.225695 0.261821 0.324876 
0.184969 0.283269 0.200391 0.331372 
0.334845 0.225870 0.148493 0.290792 
0.224529 0.184154 0.337894 0.253422 
0.135167 0.315341 0.293688 0.255804 
0.152848 0.346572 0.248018 0.252561 
0.300288 0.336090 0.126833 0.236789 
0.166197 0.372594 0.222909 0.238300 
0.226631 0.346669 0.182301 0.244398 
0.198524 0.365390 0.199758 0.236328 
0.149819 0.375035 0.280827 0.194319 
0.146184 0.371051 0.257155 0.225611 
0.262064 0.272767 0.196088 0.269081 
0.222002 0.286737 0.221424 0.269836 
0.308040 0.243156 0.206547 0.242257 
0.292494 0.276616 0.197230 0.233661 
0.302481 0.197205 0.303613 0.196701 
0.358976 0.136105 0.356607 0.148312 
0.345607 0.167069 0.294481 0.192844 
0.387066 0.167622 0.235590 0.209721 
0.263288 0.217243 0.285909 0.233559 
0.301250 0.178993 0.272552 0.247204 
0.259313 0.271656 0.201707 0.267324 
0.240807 0.203175 0.310731 0.245286 
0.203482 0.203136 0.353262 0.240120 
0.255036 0.200963 0.326547 0.217454 
0.244426 0.229027 0.261745 0.264802 
0.311632 0.179155 0.289180 0.220033 
0.390195 0.194313 0.201574 0.213918 
0.455741 0.195547 0.163397 0.185315 
0.344965 0.270726 0.238946 0.145363 
0.311860 0.246525 0.231915 0.209701 
0.174976 0.249215 0.315670 0.260139 
0.279221 0.164679 0.330267 0.225834 
0.212988 0.307295 0.297560 0.182157 
0.156285 0.266229 0.353954 0.223532 
0.111825 0.344201 0.337635 0.206339 
0.088489 0.367858 0.329459 0.214194 
0.159098 0.386748 0.238233 0.215920 
0.104459 0.414053 0.263789 0.217698 
0.127842 0.455366 0.178111 0.238681 
0.164044 0.436498 0.141147 0.258311 
0.243106 0.393351 0.128032 0.235512 
0.115565 0.363557 0.240702 0.280175 
0.247000 0.375467 0.125223 0.252310 
0.147878 0.430431 0.143786 0.277905 
0.182474 0.418438 0.127903 0.271185 
0.214814 0.432015 0.066561 0.286610 
0.261311 0.465493 0.014943 0.258253 
0.290970 0.420600 0.010154 0.278276 
0.331877 0.391652 0.012679 0.263792 
0.382192 0.384148 0.026904 0.206755 
0.351577 0.419564 0.013442 0.215417 
0.337157 0.454494 0.009408 0.198942 
0.372414 0.381752 0.005836 0.239998 
0.380885 0.348273 0.016632 0.254209 
0.372681 0.284127 0.052547 0.290644 
0.359906 0.302227 0.021487 0.316380 
0.350638 0.337267 0.004250 0.307845 
0.360723 0.321987 0.004570 0.312720 
0.396324 0.322391 0.008098 0.273187 
0.372098 0.341103 0.008815 0.277984 
0.367467 0.353628 0.057672 0.221233 
0.318191 0.365682 0.012320 0.303807 
0.281094 0.400599 0.016066 0.302242 
0.225672 0.414024 0.051565 0.308740 
0.158589 0.443470 0.104435 0.293506 
0.190143 0.436050 0.058377 0.315429 
0.192782 0.446937 0.057530 0.302751 
0.126301 0.436065 0.123264 0.314370 
0.225385 0.450580 0.027462 0.296573 
0.238344 0.450661 0.021911 0.289084 
0.262955 0.463678 0.001331 0.272036 
0.273475 0.444186 0.000289 0.282050 
0.309474 0.369672 0.000204 0.320650 
0.304259 0.408228 0.000097 0.287415 
0.344705 0.329712 0.000313 0.325271 
0.402635 0.272055 0.000725 0.324585 
0.382588 0.263732 0.003922 0.349759 
0.382989 0.153001 0.082236 0.381774 
0.360922 0.213106 0.036510 0.389463 
0.175979 0.097108 0.318081 0.408833 
0.241366 0.032684 0.343469 0.382481 
0.302371 0.015999 0.316661 0.364970 
0.243958 0.031135 0.338839 0.386068 
0.218293 0.046026 0.330884 0.404797 
0.227849 0.038772 0.341496 0.391882 
0.302221 0.009637 0.290830 0.397312 
0.281272 0.102076 0.194924 0.421727 
0.246373 0.217028 0.114439 0.422161 
0.322680 0.101677 0.173024 0.402619 
0.329624 0.187501 0.085962 0.396913 
0.238464 0.222400 0.124323 0.414814 
0.313073 0.110447 0.175677 0.400803 
0.319644 0.228399 0.061111 0.390847 
0.347086 0.136765 0.124409 0.391740 
0.286818 0.039914 0.289074 0.384193 
0.335096 0.108632 0.170094 0.386178 
0.292446 0.173883 0.137357 0.396314 
0.286899 0.080492 0.234339 0.398270 
0.310089 0.122554 0.171179 0.396177 
0.308351 0.164211 0.133531 0.393907 
0.297877 0.152169 0.152020 0.397934 
0.354128 0.258522 0.036473 0.350878 
0.311940 0.095483 0.194439 0.398138 
0.302649 0.139498 0.148351 0.409501 
0.210457 0.181116 0.179019 0.429408 
0.205094 0.153880 0.205225 0.435801 
0.151803 0.171049 0.235323 0.441825 
0.171242 0.165973 0.222485 0.440300 
0.227605 0.150011 0.182671 0.439713 
0.257849 0.118657 0.183509 0.439985 
0.332354 0.124486 0.126412 0.416748 
0.308986 0.116047 0.143882 0.431085 
0.314366 0.131284 0.131105 0.423245 
0.243289 0.171276 0.171288 0.414147 
0.199917 0.207675 0.181672 0.410736 
0.202513 0.205137 0.191197 0.401152 
0.151889 0.320665 0.145952 0.381494 
0.271040 0.306565 0.052405 0.369990 
0.188232 0.227060 0.190265 0.394443 
0.112350 0.303180 0.197416 0.387054 
0.304959 0.130414 0.185994 0.378633 
0.245572 0.325236 0.069558 0.359634 
0.235241 0.185978 0.191691 0.387090 
0.202600 0.211123 0.203685 0.382592 
0.318857 0.151406 0.181596 0.348141 
0.340098 0.157725 0.151990 0.350188 
0.330731 0.131279 0.179954 0.358035 
0.335649 0.224414 0.087002 0.352934 
0.266882 0.175732 0.173704 0.383682 
0.313133 0.217753 0.092034 0.377080 
0.364916 0.139153 0.143462 0.352468 
0.384898 0.285322 0.031220 0.298560 
0.355869 0.265860 0.068856 0.309415 
0.380254 0.197028 0.110568 0.312150 
0.403440 0.168354 0.115594 0.312612 
0.387403 0.148868 0.137806 0.325923 
0.350917 0.147420 0.161490 0.340173 
0.374995 0.159642 0.134910 0.330453 
0.391392 0.120354 0.167816 0.320437 
0.362303 0.104006 0.201315 0.332376 
0.372091 0.146811 0.140709 0.340389 
0.354303 0.207898 0.082462 0.355337 
0.269946 0.250486 0.112207 0.367362 
0.246499 0.219092 0.158361 0.376048 
0.289777 0.195123 0.131447 0.383653 
0.153067 0.310049 0.166561 0.370322 
0.339368 0.116718 0.178797 0.365117 
0.293335 0.151516 0.186672 0.368477 
0.287737 0.278783 0.067617 0.365863 
0.264089 0.177135 0.185213 0.373564 
0.162298 0.254115 0.216784 0.366803 
0.180409 0.349210 0.129107 0.341275 
0.222729 0.300777 0.136602 0.339892 
0.299643 0.167080 0.178190 0.355087 
0.340767 0.099969 0.216589 0.342675 
0.353172 0.053133 0.250019 0.343676 
0.350927 0.042816 0.262695 0.343562 
0.383628 0.081711 0.211219 0.323442 
0.172076 0.293717 0.193291 0.340916 
0.157839 0.301723 0.210245 0.330193 
0.208420 0.213652 0.223274 0.354654 
0.316239 0.156603 0.206351 0.320807 
0.361996 0.078130 0.252039 0.307835 
0.165959 0.186361 0.307755 0.339925 
0.303133 0.073215 0.316392 0.307261 
0.336063 0.101389 0.250847 0.311700 
0.315289 0.144430 0.249000 0.291282 
0.233716 0.211934 0.217586 0.336765 
0.261352 0.197526 0.182780 0.358341 
0.284478 0.188407 0.179422 0.347693 
0.210184 0.221075 0.216154 0.352588 
0.184474 0.252849 0.198230 0.364447 
0.262467 0.144094 0.248285 0.345154 
0.292482 0.190767 0.153623 0.363128 
0.203076 0.224095 0.202767 0.370062 
0.220085 0.212181 0.200634 0.367100 
0.324031 0.115640 0.231015 0.329314 
0.370760 0.125715 0.198579 0.304946 
0.318090 0.178997 0.173057 0.329856 
0.257573 0.177710 0.201606 0.363111 
0.333679 0.159140 0.166387 0.340793 
0.283039 0.176299 0.178246 0.362416 
0.286893 0.175041 0.179543 0.358522 
0.161274 0.234157 0.232544 0.372025 
0.116421 0.301381 0.216329 0.365870 
0.165316 0.191510 0.279305 0.363869 
0.305107 0.129354 0.215382 0.350158 
0.219128 0.138123 0.288885 0.353863 
0.322361 0.145614 0.188619 0.343405 
0.239201 0.182102 0.242013 0.336684 
0.197388 0.272179 0.200854 0.329580 
0.148361 0.286832 0.228077 0.336730 
0.189909 0.308499 0.181359 0.320233 
0.165077 0.319935 0.191164 0.323823 
0.253117 0.197483 0.211946 0.337454 
0.239339 0.208333 0.225917 0.326411 
0.139730 0.387862 0.168826 0.303582 
0.137089 0.384011 0.158553 0.320347 
0.260083 0.293742 0.126048 0.320127 
0.123744 0.318524 0.211687 0.346045 
0.176685 0.346647 0.172497 0.304172 
0.142409 0.329273 0.209826 0.318492 
0.179720 0.340663 0.146649 0.332969 
0.272052 0.321613 0.058084 0.348252 
0.224437 0.354347 0.052691 0.368526 
0.114812 0.377187 0.164351 0.343651 
0.313548 0.338894 0.016634 0.330923 
0.143391 0.330912 0.156437 0.369260 
0.258475 0.237614 0.139875 0.364036 
0.294192 0.348256 0.084983 0.272570 
0.324602 0.220581 0.093216 0.361600 
0.293934 0.213632 0.170157 0.322276 
0.360056 0.154681 0.171547 0.313716 
0.327089 0.300916 0.116185 0.255810 
0.263856 0.398282 0.165992 0.171870 
0.238398 0.316127 0.211982 0.233493 
0.244883 0.243419 0.255296 0.256402 
0.305231 0.225710 0.241361 0.227698 
0.281187 0.232258 0.237027 0.249527 
0.278424 0.315231 0.225121 0.181224 
0.315841 0.373796 0.173432 0.136931 
0.320799 0.325207 0.211512 0.142482 
0.391284 0.300101 0.166736 0.141879 
0.126288 0.371244 0.232614 0.269854 
0.189587 0.228961 0.294077 0.287375 
0.191073 0.191892 0.263299 0.353736 
0.126844 0.298947 0.246821 0.327388 
0.334861 0.220730 0.242281 0.202128 
0.352303 0.157630 0.247911 0.242156 
0.210863 0.185009 0.289556 0.314572 
0.225342 0.116994 0.307625 0.350040 
0.243707 0.098717 0.308716 0.348860 
0.268803 0.194940 0.341948 0.194309 
0.220499 0.215779 0.347215 0.216507 
0.147414 0.275534 0.342284 0.234767 
0.094622 0.268004 0.333359 0.304015 
0.098638 0.386941 0.295086 0.219335 
0.322711 0.298340 0.294530 0.084419 
0.173537 0.265141 0.336301 0.225021 
0.232259 0.209914 0.336078 0.221749 
0.285130 0.221661 0.311487 0.181722 
0.245018 0.272288 0.307186 0.175507 
0.355800 0.240714 0.290992 0.112494 
0.328222 0.340024 0.260161 0.071593 
0.403349 0.289961 0.224227 0.082463 
0.363059 0.243293 0.269146 0.124502 
0.335660 0.242926 0.277524 0.143890 
0.308432 0.322731 0.303033 0.065805 
0.374482 0.154215 0.292222 0.179081 
0.294613 0.227860 0.296060 0.181467 
0.332735 0.207249 0.266666 0.193350 
0.413048 0.159708 0.260782 0.166462 
0.393281 0.221304 0.249343 0.136071 
0.269155 0.232210 0.283392 0.215243 
0.242565 0.255128 0.261030 0.241277 
0.265338 0.233333 0.273585 0.227744 
0.239215 0.247341 0.274203 0.239241 
0.244385 0.246944 0.269266 0.239405 
0.369514 0.191311 0.238190 0.200986 
0.363732 0.186656 0.261483 0.188129 
0.405547 0.247978 0.227098 0.119377 
0.360092 0.175265 0.288413 0.176229 
0.413934 0.196191 0.255525 0.134350 
0.472535 0.155223 0.237126 0.135116 
0.398381 0.170566 0.254765 0.176289 
0.300054 0.253712 0.247434 0.198800 
0.196129 0.195640 0.264722 0.343509 
0.240505 0.173947 0.277593 0.307954 
0.127052 0.297171 0.237815 0.337962 
0.084673 0.323830 0.234380 0.357117 
0.134397 0.241651 0.271229 0.352723 
0.181982 0.198131 0.268558 0.351329 
0.208555 0.168086 0.263781 0.359578 
0.277473 0.150395 0.273689 0.298443 
0.202434 0.246017 0.297154 0.254395 
0.276768 0.245070 0.255807 0.222355 
0.251878 0.349197 0.172850 0.226075 
0.194584 0.384547 0.220124 0.200746 
0.330320 0.362696 0.252966 0.054017 
0.324696 0.321958 0.259919 0.093426 
0.348530 0.276162 0.272486 0.102821 
0.327532 0.162943 0.292073 0.217452 
0.260402 0.214695 0.310376 0.214527 
0.265386 0.213404 0.321475 0.199735 
0.216908 0.303099 0.320616 0.159377 
0.242993 0.208156 0.326643 0.222208 
0.255278 0.239494 0.322334 0.182894 
0.226714 0.222853 0.325897 0.224536 
0.209998 0.266225 0.325530 0.198247 
0.250382 0.308144 0.330817 0.110657 
0.359146 0.137070 0.316399 0.187385 
0.254060 0.196809 0.340810 0.208320 
0.248237 0.308311 0.324158 0.119293 
0.233073 0.267214 0.331980 0.167733 
0.358242 0.166505 0.319185 0.156067 
0.320825 0.298769 0.314552 0.065855 
0.338330 0.170845 0.336169 0.154655 
0.282952 0.261069 0.325058 0.130921 
0.347393 0.176307 0.311664 0.164636 
0.302504 0.188132 0.324157 0.185206 
0.252489 0.138123 0.301797 0.307591 
0.318147 0.100757 0.214091 0.367005 
0.241299 0.171556 0.213414 0.373731 
0.216067 0.143038 0.293637 0.347258 
0.170147 0.224950 0.268287 0.336616 
0.316325 0.135655 0.270242 0.277779 
0.276713 0.133102 0.250630 0.339554 
0.282802 0.102980 0.259143 0.355076 
0.185023 0.339790 0.205059 0.270128 
0.225647 0.349582 0.229814 0.194958 
0.302377 0.302475 0.296980 0.098167 
0.314258 0.239892 0.290229 0.155621 
0.295401 0.216975 0.312879 0.174745 
0.234696 0.303538 0.196951 0.264815 
0.273374 0.208525 0.306937 0.211164 
0.241781 0.329323 0.285836 0.143060 
0.322298 0.280689 0.274667 0.122347 
0.329588 0.229857 0.284422 0.156133 
0.343718 0.189168 0.284077 0.183037 
0.339601 0.131273 0.252407 0.276719 
0.347910 0.143646 0.249510 0.258934 
0.348050 0.196311 0.287725 0.167914 
0.251459 0.358312 0.236028 0.154201 
0.232318 0.268244 0.256015 0.243422 
0.321927 0.312262 0.279538 0.086273 
0.311984 0.197270 0.303916 0.186830 
0.287936 0.119522 0.304338 0.288204 
0.328505 0.133442 0.310722 0.227332 
0.275250 0.086078 0.263769 0.374903 
0.134447 0.201241 0.303712 0.360600 
0.276266 0.059795 0.321659 0.342281 
0.228837 0.110621 0.333041 0.327501 
0.191237 0.171921 0.343483 0.293358 
0.319354 0.111524 0.335221 0.233900 
0.334593 0.227554 0.330803 0.107050 
0.307202 0.186595 0.335691 0.170513 
0.316886 0.173171 0.292518 0.217426 
0.292088 0.375165 0.272083 0.060664 
0.306764 0.239339 0.238231 0.215666 
0.257972 0.242407 0.155635 0.343986 
0.326157 0.217639 0.207438 0.248765 
0.317243 0.051482 0.286516 0.344758 
0.343921 0.105165 0.292212 0.258701 
0.121692 0.272174 0.317456 0.288678 
0.200554 0.317031 0.329521 0.152894 
0.223215 0.158794 0.333033 0.284958 
0.251771 0.130569 0.334725 0.282935 
0.170198 0.183319 0.324879 0.321604 
0.139451 0.178945 0.321117 0.360487 
0.122169 0.263716 0.324977 0.289138 
0.215347 0.280542 0.246212 0.257899 
0.250912 0.153257 0.288197 0.307634 
0.220112 0.096461 0.290908 0.392519 
0.220324 0.203379 0.212484 0.363813 
0.051093 0.346414 0.261837 0.340656 
0.054542 0.349641 0.309295 0.286522 
0.046153 0.268327 0.320080 0.365439 
0.128556 0.159465 0.310180 0.401799 
0.140947 0.135851 0.298807 0.424394 
0.058329 0.222627 0.295617 0.423427 
0.207583 0.093293 0.328329 0.370794 
0.189891 0.235233 0.321215 0.253662 
0.185285 0.329734 0.353002 0.131979 
0.238522 0.194267 0.370495 0.196715 
0.262544 0.195274 0.365267 0.176914 
0.254943 0.225796 0.355863 0.163399 
0.221188 0.213166 0.364301 0.201346 
0.193440 0.241424 0.358916 0.206220 
0.242796 0.162860 0.359046 0.235298 
0.245114 0.125794 0.357195 0.271897 
0.279538 0.346297 0.331835 0.042330 
0.215519 0.227384 0.357497 0.199601 
0.250394 0.194507 0.357751 0.197348 
0.266853 0.219038 0.353155 0.160954 
0.151232 0.172843 0.340462 0.335463 
0.155468 0.308546 0.332182 0.203804 
0.072060 0.309837 0.305699 0.312404 
0.195761 0.167948 0.315742 0.320549 
0.197995 0.278230 0.342186 0.181590 
0.234618 0.237093 0.330692 0.197597 
0.303312 0.179028 0.339086 0.178573 
0.205284 0.233637 0.365495 0.195584 
0.098756 0.274123 0.349053 0.278068 
0.063833 0.310650 0.338066 0.287451 
0.185525 0.269188 0.354973 0.190313 
0.200396 0.198250 0.350788 0.250567 
0.202864 0.142554 0.335676 0.318905 
0.138197 0.193559 0.315645 0.352600 
0.025097 0.310391 0.323763 0.340748 
0.055278 0.301857 0.317107 0.325758 
0.073553 0.245944 0.315313 0.365189 
0.171353 0.130194 0.346685 0.351768 
0.140287 0.127800 0.333286 0.398627 
0.124413 0.160674 0.331843 0.383069 
0.147050 0.142619 0.345336 0.364995 
0.146920 0.148382 0.331206 0.373492 
0.026557 0.345181 0.320277 0.307986 
0.123108 0.280113 0.260840 0.335939 
0.032074 0.360046 0.257560 0.350321 
0.088171 0.278911 0.289291 0.343628 
0.190805 0.225447 0.276021 0.307727 
0.199713 0.215952 0.293445 0.290890 
0.223987 0.232053 0.325087 0.218874 
0.175891 0.192929 0.288950 0.342231 
0.170264 0.203639 0.262225 0.363872 
0.174135 0.194455 0.345913 0.285497 
0.207750 0.207009 0.295472 0.289770 
0.183038 0.182536 0.279662 0.354765 
0.195512 0.201516 0.216170 0.386802 
0.219298 0.226416 0.236144 0.318142 
0.212164 0.325554 0.213496 0.248786 
0.214104 0.217486 0.287116 0.281294 
0.215044 0.246305 0.276001 0.262650 
0.210183 0.303255 0.283092 0.203471 
0.147824 0.316277 0.248184 0.287716 
0.178926 0.314188 0.261608 0.245277 
0.222426 0.262994 0.251322 0.263257 
0.203852 0.316255 0.281460 0.198433 
0.241077 0.233568 0.285883 0.239471 
0.234039 0.214754 0.304409 0.246799 
0.154391 0.191979 0.290709 0.362920 
0.109554 0.207628 0.320748 0.362070 
0.091435 0.324619 0.267339 0.316607 
0.108792 0.332579 0.225042 0.333588 
0.129147 0.298372 0.242342 0.330139 
0.163960 0.352203 0.265789 0.218048 
0.169074 0.298885 0.316065 0.215976 
0.182548 0.255245 0.304628 0.257580 
0.174637 0.292319 0.302233 0.230810 
0.234055 0.243561 0.273913 0.248470 
0.200555 0.203164 0.353389 0.242892 
0.199042 0.164140 0.297962 0.338857 
0.114909 0.255511 0.315718 0.313862 
0.208611 0.234710 0.335729 0.220950 
0.220705 0.256652 0.303287 0.219357 
0.213123 0.218692 0.269664 0.298521 
0.222733 0.234438 0.245274 0.297555 
0.234213 0.233357 0.234255 0.298175 
0.209725 0.202035 0.214944 0.373297 
0.200724 0.268416 0.181130 0.349730 
0.196530 0.166004 0.239954 0.397511 
0.201268 0.241474 0.171145 0.386113 
0.226835 0.198222 0.220423 0.354519 
0.238639 0.234997 0.207226 0.319138 
0.203081 0.313556 0.171397 0.311966 
0.260856 0.247624 0.245036 0.246484 
0.217941 0.305394 0.189528 0.287137 
0.188860 0.294188 0.171740 0.345212 
0.187730 0.253020 0.157566 0.401684 
0.181653 0.240786 0.144206 0.433354 
0.215152 0.204159 0.179262 0.401427 
0.258884 0.245565 0.239511 0.256040 
0.226212 0.211550 0.208964 0.353274 
0.241083 0.247338 0.234688 0.276891 
0.206343 0.305352 0.233126 0.255178 
0.214613 0.354827 0.213679 0.216881 
0.207116 0.362200 0.219567 0.211118 
0.203367 0.385583 0.196541 0.214509 
0.215620 0.354928 0.230679 0.198773 
0.223841 0.228063 0.309815 0.238281 
0.215454 0.214115 0.301178 0.269253 
0.223811 0.254833 0.302290 0.219066 
0.189157 0.303877 0.240769 0.266197 
0.184139 0.315388 0.177637 0.322836 
0.215530 0.226008 0.212856 0.345605 
0.223038 0.227509 0.213029 0.336424 
0.223419 0.318856 0.211613 0.246112 
0.172074 0.301242 0.159958 0.366726 
0.209528 0.238800 0.216141 0.335531 
0.245427 0.238065 0.263510 0.252999 
0.232249 0.225013 0.284943 0.257796 
0.219669 0.189219 0.245188 0.345924 
0.225160 0.212153 0.260080 0.302608 
0.227113 0.221002 0.234164 0.317721 
0.211469 0.181691 0.255386 0.351454 
0.210276 0.212820 0.193972 0.382931 
0.225265 0.231060 0.179013 0.364662 
0.230501 0.268151 0.175428 0.325920 
0.203847 0.223976 0.173221 0.398957 
0.197069 0.250854 0.175142 0.376935 
0.263106 0.251199 0.242360 0.243335 
0.250643 0.240183 0.220004 0.289170 
0.253758 0.295251 0.207364 0.243628 
0.265314 0.293021 0.214036 0.227629 
0.250538 0.343915 0.198156 0.207390 
0.243719 0.277551 0.278642 0.200088 
0.230947 0.208039 0.319831 0.241183 
0.270337 0.242869 0.250444 0.236350 
0.313482 0.205688 0.206203 0.274627 
0.296653 0.307164 0.173418 0.222764 
0.269927 0.230309 0.280460 0.219304 
0.299040 0.292351 0.166566 0.242043 
0.317745 0.200254 0.256785 0.225215 
0.308161 0.249522 0.231424 0.210893 
0.303814 0.261986 0.189733 0.244467 
0.292648 0.192932 0.184238 0.330181 
0.237702 0.131063 0.253476 0.377759 
0.332934 0.111189 0.301182 0.254695 
0.342391 0.155996 0.267927 0.233686 
0.335727 0.207117 0.215696 0.241460 
0.335849 0.220379 0.218491 0.225281 
0.333393 0.242036 0.210117 0.214455 
0.337517 0.276780 0.186729 0.198974 
0.312071 0.314958 0.094756 0.278215 
0.285802 0.347525 0.174808 0.191865 
0.250415 0.307741 0.152166 0.289678 
0.245738 0.357824 0.119310 0.277127 
0.266483 0.366505 0.153420 0.213593 
0.150433 0.392453 0.304727 0.152387 
0.162782 0.388763 0.302351 0.146104 
0.175170 0.394477 0.299234 0.131120 
0.184946 0.395946 0.215041 0.204067 
0.204645 0.385997 0.120770 0.288588 
0.123058 0.361882 0.128443 0.386618 
0.157991 0.379023 0.091755 0.371231 
0.160967 0.420076 0.087314 0.331643 
0.191737 0.495597 0.153864 0.158802 
0.201330 0.495780 0.167954 0.134936 
0.210476 0.462337 0.209911 0.117275 
0.197496 0.465527 0.215253 0.121723 
0.114706 0.567755 0.243234 0.074304 
0.106819 0.562133 0.284345 0.046703 
0.115700 0.576855 0.229539 0.077906 
0.151199 0.622940 0.128137 0.097724 
0.132436 0.607323 0.185209 0.075032 
0.137872 0.635269 0.126251 0.100608 
0.139587 0.637707 0.141720 0.080986 
0.097409 0.642491 0.199848 0.060252 
0.102292 0.604265 0.214967 0.078476 
0.082147 0.571396 0.262544 0.083912 
0.067395 0.524130 0.313382 0.095094 
0.072798 0.532838 0.268133 0.126231 
0.104116 0.515308 0.290223 0.090353 
0.133614 0.464956 0.221812 0.179618 
0.154183 0.425456 0.226597 0.193765 
0.078044 0.391433 0.289167 0.241355 
0.020397 0.379571 0.261510 0.338522 
0.020019 0.343940 0.347250 0.288791 
0.174155 0.385366 0.258345 0.182134 
0.170977 0.379480 0.201702 0.247842 
0.180986 0.396946 0.164238 0.257831 
0.212019 0.392040 0.200651 0.195290 
0.183222 0.402532 0.175923 0.238322 
0.142985 0.450828 0.141293 0.264894 
0.092078 0.435444 0.162615 0.309863 
0.114975 0.475648 0.100358 0.309019 
0.155421 0.470705 0.152604 0.221270 
0.157261 0.511280 0.133256 0.198203 
0.147496 0.504218 0.141898 0.206389 
0.115107 0.501811 0.176710 0.206372 
0.152040 0.494033 0.145524 0.208402 
0.131188 0.458110 0.230478 0.180225 
0.157930 0.460061 0.115887 0.266121 
0.187541 0.449418 0.150520 0.212522 
0.209899 0.473150 0.157783 0.159169 
0.174244 0.484139 0.247192 0.094425 
0.176956 0.424132 0.106847 0.292065 
0.140060 0.415205 0.112451 0.332283 
0.153567 0.383775 0.127842 0.334816 
0.156535 0.409477 0.099055 0.334933 
0.094605 0.440031 0.153198 0.312166 
0.157865 0.416586 0.257006 0.168543 
0.196080 0.386064 0.306821 0.111035 
0.082355 0.400168 0.254166 0.263311 
0.145245 0.348667 0.345322 0.160766 
0.208032 0.309479 0.328042 0.154447 
0.116312 0.254889 0.285140 0.343660 
0.176322 0.265404 0.351080 0.207194 
0.224602 0.231719 0.373515 0.170164 
0.234286 0.221797 0.352989 0.190929 
0.237644 0.206977 0.330975 0.224404 
0.219479 0.237007 0.342079 0.201435 
0.264430 0.219288 0.278413 0.237869 
0.259938 0.272167 0.287276 0.180619 
0.256459 0.208576 0.307627 0.227338 
0.259180 0.199922 0.321094 0.219805 
0.247049 0.198586 0.298569 0.255796 
0.260575 0.176499 0.327119 0.235807 
0.242310 0.238614 0.360087 0.158989 
0.271898 0.240416 0.321230 0.166456 
0.278214 0.161071 0.356329 0.204386 
0.263279 0.064565 0.379948 0.292207 
0.309048 0.176465 0.356634 0.157852 
0.300159 0.170995 0.387196 0.141650 
0.315233 0.167586 0.363009 0.154172 
0.288003 0.067458 0.362106 0.282433 
0.285252 0.053615 0.383996 0.277137 
0.264135 0.114580 0.405073 0.216212 
0.270280 0.112774 0.404744 0.212201 
0.267107 0.075308 0.422459 0.235127 
0.236630 0.022320 0.425454 0.315596 
0.237087 0.014414 0.381397 0.367101 
0.259669 0.011124 0.427756 0.301452 
0.218197 0.013123 0.448618 0.320062 
0.168170 0.013872 0.425578 0.392380 
0.174836 0.012811 0.431606 0.380747 
0.189900 0.026604 0.404423 0.379073 
0.159779 0.069070 0.383926 0.387224 
0.157321 0.078532 0.396951 0.367197 
0.182635 0.056614 0.333987 0.426764 
0.154056 0.106241 0.349092 0.390611 
0.182447 0.133205 0.330355 0.353993 
0.156340 0.158685 0.357597 0.327378 
0.201982 0.214370 0.305995 0.277652 
0.205238 0.179001 0.319634 0.296127 
0.248875 0.176061 0.360663 0.214401 
0.243917 0.211493 0.318708 0.225882 
0.214936 0.209744 0.239585 0.335734 
0.186005 0.122091 0.402671 0.289233 
0.143494 0.105808 0.395843 0.354854 
0.147430 0.065890 0.458733 0.327947 
0.120284 0.109224 0.395082 0.375410 
0.104489 0.108235 0.520535 0.266741 
0.164514 0.159658 0.387928 0.287900 
0.150876 0.108943 0.468011 0.272169 
0.151544 0.153969 0.490691 0.203795 
0.185064 0.181011 0.406386 0.227539 
0.199634 0.186058 0.379131 0.235177 
0.159117 0.147210 0.387975 0.305698 
0.221045 0.221846 0.213703 0.343406 
0.242880 0.253646 0.258187 0.245286 
0.255975 0.248133 0.243499 0.252394 
0.235213 0.237206 0.224708 0.302874 
0.243245 0.225919 0.212330 0.318507 
0.260431 0.218574 0.212100 0.308895 
0.239311 0.252123 0.226886 0.281680 
0.276227 0.167625 0.354736 0.201412 
0.309399 0.223385 0.246571 0.220645 
0.291188 0.222909 0.300064 0.185839 
0.308942 0.266295 0.210523 0.214241 
0.299167 0.240758 0.228611 0.231463 
0.252942 0.214686 0.312496 0.219876 
0.227191 0.138582 0.300851 0.333376 
0.157605 0.151392 0.367865 0.323138 
0.191603 0.105379 0.326600 0.376418 
0.188640 0.120344 0.308994 0.382022 
0.185036 0.120849 0.275213 0.418902 
0.213737 0.071636 0.365377 0.349251 
0.156083 0.110213 0.398189 0.335515 
0.193602 0.086673 0.370448 0.349277 
0.236846 0.041571 0.319634 0.401949 
0.167813 0.055023 0.367806 0.409358 
0.204571 0.123186 0.369874 0.302369 
0.180917 0.150309 0.410985 0.257789 
0.216770 0.192351 0.393322 0.197557 
0.297705 0.206441 0.280380 0.215474 
0.305900 0.218703 0.225428 0.249970 
0.269499 0.236399 0.245887 0.248215 
0.235256 0.220644 0.330021 0.214079 
0.260504 0.213937 0.310173 0.215386 
0.267710 0.203064 0.301694 0.227533 
0.254023 0.246513 0.241870 0.257595 
0.213021 0.233654 0.340832 0.212493 
0.207868 0.225826 0.251349 0.314957 
0.208685 0.189290 0.320694 0.281332 
0.165986 0.148504 0.326531 0.358980 
0.198898 0.120634 0.339243 0.341226 
0.208457 0.196888 0.285930 0.308725 
0.227697 0.207029 0.201126 0.364148 
0.243213 0.149439 0.321360 0.285989 
0.290748 0.182662 0.164618 0.361971 
0.254178 0.136888 0.276977 0.331957 
0.198325 0.207917 0.241842 0.351916 
0.197223 0.222474 0.231192 0.349112 
0.114633 0.138400 0.425922 0.321045 
0.135477 0.123935 0.365384 0.375204 
0.105358 0.107983 0.479826 0.306833 
0.107462 0.107203 0.450885 0.334450 
0.087711 0.102824 0.491268 0.318198 
0.086311 0.094491 0.542360 0.276838 
0.110224 0.087772 0.559409 0.242596 
0.107051 0.039258 0.593341 0.260350 
0.105152 0.097158 0.543177 0.254513 
0.116707 0.137454 0.496138 0.249702 
0.257391 0.101082 0.390000 0.251527 
0.169297 0.126539 0.419102 0.285062 
0.190617 0.240710 0.283204 0.285469 
0.239096 0.240981 0.206501 0.313423 
0.333292 0.210415 0.240304 0.215989 
0.179071 0.208818 0.245382 0.366729 
0.247128 0.268247 0.248356 0.236270 
0.205055 0.212454 0.270342 0.312148 
0.162349 0.161689 0.273197 0.402765 
0.270385 0.166863 0.184041 0.378711 
0.228562 0.173981 0.168112 0.429345 
0.229239 0.162339 0.162608 0.445813 
0.187259 0.196717 0.131123 0.484901 
0.293865 0.232483 0.182391 0.291261 
0.321493 0.267038 0.196058 0.215411 
0.203119 0.302784 0.273729 0.220368 
0.227892 0.302883 0.209598 0.259627 
0.215967 0.242324 0.296311 0.245399 
0.216555 0.225754 0.294992 0.262699 
0.237736 0.270758 0.238931 0.252575 
0.232759 0.288211 0.231930 0.247099 
0.222013 0.281129 0.238629 0.258230 
0.297987 0.295565 0.178332 0.228116 
0.327983 0.278032 0.169134 0.224850 
0.350125 0.261333 0.286314 0.102228 
0.342081 0.291019 0.165498 0.201402 
0.327144 0.279355 0.131799 0.261703 
0.092919 0.281897 0.299451 0.325733 
0.164153 0.282159 0.197714 0.355974 
0.101448 0.258893 0.281297 0.358363 
0.065786 0.241530 0.350020 0.342663 
0.160260 0.272042 0.203608 0.364090 
0.144272 0.290991 0.181123 0.383614 
0.255349 0.212395 0.170664 0.361592 
0.198411 0.280535 0.161176 0.359877 
0.244025 0.281974 0.130481 0.343520 
0.155478 0.267108 0.246598 0.330816 
0.186992 0.292201 0.270127 0.250681 
0.114930 0.294130 0.305995 0.284945 
0.222886 0.294825 0.246955 0.235334 
0.209238 0.280231 0.212858 0.297673 
0.160682 0.291043 0.200778 0.347497 
0.217425 0.301407 0.146964 0.334204 
0.209973 0.274973 0.177639 0.337415 
0.235448 0.284022 0.120067 0.360463 
0.317627 0.260481 0.061374 0.360518 
0.208581 0.214459 0.234291 0.342670 
0.109995 0.252988 0.338448 0.298569 
0.113414 0.248828 0.326036 0.311722 
0.118561 0.203202 0.352103 0.326134 
0.264446 0.106371 0.335771 0.293413 
0.270904 0.054789 0.348937 0.325370 
0.215293 0.146371 0.376785 0.261551 
0.129533 0.197390 0.373118 0.299958 
0.096474 0.187070 0.421494 0.294962 
0.296100 0.184934 0.202883 0.316083 
0.266541 0.145506 0.358795 0.229158 
0.318376 0.117859 0.259168 0.304597 
0.167466 0.224641 0.241515 0.366377 
0.277689 0.217765 0.195976 0.308570 
0.228730 0.296526 0.339070 0.135674 
0.368224 0.285844 0.212694 0.133238 
0.357265 0.304527 0.186701 0.151507 
0.231928 0.297851 0.222027 0.248194 
0.358019 0.291851 0.189358 0.160772 
0.231031 0.303616 0.226354 0.238998 
0.221773 0.300124 0.282643 0.195459 
0.310958 0.256879 0.333821 0.098343 
0.239160 0.270499 0.295238 0.195104 
0.228683 0.295438 0.247529 0.228351 
0.180721 0.219730 0.358852 0.240697 
0.234792 0.287531 0.244726 0.232950 
0.324280 0.275437 0.215110 0.185172 
0.196676 0.293337 0.263367 0.246620 
0.195580 0.286921 0.269999 0.247499 
0.233031 0.278346 0.249265 0.239358 
0.251700 0.281227 0.240565 0.226508 
0.253975 0.263551 0.283394 0.199079 
0.334738 0.222278 0.279380 0.163604 
0.175516 0.278281 0.325666 0.220538 
0.239304 0.223817 0.259337 0.277543 
0.282380 0.243506 0.334514 0.139600 
0.166578 0.314465 0.299471 0.219487 
0.090281 0.252305 0.349618 0.307796 
0.151555 0.291179 0.227226 0.330041 
0.114159 0.322979 0.213582 0.349280 
0.037525 0.300012 0.414502 0.247962 
0.061037 0.301676 0.420825 0.216463 
0.017168 0.318360 0.377240 0.287232 
0.221778 0.265029 0.402620 0.110574 
0.218300 0.240113 0.388284 0.153302 
0.299923 0.200099 0.330539 0.169439 
0.354989 0.288595 0.130807 0.225610 
0.389799 0.281791 0.223702 0.104708 
0.377418 0.305671 0.100850 0.216060 
0.374503 0.298508 0.221852 0.105136 
0.335956 0.301380 0.296637 0.066027 
0.304707 0.344534 0.222759 0.128000 
0.266263 0.347861 0.179962 0.205914 
0.199553 0.344415 0.220820 0.235211 
0.142778 0.340044 0.288430 0.228748 
0.103608 0.341144 0.310824 0.244424 
