0.277726 0.269040 0.175452 0.277782 
0.327956 0.323831 0.325833 0.022379 
0.343881 0.343828 0.311457 0.000834 
0.353916 0.353138 0.292946 0.000000 
0.352749 0.352501 0.294739 0.000010 
0.351029 0.348315 0.300656 0.000000 
0.362099 0.349261 0.288640 0.000000 
0.361797 0.349828 0.288375 0.000000 
0.351146 0.345940 0.302915 0.000000 
0.346950 0.341009 0.312042 0.000000 
0.356286 0.342267 0.301447 0.000000 
0.355419 0.351077 0.293503 0.000001 
0.377026 0.353687 0.268578 0.000709 
0.380226 0.353944 0.263311 0.002519 
0.370854 0.345687 0.283078 0.000381 
0.392467 0.346424 0.261032 0.000078 
0.391143 0.339982 0.268824 0.000050 
0.380981 0.324923 0.294096 0.000000 
0.395358 0.316323 0.288315 0.000004 
0.372114 0.296468 0.331403 0.000015 
0.371256 0.292918 0.335822 0.000004 
0.375364 0.281288 0.343347 0.000001 
0.402615 0.261169 0.335055 0.001161 
0.419589 0.255689 0.320885 0.003838 
0.423692 0.258133 0.312426 0.005749 
0.433549 0.170510 0.299340 0.096601 
0.441155 0.146232 0.126558 0.286055 
0.431224 0.088016 0.166871 0.313888 
0.434618 0.243740 0.021492 0.300150 
0.414024 0.148214 0.085257 0.352506 
0.452366 0.208982 0.092835 0.245817 
0.452049 0.252734 0.213709 0.081508 
0.458152 0.188627 0.176174 0.177047 
0.440119 0.010238 0.277872 0.271771 
0.398183 0.000080 0.267780 0.333957 
0.363365 0.021380 0.165034 0.450221 
0.347084 0.003395 0.183016 0.466504 
0.321726 0.052564 0.095620 0.530090 
0.266951 0.059171 0.050350 0.623528 
0.352942 0.086068 0.080646 0.480344 
0.368079 0.171091 0.024947 0.435883 
0.368354 0.145477 0.039701 0.446468 
0.407193 0.055433 0.165092 0.372281 
0.408564 0.012426 0.223151 0.355860 
0.434308 0.117124 0.128459 0.320109 
0.432686 0.065684 0.188794 0.312835 
0.411394 0.227015 0.014723 0.346869 
0.448455 0.254992 0.043044 0.253509 
0.449201 0.288985 0.134192 0.127622 
0.442719 0.302789 0.141750 0.112742 
0.434325 0.313421 0.042478 0.209776 
0.439429 0.306877 0.181058 0.072636 
0.437506 0.312337 0.174905 0.075252 
0.440511 0.276579 0.271591 0.011320 
0.442687 0.272810 0.262708 0.021795 
0.432134 0.258315 0.296983 0.012568 
0.437081 0.048029 0.296926 0.217964 
0.448696 0.178400 0.284353 0.088551 
0.443732 0.028877 0.279186 0.248205 
0.446684 0.061764 0.284897 0.206655 
0.441570 0.127672 0.298780 0.131978 
0.437633 0.159639 0.312559 0.090169 
0.418417 0.000910 0.269528 0.311144 
0.445551 0.112102 0.294298 0.148048 
0.441818 0.014341 0.274045 0.269795 
0.433965 0.005758 0.269595 0.290682 
0.423642 0.011399 0.243648 0.321311 
0.440281 0.017445 0.254133 0.288140 
0.442042 0.107219 0.147095 0.303645 
0.454489 0.138878 0.148495 0.258137 
0.453165 0.108951 0.187271 0.250613 
0.456371 0.167579 0.147099 0.228951 
0.448374 0.256757 0.066283 0.228586 
0.439706 0.258391 0.015154 0.286750 
0.436455 0.312739 0.089339 0.161467 
0.432217 0.326380 0.118584 0.122820 
0.403194 0.326009 0.000270 0.270527 
0.440680 0.307127 0.133413 0.118780 
0.435156 0.307420 0.039481 0.217943 
0.435329 0.302276 0.024028 0.238367 
0.425968 0.305958 0.011115 0.256960 
0.440214 0.306239 0.133717 0.119830 
0.431576 0.299752 0.009153 0.259518 
0.438179 0.308970 0.129535 0.123317 
0.424466 0.335913 0.101799 0.137822 
0.418575 0.332173 0.025030 0.224222 
0.418471 0.335211 0.058298 0.188019 
0.413060 0.352305 0.042388 0.192247 
0.413827 0.358769 0.094247 0.133158 
0.409256 0.360053 0.176599 0.054091 
0.405132 0.359120 0.023797 0.211951 
0.402784 0.376514 0.094744 0.125957 
0.401068 0.346237 0.001339 0.251356 
0.406537 0.287713 0.000269 0.305481 
0.448922 0.219154 0.098811 0.233112 
0.424677 0.183566 0.061259 0.330497 
0.405913 0.046397 0.181140 0.366549 
0.414447 0.021651 0.222812 0.341090 
0.425483 0.001124 0.291174 0.282219 
0.440971 0.157430 0.292950 0.108650 
0.356715 0.084577 0.469875 0.088832 
0.350914 0.120385 0.471043 0.057658 
0.268058 0.145537 0.584167 0.002238 
0.223074 0.005794 0.671453 0.099678 
0.128611 0.027192 0.819997 0.024200 
0.147307 0.026819 0.793200 0.032673 
0.157681 0.029492 0.779944 0.032883 
0.243864 0.070153 0.654795 0.031188 
0.244239 0.000937 0.632521 0.122302 
0.217262 0.003409 0.683735 0.095595 
0.224527 0.034546 0.684147 0.056780 
0.318897 0.068305 0.538421 0.074377 
0.357607 0.121968 0.467109 0.053316 
0.402231 0.086069 0.379164 0.132537 
0.373715 0.063356 0.424060 0.138869 
0.452539 0.163586 0.192340 0.191534 
0.432129 0.166374 0.097395 0.304103 
0.437645 0.116134 0.293240 0.152981 
0.450238 0.255889 0.219122 0.074751 
0.448474 0.277958 0.167800 0.105768 
0.437371 0.292859 0.251915 0.017856 
0.444237 0.280457 0.239127 0.036180 
0.441265 0.266679 0.018752 0.273304 
0.437196 0.257275 0.016304 0.289226 
0.452445 0.222829 0.118109 0.206617 
0.413569 0.000134 0.298169 0.288128 
0.378853 0.108480 0.425759 0.086908 
0.329132 0.075017 0.517073 0.078778 
0.276300 0.065271 0.605391 0.053037 
0.302124 0.057018 0.562292 0.078566 
0.323721 0.094934 0.527865 0.053479 
0.266560 0.003628 0.605957 0.123854 
0.328280 0.057786 0.519145 0.094789 
0.335586 0.054975 0.506920 0.102520 
0.414064 0.150556 0.357142 0.078238 
0.407630 0.009965 0.348835 0.233569 
0.365984 0.000009 0.380260 0.253748 
0.292146 0.000000 0.487428 0.220426 
0.234321 0.000000 0.472466 0.293213 
0.259095 0.000000 0.480957 0.259949 
0.305059 0.000012 0.504823 0.190106 
0.327071 0.000001 0.443614 0.229314 
0.335077 0.000000 0.347680 0.317243 
0.366563 0.001112 0.220209 0.412116 
0.418332 0.007186 0.318227 0.256256 
0.446845 0.211734 0.263805 0.077616 
0.444063 0.221476 0.180665 0.153796 
0.438889 0.193908 0.069577 0.297626 
0.412268 0.027921 0.206873 0.352939 
0.422122 0.043215 0.195359 0.339304 
0.415906 0.102636 0.121908 0.359550 
0.432865 0.113361 0.128453 0.325321 
0.420541 0.004173 0.258294 0.316992 
0.409663 0.000074 0.284431 0.305832 
0.418818 0.000986 0.268432 0.311764 
0.414966 0.000228 0.281202 0.303604 
0.424575 0.010853 0.247219 0.317352 
0.441748 0.033578 0.231845 0.292829 
0.433200 0.072873 0.173964 0.319963 
0.446286 0.127298 0.130922 0.295493 
0.441009 0.030393 0.254647 0.273951 
0.432352 0.004173 0.282414 0.281061 
0.431075 0.005907 0.300326 0.262693 
0.413197 0.000072 0.299536 0.287196 
0.438158 0.008615 0.274500 0.278726 
0.424257 0.002652 0.273015 0.300076 
0.443117 0.161514 0.103460 0.291909 
0.440398 0.078767 0.174466 0.306368 
0.458437 0.181068 0.174892 0.185603 
0.458490 0.185201 0.173218 0.183090 
0.454567 0.232023 0.169363 0.144047 
0.452083 0.274436 0.154732 0.118748 
0.447498 0.289687 0.113044 0.149770 
0.433483 0.264587 0.006284 0.295646 
0.444161 0.266349 0.022487 0.267004 
0.445792 0.215873 0.259488 0.078847 
0.440338 0.278154 0.022958 0.258549 
0.418571 0.305874 0.000440 0.275116 
0.408917 0.297863 0.000044 0.293176 
0.418403 0.317898 0.005344 0.258355 
0.408484 0.296625 0.000021 0.294870 
0.416621 0.322490 0.004942 0.255947 
0.428338 0.329845 0.091476 0.150341 
0.428331 0.332283 0.153691 0.085695 
0.424729 0.317449 0.249369 0.008453 
0.420192 0.307876 0.252953 0.018979 
0.426161 0.299424 0.211446 0.062969 
0.427757 0.313396 0.246727 0.012119 
0.428141 0.322517 0.190966 0.058376 
0.435669 0.304610 0.212478 0.047243 
0.437510 0.298357 0.035370 0.228763 
0.436359 0.307317 0.219106 0.037218 
0.440320 0.305142 0.173859 0.080680 
0.433041 0.321453 0.166264 0.079242 
0.436950 0.316514 0.144782 0.101754 
0.418533 0.334154 0.013132 0.234181 
0.421533 0.338303 0.033966 0.206197 
0.411271 0.334716 0.005205 0.248808 
0.402440 0.353816 0.078254 0.165489 
0.401627 0.344968 0.004813 0.248592 
0.400066 0.356645 0.008234 0.235056 
0.401319 0.345591 0.000776 0.252315 
0.390986 0.346956 0.000190 0.261867 
0.407681 0.344518 0.244575 0.003226 
0.399638 0.354286 0.244512 0.001563 
0.414678 0.340377 0.213339 0.031606 
0.407286 0.339331 0.250832 0.002552 
0.427993 0.331106 0.155866 0.085036 
0.421431 0.331480 0.030166 0.216923 
0.426466 0.336937 0.132146 0.104451 
0.420103 0.324037 0.016204 0.239656 
0.433760 0.317546 0.104577 0.144117 
0.419194 0.329108 0.013981 0.237717 
0.394748 0.325566 0.000020 0.279666 
0.417524 0.335926 0.127231 0.119319 
0.409637 0.327080 0.262475 0.000808 
0.408360 0.326765 0.264019 0.000856 
0.407830 0.332213 0.005608 0.254349 
0.349261 0.289752 0.000000 0.360987 
0.333206 0.275156 0.000000 0.391639 
0.346671 0.213433 0.074474 0.365422 
0.361623 0.075349 0.367243 0.195785 
0.305644 0.002304 0.456868 0.235183 
0.269407 0.000000 0.508555 0.222038 
0.227363 0.042299 0.667048 0.063290 
0.166545 0.038431 0.762475 0.032549 
0.149200 0.056087 0.785939 0.008774 
0.156116 0.000069 0.758563 0.085252 
0.187414 0.000050 0.707406 0.105130 
0.208629 0.000030 0.668034 0.123308 
0.363771 0.006332 0.425196 0.204701 
0.257380 0.000030 0.583284 0.159306 
0.164959 0.000002 0.726405 0.108634 
0.115145 0.000027 0.817239 0.067589 
0.131438 0.000000 0.768070 0.100492 
0.189280 0.000000 0.657370 0.153350 
0.278720 0.000018 0.550666 0.170596 
0.290742 0.007216 0.565312 0.136730 
0.276550 0.008550 0.590009 0.124890 
0.316098 0.000584 0.504420 0.178897 
0.399491 0.000928 0.337826 0.261755 
0.386408 0.000336 0.362638 0.250618 
0.381928 0.013366 0.401225 0.203481 
0.406603 0.009881 0.343659 0.239857 
0.423472 0.002057 0.279755 0.294716 
0.431071 0.012119 0.263180 0.293630 
0.434449 0.015775 0.283507 0.266269 
0.430338 0.129964 0.321019 0.118680 
0.387913 0.028749 0.394491 0.188847 
0.411280 0.061736 0.358524 0.168460 
0.415967 0.088418 0.348586 0.147030 
0.370203 0.017859 0.426756 0.185182 
0.356333 0.068412 0.465867 0.109388 
0.384620 0.076732 0.414638 0.124009 
0.388451 0.070735 0.401721 0.139093 
0.421814 0.130143 0.339907 0.108137 
0.411369 0.113562 0.361135 0.113935 
0.415257 0.237149 0.324183 0.023411 
0.406392 0.310146 0.283088 0.000374 
0.438291 0.294765 0.175325 0.091619 
0.438420 0.280514 0.161954 0.119112 
0.419124 0.299592 0.264084 0.017200 
0.419839 0.263993 0.011995 0.304173 
0.429753 0.273491 0.011768 0.284988 
0.427975 0.073812 0.191901 0.306312 
0.418998 0.214387 0.036818 0.329797 
0.432460 0.121411 0.141405 0.304724 
0.416991 0.079337 0.159262 0.344410 
0.429747 0.182632 0.072346 0.315275 
0.413106 0.239202 0.017755 0.329937 
0.403529 0.246921 0.005074 0.344477 
0.404465 0.269655 0.000832 0.325048 
0.396966 0.355312 0.003959 0.243763 
0.421765 0.304786 0.004370 0.269078 
0.414928 0.294119 0.000247 0.290706 
0.436813 0.268308 0.077606 0.217273 
0.443736 0.213032 0.187489 0.155743 
0.445567 0.102530 0.235076 0.216827 
0.447765 0.134296 0.221606 0.196333 
0.448412 0.173954 0.191185 0.186449 
0.447223 0.125377 0.216444 0.210956 
0.448520 0.253679 0.145418 0.152383 
0.448498 0.230102 0.128675 0.192724 
0.431856 0.086094 0.175818 0.306232 
0.426193 0.088188 0.169595 0.316024 
0.443318 0.124312 0.202810 0.229560 
0.420041 0.178503 0.074335 0.327121 
0.433586 0.077386 0.199114 0.289915 
0.437066 0.164842 0.109604 0.288489 
0.439129 0.228365 0.069136 0.263370 
0.426655 0.205114 0.054491 0.313740 
0.401197 0.150324 0.079300 0.369179 
0.384744 0.182327 0.041239 0.391690 
0.391207 0.187155 0.038508 0.383130 
0.347128 0.023575 0.168609 0.460688 
0.399244 0.078929 0.149260 0.372566 
0.364462 0.089019 0.109690 0.436829 
0.310192 0.007697 0.159577 0.522534 
0.325452 0.022376 0.150680 0.501492 
0.411977 0.120106 0.120746 0.347171 
0.383731 0.091255 0.125164 0.399849 
0.424435 0.167194 0.099361 0.309010 
0.406547 0.137660 0.121649 0.334144 
0.432621 0.196858 0.163909 0.206612 
0.428183 0.086945 0.284455 0.200417 
0.421044 0.034049 0.239341 0.305565 
0.421813 0.091438 0.170174 0.316576 
0.336504 0.171835 0.016873 0.474788 
0.285789 0.144387 0.011531 0.558292 
0.352013 0.192219 0.012515 0.443253 
0.331879 0.180615 0.008040 0.479466 
0.297191 0.148824 0.015341 0.538644 
0.291245 0.124613 0.033620 0.550522 
0.356137 0.186838 0.023744 0.433281 
0.386567 0.110654 0.113513 0.389266 
0.429690 0.129555 0.154871 0.285883 
0.416821 0.212653 0.050151 0.320375 
0.389574 0.277915 0.000770 0.331741 
0.392964 0.329166 0.002032 0.275838 
0.381937 0.267562 0.005734 0.344768 
0.375505 0.263234 0.003417 0.357844 
0.319202 0.221361 0.002681 0.456756 
0.416438 0.237072 0.081372 0.265117 
0.399423 0.273307 0.004595 0.322675 
0.410428 0.310086 0.016939 0.262547 
0.397385 0.280079 0.001794 0.320742 
0.422241 0.298993 0.077866 0.200900 
0.432969 0.255578 0.155220 0.156232 
0.424265 0.265287 0.248616 0.061832 
0.426457 0.299541 0.201920 0.072082 
0.415423 0.328617 0.146793 0.109168 
0.432461 0.267968 0.216214 0.083358 
0.428407 0.142348 0.285869 0.143376 
0.425382 0.055046 0.211911 0.307661 
0.433633 0.135408 0.238840 0.192119 
0.433472 0.189463 0.114588 0.262477 
0.430249 0.275528 0.200617 0.093605 
0.398700 0.255539 0.338315 0.007446 
0.394191 0.251686 0.345777 0.008347 
0.374891 0.246324 0.376305 0.002480 
0.340129 0.228527 0.430898 0.000446 
0.366991 0.268894 0.364030 0.000086 
0.371782 0.238746 0.360804 0.028668 
0.344837 0.253456 0.399308 0.002399 
0.378782 0.270589 0.350024 0.000606 
0.336917 0.213551 0.447054 0.002478 
0.368598 0.012134 0.390786 0.228482 
0.368225 0.003945 0.389853 0.237978 
0.352913 0.016032 0.428327 0.202729 
0.368568 0.043171 0.409343 0.178918 
0.409723 0.220303 0.327086 0.042888 
0.411050 0.262797 0.296571 0.029582 
0.422130 0.286734 0.064412 0.226724 
0.411606 0.265512 0.016686 0.306196 
0.433356 0.237083 0.165968 0.163592 
0.427776 0.114955 0.228377 0.228892 
0.425418 0.128760 0.298044 0.147777 
0.412042 0.020056 0.315744 0.252157 
0.399301 0.014329 0.339739 0.246630 
0.407588 0.099848 0.342801 0.149763 
0.394548 0.028546 0.355174 0.221732 
0.322079 0.022118 0.496247 0.159557 
0.333747 0.001919 0.449250 0.215084 
0.343649 0.000013 0.388097 0.268241 
0.296841 0.000014 0.480744 0.222401 
0.291551 0.000000 0.432416 0.276033 
0.359727 0.000004 0.290040 0.350230 
0.358487 0.000002 0.314155 0.327357 
0.316836 0.000000 0.379948 0.303216 
0.358076 0.000002 0.349313 0.292608 
0.357976 0.000000 0.320209 0.321814 
0.387145 0.000049 0.296875 0.315930 
0.376198 0.018999 0.263155 0.341648 
0.403727 0.211269 0.046740 0.338264 
0.390235 0.172533 0.062322 0.374911 
0.382849 0.155513 0.068409 0.393229 
0.369958 0.219555 0.012511 0.397976 
0.366669 0.023675 0.211503 0.398153 
0.372078 0.143475 0.076237 0.408210 
0.365171 0.250778 0.001018 0.383033 
0.368545 0.217808 0.018882 0.394765 
0.350067 0.273068 0.000013 0.376851 
0.348260 0.270956 0.000795 0.379989 
0.346095 0.282873 0.000008 0.371025 
0.332409 0.297059 0.000000 0.370532 
0.340364 0.286503 0.000002 0.373130 
0.372171 0.266135 0.000311 0.361384 
0.386120 0.250186 0.005382 0.358311 
0.373645 0.272015 0.000110 0.354230 
0.359337 0.327440 0.000000 0.313223 
0.357654 0.337253 0.000000 0.305093 
0.285317 0.423034 0.000000 0.291649 
0.240898 0.499173 0.000000 0.259929 
0.279647 0.411944 0.000000 0.308409 
0.248555 0.494813 0.000000 0.256632 
0.257113 0.474084 0.000000 0.268803 
0.263545 0.512784 0.000000 0.223671 
0.309465 0.497368 0.000494 0.192673 
0.300497 0.531930 0.034785 0.132788 
0.343840 0.459298 0.043467 0.153394 
0.377047 0.388760 0.185213 0.048980 
0.388876 0.388711 0.124147 0.098266 
0.365080 0.398159 0.003831 0.232930 
0.355435 0.408875 0.001529 0.234160 
0.390158 0.358841 0.037974 0.213028 
0.400433 0.331342 0.005587 0.262638 
0.396400 0.365624 0.097849 0.140126 
0.388658 0.389025 0.111934 0.110383 
0.356377 0.289196 0.000001 0.354427 
0.414659 0.336868 0.102177 0.146296 
0.388597 0.385822 0.146596 0.078986 
0.382611 0.393029 0.074216 0.150143 
0.393460 0.365560 0.189403 0.051577 
0.374876 0.416774 0.078028 0.130322 
0.361178 0.415579 0.002900 0.220342 
0.401654 0.360134 0.185106 0.053105 
0.388049 0.393175 0.093678 0.125098 
0.401850 0.356043 0.132728 0.109379 
0.402316 0.348824 0.188855 0.060005 
0.385885 0.390139 0.139772 0.084204 
0.393908 0.385664 0.143957 0.076470 
0.385101 0.350971 0.000289 0.263638 
0.409031 0.280926 0.000680 0.309363 
0.440776 0.276571 0.179505 0.103147 
0.431289 0.264062 0.287014 0.017634 
0.436411 0.293874 0.113763 0.155953 
0.425525 0.289235 0.004363 0.280876 
0.431497 0.297106 0.037497 0.233900 
0.446929 0.241133 0.151529 0.160410 
0.433802 0.296114 0.068979 0.201105 
0.431705 0.302342 0.122339 0.143614 
0.429851 0.219214 0.103365 0.247570 
0.431292 0.284476 0.012558 0.271674 
0.402294 0.284017 0.000125 0.313563 
0.431408 0.314445 0.147341 0.106806 
0.393784 0.367551 0.066329 0.172337 
0.388638 0.369550 0.037769 0.204043 
0.396325 0.329839 0.000251 0.273585 
0.409411 0.350137 0.099789 0.140663 
0.404295 0.335960 0.255820 0.003925 
0.423144 0.321173 0.205434 0.050249 
0.408514 0.335310 0.228345 0.027831 
0.425866 0.291308 0.005602 0.277224 
0.421066 0.178925 0.090635 0.309374 
0.429853 0.262194 0.017785 0.290167 
0.438983 0.057661 0.237286 0.266071 
0.413864 0.327343 0.226369 0.032424 
0.403454 0.339373 0.031850 0.225323 
0.388827 0.292150 0.001636 0.317386 
0.378783 0.344237 0.000031 0.276949 
0.301981 0.411593 0.000000 0.286426 
0.284173 0.448231 0.000000 0.267597 
0.278416 0.306694 0.000000 0.414890 
0.299063 0.343689 0.000000 0.357248 
0.395243 0.364306 0.018429 0.222022 
0.336662 0.475640 0.006640 0.181058 
0.345281 0.457661 0.003875 0.193183 
0.352766 0.431774 0.006447 0.209013 
0.309604 0.484982 0.000037 0.205377 
0.313690 0.433433 0.000001 0.252876 
0.342125 0.392159 0.000000 0.265715 
0.339005 0.403481 0.000001 0.257513 
0.348391 0.450938 0.006640 0.194031 
0.346328 0.425146 0.000267 0.228259 
0.349321 0.452312 0.003462 0.194905 
0.345593 0.482874 0.105291 0.066242 
0.342252 0.492104 0.096616 0.069027 
0.365052 0.453320 0.091168 0.090460 
0.360086 0.458513 0.053512 0.127889 
0.297252 0.543256 0.001116 0.158376 
0.346493 0.480421 0.041340 0.131746 
0.338046 0.477353 0.182253 0.002348 
0.340444 0.401118 0.258437 0.000000 
0.342333 0.483564 0.111898 0.062205 
0.306224 0.525072 0.167149 0.001555 
0.293221 0.575206 0.084213 0.047359 
0.290395 0.578862 0.069308 0.061435 
0.222264 0.687460 0.048171 0.042105 
0.215319 0.697265 0.050925 0.036491 
0.268660 0.617398 0.053591 0.060350 
0.245865 0.638260 0.004058 0.111818 
0.292565 0.570322 0.025943 0.111171 
0.300950 0.562127 0.077902 0.059021 
0.327995 0.516999 0.083308 0.071698 
0.361022 0.437289 0.184083 0.017605 
0.366995 0.384705 0.246198 0.002102 
0.242767 0.438898 0.318335 0.000000 
0.228350 0.407696 0.363954 0.000000 
0.295550 0.271493 0.432957 0.000000 
0.261639 0.238243 0.500118 0.000000 
0.308196 0.185834 0.492300 0.013669 
0.357502 0.175265 0.370669 0.096564 
0.368527 0.263019 0.368297 0.000157 
0.370314 0.300386 0.328956 0.000344 
0.306484 0.345669 0.347848 0.000000 
0.291420 0.359767 0.348814 0.000000 
0.231649 0.355934 0.412417 0.000000 
0.128755 0.362622 0.508624 0.000000 
0.078810 0.312833 0.608357 0.000000 
0.096521 0.462381 0.441098 0.000000 
0.138111 0.388363 0.473526 0.000000 
0.189679 0.500860 0.309461 0.000000 
0.242569 0.537464 0.219967 0.000000 
0.178437 0.495727 0.325837 0.000000 
0.236343 0.531129 0.232528 0.000000 
0.217352 0.443535 0.339110 0.000003 
0.324294 0.447321 0.228355 0.000030 
0.381560 0.343112 0.273614 0.001714 
0.409690 0.320089 0.082799 0.187422 
0.418338 0.324475 0.072950 0.184237 
0.406333 0.319057 0.002506 0.272104 
0.386216 0.353939 0.001425 0.258420 
0.382589 0.381154 0.007782 0.228475 
0.377712 0.398800 0.013414 0.210074 
0.394085 0.379647 0.161321 0.064948 
0.390799 0.362819 0.008644 0.237737 
0.360775 0.415983 0.002188 0.221054 
0.412197 0.347471 0.073773 0.166559 
0.419330 0.317692 0.016657 0.246321 
0.396094 0.339943 0.001039 0.262924 
0.410831 0.338170 0.015922 0.235077 
0.415422 0.345222 0.087959 0.151397 
0.432659 0.313089 0.101451 0.152801 
0.410777 0.359559 0.112516 0.117148 
0.419251 0.340127 0.113442 0.127180 
0.411484 0.334181 0.035168 0.219167 
0.422108 0.267698 0.007610 0.302585 
0.418596 0.267186 0.019928 0.294290 
0.407159 0.253779 0.012624 0.326438 
0.417386 0.280112 0.002165 0.300338 
0.412804 0.289343 0.000440 0.297412 
0.436794 0.292656 0.079931 0.190619 
0.436662 0.249721 0.060311 0.253307 
0.437093 0.154752 0.121654 0.286501 
0.429624 0.106674 0.149051 0.314651 
0.402818 0.206269 0.034161 0.356752 
0.407311 0.255679 0.004321 0.332688 
0.390449 0.151430 0.108105 0.350016 
0.390887 0.296097 0.000009 0.313008 
0.379017 0.322619 0.000001 0.298362 
0.378013 0.345303 0.000018 0.276667 
0.362734 0.344843 0.000000 0.292422 
0.314528 0.388445 0.000000 0.297027 
0.280549 0.442163 0.000000 0.277288 
0.304064 0.394892 0.000000 0.301045 
0.275296 0.434378 0.000000 0.290326 
0.270900 0.455549 0.000000 0.273551 
0.300575 0.397024 0.000000 0.302402 
0.337591 0.319164 0.000000 0.343245 
0.326041 0.329848 0.000000 0.344110 
0.330597 0.341207 0.000000 0.328196 
0.323771 0.337205 0.000000 0.339025 
0.294740 0.398487 0.000000 0.306772 
0.283703 0.416815 0.000000 0.299483 
0.257111 0.480480 0.000000 0.262409 
0.271496 0.433253 0.000000 0.295251 
0.275507 0.426177 0.000000 0.298316 
0.263934 0.491411 0.000000 0.244656 
0.237770 0.510151 0.000000 0.252079 
0.272240 0.439575 0.000000 0.288184 
0.231656 0.528850 0.000000 0.239495 
0.226053 0.536492 0.000000 0.237456 
0.229795 0.520222 0.000000 0.249983 
0.242362 0.490827 0.000000 0.266811 
0.261323 0.454446 0.000000 0.284231 
0.302931 0.368391 0.000000 0.328678 
0.288431 0.393535 0.000000 0.318034 
0.325465 0.322173 0.000000 0.352363 
0.327343 0.318107 0.000000 0.354549 
0.347290 0.277787 0.000005 0.374918 
0.373089 0.216823 0.010470 0.399617 
0.384014 0.136438 0.076156 0.403392 
0.377271 0.202194 0.020743 0.399791 
0.380380 0.110977 0.110769 0.397874 
0.389172 0.061050 0.163045 0.386732 
0.386030 0.026171 0.199288 0.388512 
0.385818 0.004069 0.236512 0.373601 
0.382924 0.002878 0.245612 0.368586 
0.379947 0.005616 0.229946 0.384491 
0.375452 0.006229 0.227748 0.390571 
0.379273 0.015295 0.222495 0.382937 
0.382942 0.004995 0.248111 0.363953 
0.400824 0.001278 0.277034 0.320864 
0.408093 0.007122 0.268770 0.316014 
0.359329 0.000000 0.338219 0.302451 
0.386453 0.010453 0.229850 0.373244 
0.367874 0.000131 0.264284 0.367712 
0.373799 0.011210 0.220252 0.394739 
0.374745 0.009630 0.225922 0.389703 
0.381328 0.063728 0.159607 0.395337 
0.380838 0.040357 0.177256 0.401549 
0.378775 0.191370 0.028875 0.400980 
0.383138 0.070506 0.145567 0.400789 
0.385574 0.039282 0.186044 0.389101 
0.381974 0.031194 0.196598 0.390234 
0.398603 0.122876 0.106930 0.371591 
0.392368 0.006684 0.245261 0.355686 
0.369381 0.002389 0.235498 0.392732 
0.385621 0.095923 0.116037 0.402419 
0.398106 0.113313 0.112091 0.376490 
0.383873 0.022813 0.207349 0.385964 
0.382606 0.073780 0.152530 0.391085 
0.364017 0.002627 0.243001 0.390356 
0.366169 0.225425 0.007944 0.400462 
0.357204 0.261313 0.000042 0.381441 
0.365161 0.240769 0.007701 0.386369 
0.353316 0.259536 0.000043 0.387106 
0.352944 0.261061 0.000761 0.385234 
0.355418 0.256435 0.001275 0.386872 
0.363395 0.235780 0.004401 0.396424 
0.354214 0.003343 0.251812 0.390631 
0.371914 0.060891 0.159553 0.407642 
0.378011 0.076777 0.142907 0.402306 
0.379591 0.081952 0.136757 0.401700 
0.382623 0.090972 0.129179 0.397226 
0.394987 0.134827 0.098840 0.371346 
0.397407 0.023651 0.225237 0.353706 
0.408553 0.099249 0.151009 0.341189 
0.408944 0.107871 0.145589 0.337596 
0.422443 0.060198 0.272361 0.244999 
0.413952 0.020501 0.308581 0.256966 
0.412977 0.026563 0.313685 0.246775 
0.414847 0.263628 0.302843 0.018681 
0.419445 0.067434 0.305888 0.207233 
0.405769 0.253060 0.045791 0.295380 
0.409634 0.060552 0.227980 0.301835 
0.402733 0.282799 0.002491 0.311977 
0.422120 0.311673 0.083994 0.182213 
0.424210 0.306981 0.163446 0.105363 
0.433757 0.232462 0.229552 0.104229 
0.440602 0.208091 0.203395 0.147912 
0.444449 0.177760 0.214516 0.163275 
0.436624 0.242291 0.240725 0.080360 
0.431475 0.298430 0.129242 0.140853 
0.422834 0.311240 0.118458 0.147467 
0.419845 0.246931 0.031281 0.301944 
0.423214 0.215842 0.058160 0.302784 
0.433152 0.140362 0.151789 0.274697 
0.420525 0.062211 0.207246 0.310018 
0.423414 0.026914 0.278659 0.271013 
0.423053 0.261955 0.033936 0.281056 
0.420286 0.054774 0.232685 0.292256 
0.422626 0.186833 0.085229 0.305312 
0.425175 0.138033 0.129934 0.306859 
0.425360 0.159461 0.170487 0.244693 
0.422804 0.281928 0.259035 0.036233 
0.411590 0.315293 0.246970 0.026146 
0.412330 0.319516 0.027781 0.240373 
0.409408 0.346073 0.114859 0.129660 
0.408395 0.348728 0.137973 0.104903 
0.419084 0.288956 0.047029 0.244931 
0.431437 0.261741 0.270553 0.036269 
0.430035 0.302008 0.088832 0.179125 
0.419529 0.261131 0.035623 0.283718 
0.427690 0.305621 0.061846 0.204843 
0.432405 0.262183 0.024345 0.281067 
0.425802 0.264356 0.012951 0.296891 
0.427175 0.279766 0.008014 0.285045 
0.435224 0.296801 0.087918 0.180058 
0.421069 0.304045 0.006362 0.268524 
0.444760 0.197248 0.109800 0.248192 
0.448896 0.158782 0.222191 0.170130 
0.450732 0.202227 0.151366 0.195675 
0.421334 0.323062 0.221439 0.034165 
0.405282 0.350131 0.102740 0.141847 
0.423415 0.303748 0.268044 0.004793 
0.393874 0.344788 0.000413 0.260925 
0.319118 0.255913 0.000000 0.424969 
0.343171 0.218452 0.000181 0.438195 
0.387193 0.231365 0.004183 0.377259 
0.417609 0.290816 0.001152 0.290424 
0.424301 0.314718 0.021892 0.239088 
0.411711 0.337938 0.039492 0.210859 
0.383136 0.364045 0.000223 0.252595 
0.349546 0.297475 0.000000 0.352979 
0.358694 0.345009 0.000000 0.296297 
0.297119 0.461456 0.000000 0.241425 
0.290216 0.481478 0.000000 0.228307 
0.304351 0.550302 0.018089 0.127258 
0.309548 0.531757 0.005555 0.153140 
0.296096 0.430220 0.000000 0.273685 
0.350037 0.479742 0.049010 0.121211 
0.345257 0.491432 0.080496 0.082814 
0.334667 0.505246 0.115016 0.045070 
0.274655 0.608718 0.046725 0.069902 
0.245848 0.648973 0.015172 0.090007 
0.222422 0.686860 0.023108 0.067610 
0.295501 0.568120 0.014806 0.121574 
0.291127 0.581216 0.086158 0.041500 
0.334154 0.510375 0.052840 0.102631 
0.325940 0.513092 0.148964 0.012004 
0.326087 0.499004 0.172990 0.001919 
0.322277 0.473531 0.204176 0.000016 
0.286267 0.557128 0.144063 0.012542 
0.348355 0.455645 0.152352 0.043649 
0.311270 0.496472 0.191991 0.000267 
0.312052 0.502054 0.185806 0.000088 
0.357455 0.430318 0.208832 0.003395 
0.389620 0.374876 0.190611 0.044894 
0.377651 0.377938 0.242296 0.002115 
0.382797 0.402470 0.139492 0.075241 
0.350231 0.469331 0.140798 0.039640 
0.334627 0.503246 0.055950 0.106177 
0.369858 0.428353 0.057078 0.144711 
0.360880 0.445793 0.031376 0.161951 
0.367749 0.414003 0.005145 0.213103 
0.341587 0.428212 0.000045 0.230156 
0.377015 0.418685 0.113823 0.090477 
0.353449 0.461179 0.076475 0.108897 
0.367899 0.434296 0.139060 0.058745 
0.380474 0.412673 0.135790 0.071063 
0.375844 0.409929 0.042837 0.171391 
0.378736 0.360446 0.000153 0.260665 
0.369706 0.331061 0.000000 0.299232 
0.390962 0.308345 0.000026 0.300668 
0.378205 0.283594 0.000023 0.338177 
0.398990 0.291097 0.000588 0.309325 
0.402710 0.314891 0.000190 0.282209 
0.383303 0.354289 0.001877 0.260531 
0.352842 0.357948 0.000000 0.289209 
0.358223 0.365517 0.000045 0.276215 
0.316677 0.461431 0.000007 0.221885 
0.333944 0.412583 0.000002 0.253470 
0.309740 0.493286 0.000121 0.196853 
0.290967 0.483540 0.000001 0.225492 
0.307887 0.428053 0.000000 0.264059 
0.361893 0.329702 0.000000 0.308405 
0.360011 0.293350 0.000000 0.346638 
0.352343 0.317949 0.000000 0.329708 
0.337196 0.317954 0.000000 0.344850 
0.357150 0.276450 0.000001 0.366399 
0.389267 0.207577 0.016139 0.387018 
0.391147 0.183173 0.033462 0.392218 
0.390362 0.218532 0.009696 0.381410 
0.396445 0.202341 0.025157 0.376057 
0.380232 0.239226 0.002280 0.378262 
0.393564 0.154649 0.073086 0.378701 
0.386863 0.112577 0.106529 0.394031 
0.408793 0.084255 0.144264 0.362688 
0.416742 0.117137 0.118832 0.347289 
0.403141 0.106588 0.134006 0.356264 
0.400515 0.288346 0.000112 0.311027 
0.425681 0.235559 0.035266 0.303493 
0.445105 0.287160 0.108632 0.159103 
0.436710 0.028999 0.239807 0.294484 
0.442993 0.160476 0.104243 0.292288 
0.447722 0.181974 0.092286 0.278019 
0.450863 0.141927 0.152150 0.255059 
0.449924 0.112556 0.263776 0.173743 
0.436649 0.160520 0.097215 0.305616 
0.449745 0.145329 0.156298 0.248628 
0.444902 0.093408 0.181840 0.279850 
0.453079 0.176016 0.192308 0.178597 
0.449797 0.242655 0.155624 0.151924 
0.447902 0.244690 0.106240 0.201169 
0.448320 0.269386 0.154526 0.127767 
0.447051 0.194150 0.117520 0.241279 
0.450886 0.180527 0.180879 0.187707 
0.447663 0.209678 0.194180 0.148479 
0.451140 0.174517 0.198483 0.175861 
0.441023 0.061052 0.280088 0.217837 
0.448040 0.144012 0.170888 0.237061 
0.436328 0.115561 0.147468 0.300643 
0.428045 0.087036 0.165982 0.318937 
0.432199 0.088740 0.172583 0.306478 
0.428101 0.110935 0.138931 0.322033 
0.429580 0.098298 0.154316 0.317805 
0.425251 0.110494 0.133489 0.330766 
0.422569 0.047110 0.203572 0.326749 
0.424029 0.073812 0.173874 0.328285 
0.412258 0.085284 0.148677 0.353781 
0.412567 0.159171 0.081242 0.347020 
0.409655 0.135675 0.092352 0.362318 
0.394368 0.000015 0.286539 0.319078 
0.375298 0.000001 0.338979 0.285722 
0.405719 0.000034 0.292673 0.301573 
0.397709 0.000151 0.270868 0.331271 
0.419489 0.067190 0.171628 0.341693 
0.416964 0.115159 0.114197 0.353680 
0.428408 0.078113 0.173144 0.320335 
0.429645 0.072436 0.179281 0.318638 
0.438629 0.145014 0.108415 0.307942 
0.451509 0.214917 0.197848 0.135726 
0.433775 0.088132 0.162984 0.315109 
0.453550 0.185469 0.195992 0.164988 
0.445915 0.076260 0.274655 0.203170 
0.429264 0.056557 0.318795 0.195383 
0.407536 0.102517 0.370821 0.119127 
0.393783 0.079070 0.396980 0.130167 
0.355842 0.091556 0.469763 0.082839 
0.343023 0.157529 0.478471 0.020977 
0.349522 0.097255 0.475025 0.078198 
0.360569 0.134038 0.448882 0.056512 
0.348421 0.022601 0.425861 0.203118 
0.396436 0.275072 0.328394 0.000098 
0.372455 0.282610 0.344926 0.000009 
0.406298 0.301633 0.277219 0.014850 
0.349336 0.266281 0.384382 0.000001 
0.334252 0.306103 0.359645 0.000000 
0.347074 0.342980 0.309946 0.000000 
0.345960 0.255490 0.398501 0.000048 
0.371884 0.263575 0.364489 0.000052 
0.409879 0.004397 0.290810 0.294915 
0.418625 0.013678 0.260585 0.307113 
0.355295 0.000055 0.235591 0.409059 
0.391677 0.000415 0.346243 0.261666 
0.441132 0.040157 0.254158 0.264553 
0.445870 0.133116 0.273007 0.148007 
0.450904 0.198226 0.185981 0.164889 
0.452084 0.172858 0.155616 0.219441 
0.436960 0.134026 0.121202 0.307812 
0.428867 0.127135 0.120872 0.323126 
0.447739 0.138769 0.229403 0.184089 
0.445902 0.164569 0.101294 0.288235 
0.451085 0.196275 0.249475 0.103165 
0.451758 0.247297 0.111921 0.189024 
0.447373 0.098649 0.276759 0.177219 
0.438206 0.155445 0.307373 0.098976 
0.447223 0.135996 0.264262 0.152520 
0.452780 0.220595 0.140133 0.186492 
0.437676 0.030931 0.292788 0.238605 
0.449828 0.185246 0.251969 0.112956 
0.445434 0.208874 0.082104 0.263588 
0.448182 0.257403 0.120625 0.173791 
0.436540 0.305429 0.182033 0.075998 
0.427744 0.299882 0.266358 0.006017 
0.426100 0.292722 0.265586 0.015592 
0.435028 0.297998 0.043135 0.223840 
0.445131 0.279970 0.105669 0.169230 
0.446686 0.168423 0.165696 0.219196 
0.452242 0.164919 0.225254 0.157585 
0.426304 0.120259 0.329257 0.124180 
0.434049 0.124943 0.311712 0.129295 
0.421550 0.149769 0.330580 0.098101 
0.445303 0.259492 0.164233 0.130972 
0.445458 0.264250 0.161258 0.129034 
0.443969 0.244872 0.088232 0.222927 
0.447158 0.261177 0.178467 0.113197 
0.440188 0.286913 0.210602 0.062297 
0.446524 0.244748 0.140433 0.168295 
0.440919 0.290871 0.082463 0.185748 
0.435452 0.247062 0.138015 0.179471 
0.433147 0.283216 0.274934 0.008702 
0.432521 0.310163 0.191676 0.065640 
0.424551 0.294690 0.278942 0.001817 
0.434479 0.296361 0.245545 0.023615 
0.440894 0.304258 0.155801 0.099047 
0.436626 0.301363 0.228432 0.033579 
0.429235 0.309505 0.239711 0.021549 
0.429701 0.313361 0.216627 0.040311 
0.426686 0.313211 0.015675 0.244428 
0.427024 0.325515 0.186356 0.061104 
0.413759 0.336811 0.007889 0.241541 
0.416429 0.353934 0.147882 0.081756 
0.399837 0.367359 0.207782 0.025021 
0.389695 0.350467 0.000220 0.259618 
0.365165 0.343297 0.000000 0.291538 
0.389640 0.370759 0.003933 0.235668 
0.402634 0.385874 0.107030 0.104462 
0.399511 0.392961 0.104187 0.103341 
0.399181 0.384490 0.043477 0.172852 
0.394873 0.385881 0.024669 0.194578 
0.401747 0.381207 0.050005 0.167041 
0.406791 0.379908 0.104951 0.108350 
0.406728 0.371234 0.084641 0.137397 
0.404492 0.367022 0.017335 0.211151 
0.409076 0.370127 0.062317 0.158480 
0.415183 0.351505 0.035254 0.198058 
0.407524 0.283117 0.140014 0.169345 
0.421718 0.307736 0.262675 0.007871 
0.421600 0.314605 0.259326 0.004470 
0.435314 0.297163 0.249464 0.018059 
0.435360 0.292212 0.257178 0.015250 
0.439214 0.298246 0.035205 0.227336 
0.446946 0.288156 0.186899 0.077999 
0.445514 0.291824 0.167234 0.095428 
0.419970 0.102151 0.159117 0.318761 
0.430628 0.063763 0.180283 0.325326 
0.426523 0.236265 0.017927 0.319285 
0.423317 0.237250 0.014730 0.324703 
0.411085 0.245214 0.003767 0.339935 
0.413615 0.220520 0.019151 0.346714 
0.433723 0.247995 0.015700 0.302582 
0.417221 0.080278 0.158761 0.343741 
0.415582 0.162728 0.070177 0.351513 
0.417760 0.214303 0.027863 0.340074 
0.433975 0.206719 0.055639 0.303667 
0.435272 0.096386 0.196459 0.271884 
0.440547 0.168679 0.291101 0.099672 
0.437563 0.234714 0.300389 0.027335 
0.442578 0.060425 0.269507 0.227490 
0.452251 0.156957 0.221008 0.169785 
0.452990 0.127716 0.192546 0.226748 
0.450566 0.132067 0.133292 0.284075 
0.450951 0.145887 0.157572 0.245591 
0.457067 0.155933 0.170406 0.216594 
0.453290 0.140171 0.225993 0.180546 
0.449320 0.071517 0.224936 0.254227 
0.434196 0.039962 0.219233 0.306609 
0.452005 0.185680 0.253383 0.108933 
0.447872 0.231418 0.058679 0.262030 
0.447949 0.223352 0.071970 0.256729 
0.446535 0.253423 0.034818 0.265224 
0.455540 0.167488 0.195701 0.181270 
0.452298 0.276629 0.136833 0.134239 
0.452203 0.255335 0.186547 0.105916 
0.451438 0.236789 0.214796 0.096976 
0.448715 0.259974 0.135543 0.155768 
0.452045 0.270321 0.116325 0.161308 
0.452880 0.270128 0.134195 0.142796 
0.455435 0.181445 0.187863 0.175257 
0.442626 0.121841 0.130326 0.305208 
0.447766 0.059746 0.212426 0.280062 
0.456070 0.135657 0.232008 0.176265 
0.454382 0.120532 0.228110 0.196976 
0.458085 0.182131 0.166604 0.193180 
0.437163 0.014507 0.294829 0.253500 
0.453433 0.147838 0.130314 0.268415 
0.450923 0.181414 0.264270 0.103393 
0.449767 0.265484 0.061840 0.222909 
0.439942 0.256397 0.015240 0.288421 
0.434965 0.220436 0.036928 0.307670 
0.454410 0.262672 0.143460 0.139457 
0.454596 0.201786 0.115393 0.228225 
0.451458 0.187332 0.258230 0.102980 
0.425304 0.000700 0.283945 0.290051 
0.448492 0.070048 0.211747 0.269713 
0.422387 0.084520 0.148956 0.344137 
0.421513 0.068643 0.164434 0.345410 
0.450829 0.118606 0.152404 0.278162 
0.458212 0.182729 0.175587 0.183473 
0.455243 0.126985 0.236299 0.181473 
0.452872 0.106651 0.226680 0.213797 
0.454136 0.150771 0.137729 0.257364 
0.425299 0.000614 0.286228 0.287860 
0.410764 0.097543 0.370468 0.121224 
0.406171 0.001149 0.339343 0.253336 
0.420793 0.043280 0.340497 0.195430 
0.410231 0.178764 0.362778 0.048227 
0.358703 0.000000 0.303884 0.337413 
0.411135 0.005863 0.243144 0.339858 
0.357515 0.002597 0.196605 0.443283 
0.388351 0.070080 0.133585 0.407985 
0.434695 0.119642 0.140907 0.304755 
0.445729 0.166591 0.095340 0.292340 
0.452575 0.182545 0.223627 0.141253 
0.452691 0.240482 0.119155 0.187672 
0.450336 0.197057 0.248174 0.104433 
0.446467 0.178651 0.284110 0.090772 
0.448703 0.238048 0.240355 0.072894 
0.445424 0.148133 0.138820 0.267623 
0.453163 0.193409 0.238442 0.114986 
0.454992 0.208172 0.176452 0.160384 
0.455136 0.182536 0.191648 0.170680 
0.454031 0.131501 0.178741 0.235727 
0.439844 0.116054 0.139360 0.304742 
0.430981 0.107405 0.137976 0.323638 
0.432061 0.137114 0.111028 0.319798 
0.438844 0.111493 0.143070 0.306593 
0.439320 0.099597 0.169009 0.292074 
0.438744 0.143214 0.112194 0.305848 
0.449546 0.096194 0.228715 0.225545 
0.451030 0.129477 0.162878 0.256615 
0.449762 0.158280 0.141020 0.250938 
0.454155 0.201290 0.172613 0.171942 
0.447673 0.158254 0.188597 0.205476 
0.452566 0.195962 0.215775 0.135697 
0.449399 0.169510 0.104555 0.276536 
0.446694 0.284896 0.083377 0.185034 
0.426831 0.295352 0.001956 0.275861 
0.427247 0.314720 0.026692 0.231342 
0.420943 0.339933 0.176424 0.062699 
0.413117 0.338731 0.241113 0.007039 
0.428720 0.297890 0.223811 0.049580 
0.438889 0.268235 0.234519 0.058357 
0.430026 0.297792 0.261159 0.011023 
0.410021 0.338021 0.248739 0.003219 
0.434313 0.316505 0.089036 0.160146 
0.408221 0.321206 0.000190 0.270382 
0.375847 0.287685 0.000000 0.336468 
0.389041 0.257922 0.000081 0.352957 
0.329793 0.210936 0.000022 0.459249 
0.304654 0.178255 0.000236 0.516855 
0.410895 0.332549 0.020741 0.235815 
0.421975 0.330134 0.180294 0.067597 
0.414321 0.343901 0.218716 0.023062 
0.426550 0.329824 0.128299 0.115327 
0.390331 0.393169 0.025057 0.191443 
0.375681 0.434244 0.078825 0.111250 
0.372101 0.446019 0.087222 0.094658 
0.342723 0.496515 0.055968 0.104794 
0.335799 0.478259 0.032709 0.153233 
0.333142 0.498414 0.100996 0.067448 
0.326798 0.503261 0.106965 0.062976 
0.354237 0.442051 0.199458 0.004254 
0.374862 0.429363 0.096674 0.099100 
0.361862 0.454740 0.044680 0.138718 
0.377458 0.434419 0.088683 0.099440 
0.364703 0.452337 0.051250 0.131710 
0.364986 0.443213 0.170634 0.021167 
