0.277051 0.268844 0.177002 0.277103 
0.327102 0.324149 0.325605 0.023144 
0.338266 0.338246 0.322577 0.000911 
0.343425 0.343162 0.313413 0.000000 
0.342847 0.342763 0.314378 0.000012 
0.341716 0.340746 0.317537 0.000000 
0.346533 0.342350 0.311116 0.000000 
0.346466 0.342574 0.310960 0.000000 
0.341583 0.339692 0.318725 0.000000 
0.339469 0.337170 0.323362 0.000000 
0.343503 0.338464 0.318033 0.000000 
0.343873 0.342403 0.313723 0.000001 
0.353168 0.346769 0.299229 0.000833 
0.354471 0.347511 0.295075 0.002943 
0.349723 0.341870 0.307967 0.000439 
0.357935 0.346342 0.295628 0.000095 
0.356621 0.342667 0.300651 0.000061 
0.351825 0.332781 0.315394 0.000000 
0.356020 0.330408 0.313567 0.000005 
0.349029 0.316020 0.334934 0.000017 
0.348999 0.313936 0.337060 0.000005 
0.351232 0.307338 0.341429 0.000001 
0.359834 0.296156 0.342628 0.001382 
0.363131 0.293460 0.338834 0.004574 
0.363382 0.295107 0.334710 0.006801 
0.364717 0.195629 0.328254 0.111401 
0.365648 0.168700 0.146199 0.319452 
0.365234 0.102907 0.193984 0.337875 
0.364905 0.280141 0.025247 0.329708 
0.366269 0.176290 0.101912 0.355529 
0.366850 0.242011 0.108531 0.282607 
0.366823 0.290207 0.247538 0.095431 
0.367412 0.220034 0.205775 0.206778 
0.365257 0.012025 0.314066 0.308652 
0.358287 0.000096 0.300653 0.340963 
0.376516 0.028455 0.215646 0.379383 
0.374636 0.004659 0.242305 0.378400 
0.398105 0.080231 0.145166 0.376498 
0.438494 0.118646 0.101104 0.341756 
0.386627 0.119202 0.111759 0.382411 
0.372518 0.218264 0.032380 0.376838 
0.377613 0.190012 0.052463 0.379912 
0.368469 0.067830 0.200043 0.363658 
0.365156 0.015094 0.264121 0.355630 
0.366591 0.138592 0.151878 0.342939 
0.365454 0.077170 0.219711 0.337665 
0.364377 0.266313 0.017701 0.351609 
0.366385 0.292360 0.050443 0.290812 
0.366875 0.325614 0.157579 0.149931 
0.366580 0.334123 0.166554 0.132743 
0.365862 0.338602 0.050363 0.245173 
0.366296 0.335887 0.212048 0.085769 
0.366417 0.338936 0.205541 0.089106 
0.365313 0.312940 0.308458 0.013289 
0.365633 0.309322 0.299536 0.025509 
0.364272 0.294270 0.326744 0.014714 
0.365230 0.056032 0.327905 0.250833 
0.366674 0.208077 0.321298 0.103950 
0.365837 0.033838 0.315441 0.284883 
0.366390 0.072499 0.321222 0.239890 
0.366128 0.149092 0.330706 0.154074 
0.366465 0.187794 0.339123 0.106618 
0.362016 0.001082 0.304443 0.332459 
0.366549 0.131523 0.328669 0.173260 
0.365502 0.016829 0.310802 0.306867 
0.364395 0.006770 0.305971 0.322865 
0.364207 0.013559 0.281947 0.340287 
0.365434 0.020512 0.291541 0.322513 
0.366524 0.126256 0.172721 0.334500 
0.367126 0.162548 0.173684 0.296642 
0.366954 0.127395 0.217666 0.287985 
0.367258 0.195624 0.172001 0.265116 
0.366389 0.293266 0.077327 0.263018 
0.365307 0.295655 0.017801 0.321238 
0.366241 0.338842 0.105412 0.189505 
0.366924 0.346216 0.140936 0.145925 
0.359045 0.337637 0.000322 0.302995 
0.366555 0.336472 0.157026 0.139948 
0.365500 0.334868 0.046555 0.253078 
0.365165 0.331423 0.028309 0.275103 
0.363451 0.331139 0.013010 0.292400 
0.366393 0.335690 0.157044 0.140873 
0.364279 0.328594 0.010772 0.296355 
0.366234 0.336876 0.152063 0.144827 
0.366373 0.349438 0.120922 0.163267 
0.364209 0.345352 0.029688 0.260752 
0.364609 0.347109 0.068780 0.219502 
0.365924 0.355115 0.050960 0.228001 
0.367526 0.358862 0.113603 0.160009 
0.366274 0.358062 0.210501 0.065164 
0.364649 0.356304 0.028669 0.250378 
0.367927 0.364291 0.115123 0.152659 
0.360888 0.348356 0.001615 0.289141 
0.358743 0.314813 0.000314 0.326130 
0.366438 0.251751 0.114709 0.267101 
0.365619 0.215503 0.072630 0.346248 
0.366580 0.056224 0.216836 0.360359 
0.364345 0.025851 0.260518 0.349286 
0.362789 0.001320 0.321123 0.314767 
0.365779 0.182277 0.325722 0.126222 
0.382885 0.114823 0.381745 0.120547 
0.379706 0.161949 0.380266 0.078079 
0.393668 0.245852 0.356555 0.003925 
0.443329 0.013911 0.309487 0.233273 
0.550193 0.143126 0.179167 0.127514 
0.531545 0.118836 0.205104 0.144515 
0.525971 0.121238 0.217749 0.135042 
0.450587 0.157014 0.322085 0.070315 
0.419317 0.001958 0.334194 0.244531 
0.453594 0.008709 0.300685 0.237012 
0.467260 0.087884 0.301055 0.143802 
0.402651 0.106357 0.375270 0.115722 
0.381887 0.164285 0.381477 0.072351 
0.368436 0.105046 0.365383 0.161134 
0.370585 0.080166 0.374768 0.174480 
0.366844 0.189560 0.222254 0.221342 
0.364677 0.191353 0.112558 0.331412 
0.365242 0.134026 0.324624 0.176108 
0.366618 0.292943 0.253076 0.087362 
0.366554 0.314838 0.195097 0.123511 
0.365085 0.325252 0.288701 0.020961 
0.365938 0.316582 0.275104 0.042377 
0.365426 0.303171 0.021928 0.309475 
0.364952 0.293623 0.019086 0.322339 
0.366842 0.256848 0.137546 0.238763 
0.360314 0.000158 0.323042 0.316486 
0.373979 0.138190 0.376899 0.110931 
0.394056 0.110886 0.378664 0.116394 
0.427089 0.122386 0.350891 0.099633 
0.408605 0.094044 0.368137 0.129213 
0.398020 0.143578 0.377102 0.081300 
0.415680 0.006907 0.349003 0.228409 
0.394948 0.086061 0.378448 0.140543 
0.391700 0.079939 0.380118 0.148243 
0.367249 0.180390 0.358067 0.094294 
0.363510 0.011980 0.351573 0.272937 
0.353226 0.000011 0.356538 0.290225 
0.345289 0.000000 0.370727 0.283984 
0.291244 0.000000 0.369767 0.338989 
0.315293 0.000000 0.368700 0.316007 
0.365648 0.000018 0.373177 0.261157 
0.350861 0.000001 0.369603 0.279535 
0.334496 0.000000 0.339543 0.325961 
0.362402 0.001416 0.267405 0.368776 
0.362556 0.008459 0.336844 0.292140 
0.366225 0.243708 0.299790 0.090277 
0.365808 0.251717 0.206386 0.176090 
0.365595 0.224241 0.081208 0.328956 
0.365795 0.033706 0.245287 0.355212 
0.366285 0.051841 0.231197 0.350677 
0.368386 0.124263 0.147367 0.359984 
0.366931 0.134764 0.152534 0.345771 
0.363002 0.004952 0.295350 0.336696 
0.359558 0.000088 0.313326 0.327029 
0.362157 0.001173 0.303716 0.332955 
0.360789 0.000270 0.312107 0.326835 
0.364029 0.012869 0.285013 0.338089 
0.365841 0.039518 0.268128 0.326512 
0.366326 0.086445 0.204756 0.342474 
0.366719 0.149575 0.153794 0.329912 
0.365409 0.035377 0.290010 0.309204 
0.364009 0.004884 0.316089 0.315017 
0.364203 0.006979 0.328876 0.299942 
0.360251 0.000085 0.323842 0.315822 
0.364958 0.010104 0.310638 0.314300 
0.362774 0.003112 0.307296 0.326818 
0.366082 0.187576 0.120640 0.325702 
0.366437 0.093054 0.204644 0.335864 
0.367438 0.211485 0.204399 0.216678 
0.367443 0.216240 0.202494 0.213823 
0.367078 0.267787 0.197131 0.168004 
0.366961 0.312866 0.180952 0.139221 
0.366661 0.325536 0.132588 0.175216 
0.364461 0.301794 0.007415 0.326330 
0.365828 0.303586 0.026359 0.304226 
0.366074 0.247724 0.294730 0.091473 
0.365319 0.313390 0.026788 0.294503 
0.361745 0.329161 0.000523 0.308571 
0.359201 0.321869 0.000052 0.318878 
0.362544 0.336662 0.006308 0.294487 
0.359089 0.321001 0.000025 0.319885 
0.362517 0.338980 0.005855 0.292648 
0.366464 0.347052 0.108673 0.177810 
0.366826 0.348546 0.182393 0.102235 
0.364074 0.338197 0.287676 0.010053 
0.362260 0.330726 0.285118 0.021897 
0.363249 0.325904 0.238913 0.071934 
0.364408 0.336525 0.284700 0.014368 
0.365449 0.342433 0.223167 0.068950 
0.365394 0.333084 0.246066 0.055456 
0.365361 0.329252 0.041493 0.263894 
0.365731 0.335196 0.255052 0.044020 
0.366323 0.334978 0.203575 0.095124 
0.366470 0.343375 0.196079 0.094076 
0.366745 0.341508 0.171109 0.120638 
0.364475 0.346510 0.015727 0.273288 
0.365955 0.349897 0.040750 0.243398 
0.362450 0.344713 0.006208 0.286628 
0.362658 0.352747 0.091788 0.192807 
0.360881 0.347822 0.005729 0.285569 
0.362361 0.353563 0.009898 0.274178 
0.360870 0.348074 0.000939 0.290117 
0.357483 0.346282 0.000230 0.296006 
0.362792 0.349222 0.284090 0.003896 
0.361764 0.352223 0.284112 0.001901 
0.364299 0.348949 0.249195 0.037557 
0.361873 0.346232 0.288834 0.003062 
0.366562 0.347711 0.184513 0.101215 
0.364896 0.345815 0.035872 0.253418 
0.367079 0.350725 0.157468 0.124729 
0.363605 0.340913 0.019142 0.276340 
0.366170 0.341095 0.123302 0.169433 
0.363972 0.343711 0.016633 0.275685 
0.356402 0.335553 0.000024 0.308021 
0.364441 0.347233 0.148748 0.139578 
0.361050 0.339842 0.298141 0.000967 
0.360647 0.339331 0.299001 0.001021 
0.361102 0.342348 0.006615 0.289935 
0.342212 0.311720 0.000000 0.346067 
0.339139 0.304807 0.000000 0.356054 
0.341527 0.229858 0.080967 0.347649 
0.348740 0.084155 0.350310 0.216796 
0.341552 0.002925 0.369140 0.286382 
0.337371 0.000000 0.368804 0.293826 
0.443426 0.097894 0.312734 0.145946 
0.505355 0.141029 0.233995 0.119622 
0.516974 0.233856 0.211970 0.037200 
0.469272 0.000253 0.237219 0.293256 
0.438922 0.000143 0.281282 0.279654 
0.414414 0.000071 0.310524 0.274991 
0.365683 0.008100 0.372398 0.253819 
0.380662 0.000054 0.355361 0.263924 
0.426626 0.000005 0.265202 0.308167 
0.492228 0.000140 0.181713 0.325919 
0.425959 0.000000 0.228212 0.345829 
0.369851 0.000000 0.316252 0.313898 
0.374631 0.000029 0.365719 0.259620 
0.399816 0.012082 0.365151 0.222951 
0.409536 0.015354 0.356184 0.218926 
0.374410 0.000858 0.375282 0.249450 
0.359172 0.001105 0.343401 0.296322 
0.358376 0.000410 0.353047 0.288167 
0.366370 0.016701 0.368825 0.248103 
0.362311 0.011763 0.348450 0.277477 
0.362446 0.002401 0.312184 0.322969 
0.363959 0.014115 0.298013 0.323913 
0.364403 0.018318 0.316488 0.300792 
0.365790 0.152576 0.342192 0.139443 
0.366966 0.035559 0.367817 0.229659 
0.366626 0.074368 0.357899 0.201107 
0.366117 0.105411 0.353985 0.174488 
0.369808 0.022912 0.374639 0.232641 
0.380361 0.092118 0.380847 0.146673 
0.372417 0.096888 0.374786 0.155909 
0.369553 0.087826 0.370966 0.171655 
0.366294 0.154333 0.350923 0.128450 
0.367232 0.136508 0.359309 0.136952 
0.362328 0.270759 0.339622 0.027291 
0.358876 0.328962 0.311725 0.000437 
0.365389 0.326287 0.202093 0.106231 
0.365151 0.312847 0.185313 0.136690 
0.361676 0.324572 0.294113 0.019639 
0.361984 0.295984 0.013829 0.328203 
0.363579 0.306390 0.013600 0.316431 
0.363942 0.085072 0.219282 0.331704 
0.364007 0.248562 0.043369 0.344062 
0.364783 0.140200 0.163065 0.331952 
0.365666 0.094285 0.188089 0.351960 
0.365038 0.211974 0.084671 0.338317 
0.362378 0.274329 0.020844 0.342449 
0.361436 0.284453 0.006053 0.348059 
0.359338 0.302300 0.000982 0.337380 
0.360999 0.352042 0.004756 0.282203 
0.362439 0.329245 0.005111 0.303205 
0.360582 0.320690 0.000290 0.318437 
0.364793 0.300147 0.088880 0.246179 
0.365760 0.242236 0.213858 0.178146 
0.366015 0.118345 0.267811 0.247829 
0.366291 0.154951 0.253432 0.225326 
0.366363 0.200032 0.219466 0.214139 
0.366222 0.144658 0.247601 0.241519 
0.366428 0.289028 0.168286 0.176258 
0.366387 0.263187 0.148774 0.221653 
0.364751 0.099822 0.202548 0.332879 
0.364290 0.102350 0.195676 0.337685 
0.365710 0.142609 0.231130 0.260552 
0.363947 0.206586 0.086709 0.342757 
0.364446 0.088804 0.226508 0.320242 
0.365035 0.188847 0.126039 0.320079 
0.365131 0.259189 0.079494 0.296186 
0.364191 0.235995 0.063446 0.336369 
0.365468 0.179227 0.095092 0.360213 
0.364703 0.219304 0.050269 0.365723 
0.365075 0.224278 0.046807 0.363840 
0.371617 0.031282 0.219812 0.377290 
0.365550 0.094843 0.178328 0.361279 
0.370879 0.113479 0.139567 0.376075 
0.382106 0.011514 0.232306 0.374074 
0.379948 0.031868 0.210948 0.377236 
0.364607 0.141351 0.142097 0.351945 
0.366758 0.111693 0.152761 0.368788 
0.363338 0.190488 0.113736 0.332438 
0.360946 0.157032 0.138922 0.343100 
0.364050 0.220547 0.184194 0.231209 
0.363403 0.098539 0.312721 0.225337 
0.362353 0.039004 0.269395 0.329248 
0.363289 0.105232 0.194756 0.336722 
0.371926 0.228069 0.022867 0.377138 
0.388238 0.227596 0.018594 0.365572 
0.366390 0.242852 0.016205 0.374553 
0.371253 0.241008 0.011033 0.376706 
0.382788 0.223307 0.023494 0.370411 
0.386911 0.192665 0.052595 0.367829 
0.364598 0.232420 0.030090 0.372892 
0.364800 0.133294 0.136706 0.365201 
0.363717 0.146742 0.175121 0.314419 
0.362368 0.242078 0.057836 0.337718 
0.355226 0.305944 0.000893 0.337937 
0.356125 0.337198 0.002344 0.304333 
0.353885 0.296245 0.006571 0.343298 
0.353181 0.294383 0.003974 0.348463 
0.351013 0.274632 0.003461 0.370895 
0.360935 0.259951 0.090343 0.288771 
0.357637 0.302220 0.005271 0.334872 
0.359968 0.329614 0.019254 0.291165 
0.356882 0.307715 0.002063 0.333340 
0.362433 0.323999 0.088133 0.225436 
0.364148 0.284387 0.175168 0.176297 
0.362545 0.292455 0.275393 0.069607 
0.363321 0.326017 0.228373 0.082289 
0.362867 0.342303 0.168892 0.125937 
0.364073 0.297868 0.243305 0.094753 
0.363480 0.160757 0.313856 0.161906 
0.363453 0.063423 0.241217 0.331907 
0.364235 0.152960 0.266758 0.216048 
0.364244 0.213699 0.129950 0.292107 
0.363724 0.304551 0.225638 0.106087 
0.358978 0.288851 0.343482 0.008689 
0.358456 0.285375 0.346411 0.009758 
0.356383 0.283946 0.356692 0.002979 
0.354214 0.276399 0.368816 0.000571 
0.350581 0.299546 0.349771 0.000103 
0.352112 0.266158 0.349156 0.032574 
0.347155 0.289905 0.360079 0.002861 
0.353350 0.300621 0.345318 0.000711 
0.358628 0.266050 0.372109 0.003213 
0.356995 0.014564 0.361331 0.267109 
0.356572 0.004778 0.360877 0.277773 
0.360787 0.020096 0.370721 0.248396 
0.362501 0.052869 0.368302 0.216328 
0.361083 0.249723 0.339858 0.049336 
0.359793 0.288040 0.319066 0.033101 
0.362211 0.312930 0.072555 0.252304 
0.360106 0.293694 0.018924 0.327276 
0.364188 0.264639 0.186907 0.184266 
0.363198 0.128975 0.253638 0.254189 
0.363095 0.145758 0.324072 0.167076 
0.360724 0.022999 0.333624 0.282653 
0.359362 0.016664 0.344405 0.279569 
0.362485 0.115966 0.348243 0.173305 
0.360099 0.033452 0.351352 0.255097 
0.373918 0.030905 0.376153 0.219023 
0.357523 0.002495 0.371966 0.268017 
0.343944 0.000016 0.355997 0.300043 
0.345655 0.000019 0.370836 0.283490 
0.323369 0.000000 0.364110 0.312520 
0.345634 0.000004 0.311856 0.342505 
0.343703 0.000002 0.324805 0.331490 
0.328235 0.000000 0.351176 0.320589 
0.344842 0.000002 0.341895 0.313260 
0.343438 0.000000 0.327876 0.328686 
0.353477 0.000057 0.317696 0.328771 
0.351385 0.021194 0.286706 0.340715 
0.360602 0.240720 0.053982 0.344696 
0.362558 0.203460 0.074169 0.359812 
0.364302 0.186995 0.082866 0.365837 
0.359642 0.260678 0.015242 0.364438 
0.358082 0.028503 0.249667 0.363748 
0.363894 0.174220 0.093101 0.368786 
0.353469 0.287788 0.001228 0.357516 
0.358044 0.256362 0.022718 0.362876 
0.344985 0.302397 0.000016 0.352601 
0.344675 0.300812 0.000931 0.353583 
0.342092 0.308065 0.000010 0.349833 
0.335243 0.316257 0.000000 0.348500 
0.339598 0.310316 0.000002 0.350084 
0.352361 0.297784 0.000369 0.349486 
0.357477 0.285279 0.006353 0.350891 
0.351888 0.301566 0.000130 0.346416 
0.344034 0.331597 0.000000 0.324368 
0.343754 0.336229 0.000000 0.320017 
0.316717 0.362297 0.000000 0.320986 
0.307209 0.368645 0.000000 0.324145 
0.310608 0.360243 0.000000 0.329149 
0.312120 0.368681 0.000000 0.319199 
0.310965 0.368540 0.000000 0.320495 
0.334484 0.368217 0.000000 0.297299 
0.364651 0.373713 0.000706 0.260930 
0.380574 0.371622 0.051932 0.195872 
0.368765 0.376197 0.056812 0.198227 
0.360398 0.362475 0.218618 0.058509 
0.365647 0.365623 0.149861 0.118869 
0.357295 0.363395 0.004686 0.274624 
0.355495 0.365171 0.001895 0.277439 
0.359123 0.352101 0.044267 0.244509 
0.358728 0.340028 0.006491 0.294753 
0.362848 0.357065 0.115384 0.164703 
0.365643 0.365696 0.135260 0.133401 
0.344641 0.311355 0.000001 0.344003 
0.363750 0.346920 0.119204 0.170126 
0.364706 0.364282 0.175776 0.095236 
0.364134 0.365688 0.089751 0.180426 
0.361715 0.356237 0.221125 0.060923 
0.368352 0.372614 0.097289 0.161744 
0.360751 0.368658 0.003653 0.266938 
0.363624 0.355801 0.217478 0.063097 
0.366614 0.367296 0.114107 0.151984 
0.362871 0.353742 0.155236 0.128150 
0.361733 0.350073 0.218160 0.070034 
0.364753 0.365383 0.168120 0.101745 
0.366911 0.365775 0.174233 0.093080 
0.355900 0.347040 0.000346 0.296713 
0.359540 0.310606 0.000794 0.329060 
0.365471 0.310000 0.205697 0.118832 
0.363893 0.297425 0.318302 0.020381 
0.365048 0.324696 0.131079 0.179177 
0.362791 0.319314 0.005060 0.312836 
0.364196 0.326211 0.043390 0.266203 
0.366204 0.274583 0.174554 0.184659 
0.364628 0.325871 0.079618 0.229883 
0.364503 0.329903 0.140684 0.164910 
0.363583 0.244834 0.116536 0.275047 
0.363854 0.316454 0.014539 0.305153 
0.357907 0.311790 0.000147 0.330156 
0.365328 0.338295 0.171615 0.124762 
0.362269 0.357288 0.078424 0.202019 
0.360683 0.356888 0.044681 0.237748 
0.357269 0.338268 0.000297 0.304165 
0.364322 0.352800 0.117608 0.165270 
0.360478 0.343558 0.291323 0.004641 
0.364068 0.340039 0.237148 0.058745 
0.361702 0.344298 0.261517 0.032483 
0.362887 0.320868 0.006494 0.309752 
0.362588 0.202525 0.103219 0.331668 
0.363674 0.295303 0.020541 0.320482 
0.365108 0.066422 0.269206 0.299265 
0.362288 0.341124 0.258856 0.037731 
0.360666 0.345242 0.036987 0.257105 
0.354065 0.314274 0.001844 0.329817 
0.352632 0.342451 0.000037 0.304880 
0.325046 0.359921 0.000000 0.315033 
0.322927 0.366450 0.000000 0.310623 
0.310327 0.328776 0.000000 0.360897 
0.316774 0.339219 0.000000 0.344007 
0.362133 0.356105 0.022045 0.259717 
0.372510 0.377300 0.009108 0.241082 
0.368895 0.376213 0.005188 0.249704 
0.362036 0.371669 0.008213 0.258082 
0.357703 0.372940 0.000053 0.269304 
0.338498 0.365687 0.000001 0.295813 
0.344020 0.357240 0.000001 0.298739 
0.345040 0.360617 0.000002 0.294342 
0.367652 0.375513 0.008751 0.248084 
0.355807 0.368415 0.000343 0.275435 
0.368885 0.376052 0.004613 0.250449 
0.383062 0.380638 0.144813 0.091487 
0.386538 0.380821 0.135524 0.097118 
0.379096 0.380662 0.120585 0.119657 
0.378759 0.380390 0.071442 0.169408 
0.386596 0.369923 0.001780 0.241700 
0.382196 0.380545 0.057118 0.180141 
0.374451 0.377880 0.244394 0.003275 
0.345231 0.360048 0.294721 0.000000 
0.381168 0.379834 0.153317 0.085681 
0.380515 0.373154 0.243964 0.002367 
0.412364 0.363471 0.143210 0.080955 
0.413140 0.361976 0.119152 0.105732 
0.469129 0.298510 0.123917 0.108444 
0.474320 0.290786 0.136668 0.098226 
0.432585 0.344740 0.104792 0.117883 
0.429328 0.331482 0.008620 0.230569 
0.406650 0.364458 0.043769 0.185123 
0.407244 0.367902 0.127792 0.097061 
0.393057 0.378361 0.122775 0.105807 
0.369112 0.375271 0.232871 0.022746 
0.354715 0.358556 0.284197 0.002532 
0.289235 0.367370 0.343395 0.000000 
0.273803 0.366604 0.359592 0.000000 
0.326258 0.309403 0.364339 0.000000 
0.326107 0.305219 0.368674 0.000000 
0.360680 0.247456 0.373231 0.018634 
0.347432 0.193982 0.351136 0.107450 
0.351983 0.295904 0.351924 0.000188 
0.348235 0.317928 0.333450 0.000387 
0.320552 0.339318 0.340130 0.000000 
0.312631 0.345509 0.341860 0.000000 
0.276677 0.356875 0.366449 0.000000 
0.197028 0.413917 0.389055 0.000000 
0.164435 0.477343 0.358222 0.000000 
0.154357 0.419655 0.425988 0.000000 
0.200670 0.405260 0.394071 0.000000 
0.259370 0.373855 0.366774 0.000000 
0.329177 0.364563 0.306260 0.000000 
0.246552 0.376953 0.376495 0.000000 
0.319177 0.365432 0.315391 0.000000 
0.269719 0.371747 0.358530 0.000004 
0.350513 0.369932 0.279515 0.000040 
0.353547 0.342387 0.302085 0.001981 
0.360428 0.335595 0.093617 0.210360 
0.363186 0.340650 0.084507 0.211656 
0.359388 0.334302 0.002914 0.303396 
0.356780 0.348759 0.001691 0.292769 
0.360886 0.360623 0.009446 0.269045 
0.363613 0.366704 0.016567 0.253116 
0.365323 0.363091 0.193175 0.078411 
0.360129 0.354212 0.010314 0.275346 
0.360674 0.368697 0.002764 0.267865 
0.364733 0.352181 0.087339 0.195747 
0.362765 0.336783 0.019467 0.280985 
0.358313 0.343750 0.001232 0.296706 
0.362803 0.346565 0.018859 0.271772 
0.365333 0.351923 0.104224 0.178520 
0.365471 0.337808 0.118659 0.178061 
0.366679 0.358283 0.134770 0.140268 
0.365598 0.350219 0.134051 0.150131 
0.362444 0.344465 0.041105 0.251986 
0.362419 0.300926 0.008833 0.327821 
0.361464 0.295879 0.022614 0.320042 
0.360270 0.286262 0.014629 0.338839 
0.361258 0.311012 0.002512 0.325218 
0.360126 0.317020 0.000513 0.322342 
0.365063 0.323963 0.092387 0.218586 
0.364729 0.281197 0.069128 0.284947 
0.365011 0.177213 0.139624 0.318152 
0.364949 0.124189 0.173004 0.337858 
0.363356 0.241589 0.040662 0.354393 
0.361002 0.291404 0.005109 0.342484 
0.357742 0.171630 0.122898 0.347731 
0.354546 0.317734 0.000010 0.327710 
0.351047 0.331256 0.000002 0.317696 
0.352462 0.342847 0.000021 0.304669 
0.346371 0.340364 0.000001 0.313265 
0.328184 0.353840 0.000001 0.317975 
0.318413 0.365541 0.000000 0.316047 
0.323122 0.355567 0.000000 0.321311 
0.312489 0.364434 0.000000 0.323077 
0.315408 0.367163 0.000000 0.317429 
0.321371 0.356152 0.000000 0.322477 
0.335439 0.326829 0.000000 0.337731 
0.330130 0.331918 0.000000 0.337952 
0.332187 0.336735 0.000000 0.331078 
0.328992 0.335124 0.000000 0.335884 
0.318031 0.356606 0.000000 0.325363 
0.314266 0.361092 0.000000 0.324642 
0.313441 0.368701 0.000000 0.317858 
0.309477 0.364383 0.000000 0.326140 
0.310666 0.363102 0.000000 0.326232 
0.323917 0.368867 0.000000 0.307216 
0.309424 0.367929 0.000000 0.322647 
0.311640 0.365262 0.000000 0.323097 
0.313246 0.365789 0.000000 0.320965 
0.311938 0.364600 0.000000 0.323462 
0.306831 0.367031 0.000000 0.326138 
0.304950 0.368961 0.000000 0.326089 
0.307672 0.367256 0.000000 0.325072 
0.319401 0.347509 0.000000 0.333090 
0.313397 0.355549 0.000000 0.331054 
0.330168 0.328553 0.000000 0.341279 
0.331210 0.326627 0.000000 0.342163 
0.343296 0.305199 0.000006 0.351500 
0.361651 0.259636 0.012884 0.365829 
0.368063 0.167607 0.094045 0.370285 
0.363712 0.243785 0.025527 0.366976 
0.364573 0.134313 0.134064 0.367049 
0.365210 0.074013 0.195928 0.364848 
0.364355 0.031958 0.238954 0.364733 
0.360440 0.004936 0.276572 0.358053 
0.358155 0.003456 0.283351 0.355038 
0.360578 0.006848 0.271174 0.361401 
0.360157 0.007611 0.269403 0.362829 
0.359884 0.018390 0.261156 0.360571 
0.357248 0.005920 0.283954 0.352878 
0.357921 0.001484 0.306462 0.334133 
0.359670 0.008193 0.299266 0.332870 
0.344489 0.000000 0.336847 0.318664 
0.360622 0.012567 0.268759 0.358052 
0.351592 0.000157 0.296700 0.351550 
0.360551 0.013680 0.261669 0.364100 
0.359595 0.011683 0.266417 0.362305 
0.364239 0.077348 0.192127 0.366286 
0.365961 0.049754 0.215643 0.368642 
0.364802 0.231780 0.035572 0.367846 
0.366789 0.086595 0.177622 0.368994 
0.364321 0.047761 0.223061 0.364857 
0.363042 0.037866 0.234736 0.364356 
0.365062 0.146594 0.127730 0.360613 
0.359386 0.007927 0.281620 0.351067 
0.357885 0.002928 0.276920 0.362268 
0.368483 0.118290 0.142849 0.370378 
0.366102 0.136270 0.134814 0.362814 
0.362702 0.027673 0.246576 0.363049 
0.363565 0.088921 0.182637 0.364877 
0.354679 0.003175 0.281952 0.360194 
0.358504 0.267290 0.009707 0.364498 
0.349330 0.295163 0.000052 0.355455 
0.354249 0.277732 0.009162 0.358858 
0.348643 0.294290 0.000052 0.357015 
0.348052 0.294794 0.000905 0.356250 
0.349637 0.291572 0.001521 0.357270 
0.355974 0.276296 0.005346 0.362384 
0.349906 0.003970 0.287638 0.358486 
0.363623 0.074447 0.193392 0.368537 
0.364857 0.093650 0.173344 0.368148 
0.365415 0.100049 0.166188 0.368347 
0.365412 0.110608 0.156568 0.367412 
0.363602 0.159614 0.117338 0.359447 
0.360871 0.027853 0.259941 0.351335 
0.362542 0.115209 0.174632 0.347616 
0.362138 0.124533 0.167625 0.345703 
0.362197 0.067655 0.298981 0.271168 
0.360793 0.023371 0.329483 0.286353 
0.360834 0.030341 0.332536 0.276288 
0.360788 0.292288 0.325708 0.021216 
0.362032 0.076508 0.328710 0.232751 
0.358516 0.275227 0.050630 0.315627 
0.359583 0.067405 0.250714 0.322298 
0.357964 0.309936 0.002849 0.329251 
0.362978 0.333594 0.096194 0.207234 
0.363172 0.330897 0.185730 0.120201 
0.364251 0.260376 0.257252 0.118121 
0.365315 0.235688 0.230508 0.168489 
0.365857 0.203170 0.244123 0.186850 
0.364720 0.272586 0.270919 0.091774 
0.364298 0.326673 0.147932 0.161098 
0.363119 0.333475 0.135302 0.168104 
0.361935 0.276171 0.035645 0.326249 
0.362740 0.243296 0.066338 0.327626 
0.364245 0.159172 0.171997 0.304586 
0.362490 0.071113 0.234353 0.332045 
0.362375 0.030542 0.307173 0.299910 
0.362320 0.290378 0.038424 0.308878 
0.361870 0.061741 0.258742 0.317647 
0.362734 0.211091 0.096979 0.329195 
0.363380 0.157338 0.148187 0.331094 
0.362754 0.177672 0.189798 0.269776 
0.362277 0.309501 0.287228 0.040994 
0.360577 0.333203 0.276366 0.029854 
0.361094 0.336009 0.031930 0.270967 
0.363600 0.350572 0.134341 0.151487 
0.363735 0.351731 0.161466 0.123068 
0.361568 0.314351 0.052904 0.271177 
0.363864 0.292937 0.301699 0.041499 
0.364148 0.329138 0.102111 0.204603 
0.361609 0.288233 0.040129 0.310029 
0.363837 0.331162 0.071317 0.233684 
0.364054 0.294952 0.028047 0.312947 
0.363018 0.297309 0.014971 0.324701 
0.363092 0.311628 0.009255 0.316025 
0.364922 0.326841 0.101568 0.206669 
0.362249 0.328541 0.007395 0.301815 
0.365924 0.225853 0.126582 0.281640 
0.366431 0.183131 0.254404 0.196033 
0.366642 0.232802 0.175115 0.225441 
0.363816 0.340674 0.255433 0.040078 
0.362955 0.351591 0.120108 0.165346 
0.362758 0.329003 0.302628 0.005611 
0.358199 0.345812 0.000496 0.295493 
0.339315 0.296392 0.000000 0.364293 
0.358864 0.269615 0.000238 0.371283 
0.361876 0.272931 0.005116 0.360077 
0.361164 0.318886 0.001336 0.318614 
0.363722 0.336331 0.025660 0.274287 
0.363035 0.346683 0.046374 0.243908 
0.357340 0.352961 0.000273 0.289427 
0.341472 0.315857 0.000000 0.342671 
0.344716 0.339981 0.000000 0.315303 
0.337237 0.368926 0.000000 0.293837 
0.340816 0.370187 0.000000 0.288997 
0.399520 0.370532 0.029061 0.200888 
0.388629 0.373504 0.008569 0.229299 
0.325851 0.363834 0.000000 0.310314 
0.384250 0.381457 0.067849 0.166445 
0.388299 0.381607 0.113429 0.116665 
0.389775 0.379779 0.165173 0.065272 
0.429171 0.349327 0.088935 0.132567 
0.444729 0.325685 0.033573 0.196013 
0.468335 0.298950 0.059704 0.173010 
0.407541 0.365546 0.025053 0.201860 
0.416488 0.361516 0.149508 0.072488 
0.393096 0.379874 0.077465 0.149565 
0.388445 0.377784 0.215969 0.017802 
0.378803 0.377237 0.241175 0.002785 
0.361113 0.373938 0.264927 0.000022 
0.387691 0.365863 0.226307 0.020139 
0.369883 0.376546 0.196607 0.056965 
0.365551 0.373995 0.260070 0.000383 
0.369616 0.374386 0.255868 0.000130 
0.364160 0.372360 0.259108 0.004372 
0.362301 0.359632 0.224500 0.053567 
0.357961 0.358020 0.281456 0.002564 
0.367183 0.369563 0.170679 0.092576 
0.378285 0.379768 0.188320 0.053627 
0.388329 0.379651 0.080372 0.151647 
0.370273 0.375045 0.072472 0.182210 
0.372881 0.377531 0.041010 0.208579 
0.363673 0.369730 0.006493 0.260103 
0.354113 0.368365 0.000058 0.277463 
0.370174 0.373906 0.142452 0.113468 
0.375958 0.379062 0.101255 0.143725 
0.371716 0.376310 0.176734 0.075240 
0.369641 0.372777 0.168753 0.088830 
0.366366 0.370433 0.053156 0.210045 
0.354913 0.350317 0.000185 0.294584 
0.348115 0.334457 0.000000 0.317428 
0.354473 0.325016 0.000030 0.320481 
0.351792 0.308889 0.000028 0.339291 
0.356813 0.315564 0.000674 0.326948 
0.358093 0.331031 0.000223 0.310652 
0.355720 0.348306 0.002213 0.293761 
0.343478 0.345149 0.000000 0.311372 
0.346930 0.349067 0.000053 0.303950 
0.351304 0.371263 0.000009 0.277423 
0.344631 0.362729 0.000003 0.292637 
0.362458 0.373547 0.000173 0.263822 
0.342408 0.370388 0.000001 0.287202 
0.333053 0.364022 0.000000 0.302925 
0.345089 0.332940 0.000000 0.321972 
0.345407 0.313709 0.000000 0.340884 
0.341325 0.326453 0.000000 0.332222 
0.335330 0.326261 0.000000 0.338409 
0.346578 0.304128 0.000001 0.349292 
0.365336 0.249787 0.019871 0.365005 
0.367687 0.223107 0.041384 0.367822 
0.364259 0.261007 0.011909 0.362824 
0.365341 0.241898 0.030644 0.362117 
0.359159 0.279297 0.002776 0.358769 
0.364862 0.184740 0.087897 0.362501 
0.366348 0.136815 0.129529 0.367308 
0.366699 0.101337 0.172675 0.359288 
0.366111 0.139193 0.141190 0.353507 
0.363367 0.125256 0.157152 0.354225 
0.357297 0.314287 0.000131 0.328285 
0.363279 0.266910 0.040649 0.329162 
0.366251 0.322246 0.126653 0.184850 
0.365046 0.033895 0.274974 0.326085 
0.366076 0.186394 0.121554 0.325976 
0.366450 0.211126 0.107759 0.314665 
0.366713 0.164968 0.176719 0.291599 
0.366629 0.131137 0.300701 0.201533 
0.365665 0.186713 0.113589 0.334033 
0.366565 0.168408 0.180970 0.284057 
0.366093 0.108600 0.210092 0.315215 
0.366902 0.203889 0.222382 0.206827 
0.366560 0.277502 0.180085 0.175853 
0.366325 0.279222 0.123106 0.231347 
0.366467 0.305825 0.179234 0.148474 
0.366216 0.222990 0.135800 0.274994 
0.366657 0.208274 0.208673 0.216396 
0.366274 0.240015 0.222712 0.170999 
0.366687 0.201564 0.228658 0.203091 
0.365504 0.070779 0.314223 0.249495 
0.366338 0.166233 0.196842 0.270587 
0.365298 0.133929 0.170533 0.330240 
0.365018 0.101813 0.193039 0.340130 
0.364838 0.102958 0.199041 0.333162 
0.365379 0.130016 0.162497 0.342108 
0.365255 0.115018 0.179835 0.339892 
0.365803 0.130370 0.157233 0.346593 
0.364570 0.055487 0.236640 0.343303 
0.365145 0.086938 0.203224 0.344692 
0.365955 0.101800 0.176585 0.355660 
0.364768 0.187108 0.096080 0.352044 
0.366914 0.162630 0.111084 0.359372 
0.355859 0.000017 0.312318 0.331806 
0.350781 0.000001 0.339234 0.309983 
0.358446 0.000041 0.317956 0.323557 
0.357851 0.000181 0.302601 0.339367 
0.365933 0.080064 0.202797 0.351206 
0.367443 0.138280 0.137135 0.357142 
0.365258 0.091729 0.201876 0.341137 
0.365361 0.085149 0.209037 0.340453 
0.366233 0.170007 0.127433 0.336327 
0.366734 0.247443 0.228324 0.157498 
0.365912 0.103756 0.190820 0.339511 
0.366954 0.214825 0.226745 0.191476 
0.366165 0.088810 0.310658 0.234367 
0.365290 0.066633 0.340436 0.227641 
0.368214 0.124395 0.363036 0.144355 
0.370351 0.098134 0.370686 0.160829 
0.382245 0.123999 0.381461 0.112295 
0.378603 0.213175 0.379317 0.028906 
0.381065 0.132020 0.380556 0.106359 
0.374169 0.173768 0.378229 0.073833 
0.357282 0.027893 0.369046 0.245779 
0.357172 0.305225 0.337486 0.000116 
0.350272 0.307973 0.341744 0.000011 
0.358654 0.322511 0.302200 0.016636 
0.346072 0.298534 0.355393 0.000001 
0.334967 0.320633 0.344400 0.000000 
0.339627 0.338065 0.322309 0.000000 
0.347548 0.292421 0.359970 0.000060 
0.352759 0.296333 0.350845 0.000063 
0.359432 0.004987 0.316272 0.319310 
0.361844 0.015768 0.292556 0.329832 
0.355474 0.000071 0.279254 0.365201 
0.357629 0.000497 0.346069 0.295806 
0.365410 0.046569 0.288694 0.299327 
0.366174 0.154144 0.308470 0.171211 
0.366660 0.228299 0.214494 0.190548 
0.366801 0.200138 0.180438 0.252624 
0.365896 0.156650 0.141791 0.335663 
0.365694 0.149275 0.141986 0.343044 
0.366293 0.160092 0.262025 0.211591 
0.366388 0.191571 0.118437 0.323603 
0.366716 0.227148 0.285875 0.120261 
0.366791 0.283690 0.130473 0.219046 
0.366395 0.114993 0.313181 0.205431 
0.366103 0.181847 0.335791 0.116258 
0.366301 0.157452 0.299869 0.176377 
0.366878 0.254268 0.162907 0.215946 
0.365160 0.036139 0.325041 0.273660 
0.366577 0.214185 0.287920 0.131318 
0.366042 0.239887 0.095220 0.298850 
0.366393 0.293007 0.139867 0.200733 
0.365628 0.333890 0.211490 0.088992 
0.363507 0.327594 0.301844 0.007055 
0.362990 0.321428 0.297642 0.017941 
0.364899 0.328060 0.050229 0.256812 
0.366133 0.315340 0.122773 0.195754 
0.366153 0.193375 0.190288 0.250183 
0.366822 0.191186 0.259196 0.182795 
0.365862 0.141771 0.346015 0.146351 
0.365640 0.145989 0.337344 0.151027 
0.364797 0.174901 0.345303 0.114999 
0.366030 0.293909 0.188987 0.151073 
0.366069 0.299075 0.185824 0.149032 
0.365806 0.278082 0.101805 0.254306 
0.366275 0.296657 0.205869 0.131199 
0.365473 0.320359 0.241825 0.072342 
0.366157 0.278404 0.161867 0.193572 
0.365697 0.324016 0.095889 0.214399 
0.364545 0.276315 0.156399 0.202741 
0.364159 0.316387 0.309320 0.010134 
0.365182 0.335831 0.222169 0.076819 
0.362667 0.323257 0.311948 0.002128 
0.364707 0.326855 0.280850 0.027589 
0.366362 0.334537 0.182566 0.116535 
0.365362 0.331156 0.264000 0.039482 
0.364416 0.334426 0.275821 0.025337 
0.364847 0.337077 0.250712 0.047364 
0.364147 0.336079 0.018489 0.281284 
0.365547 0.343946 0.218231 0.072276 
0.363482 0.346630 0.009445 0.280442 
0.367328 0.357104 0.177123 0.098445 
0.364538 0.358912 0.246318 0.030232 
0.357535 0.347790 0.000266 0.294409 
0.347220 0.339930 0.000000 0.312850 
0.361352 0.357716 0.004781 0.276151 
0.370541 0.368674 0.131962 0.128824 
0.371487 0.370834 0.129360 0.128319 
0.368744 0.366897 0.053658 0.210701 
0.367381 0.366174 0.030477 0.235968 
0.368823 0.366198 0.061559 0.203420 
0.370402 0.367266 0.129095 0.133238 
0.368025 0.362978 0.102818 0.166179 
0.366179 0.360155 0.021198 0.252469 
0.368598 0.363202 0.076153 0.192047 
0.366444 0.355359 0.042593 0.235604 
0.358948 0.302933 0.153191 0.184928 
0.362596 0.331132 0.297085 0.009187 
0.363057 0.335499 0.296150 0.005294 
0.364885 0.327808 0.286098 0.021208 
0.364709 0.324130 0.293314 0.017847 
0.365659 0.329755 0.041441 0.263146 
0.366521 0.324117 0.217758 0.091604 
0.366440 0.326628 0.195059 0.111873 
0.363028 0.117344 0.182056 0.337572 
0.366403 0.075921 0.212660 0.345016 
0.364696 0.274120 0.021287 0.339898 
0.364513 0.275655 0.017547 0.342285 
0.363140 0.284684 0.004540 0.347636 
0.365048 0.259696 0.023054 0.352203 
0.364865 0.285444 0.018525 0.331165 
0.365617 0.095338 0.187393 0.351652 
0.366568 0.193753 0.084190 0.355490 
0.365163 0.251772 0.033341 0.349724 
0.365004 0.238272 0.064893 0.331831 
0.364572 0.109982 0.222564 0.302882 
0.365654 0.194752 0.323962 0.115632 
0.365474 0.271487 0.330803 0.032235 
0.365654 0.070024 0.304253 0.260068 
0.366820 0.182035 0.254444 0.196701 
0.366905 0.148740 0.223027 0.261329 
0.366924 0.154974 0.156399 0.321703 
0.366701 0.169322 0.182722 0.281255 
0.367317 0.182276 0.198948 0.251458 
0.366937 0.163128 0.260518 0.209416 
0.366503 0.083477 0.259184 0.290836 
0.365244 0.046973 0.253782 0.334002 
0.366832 0.215516 0.290479 0.127173 
0.366335 0.266295 0.068525 0.298846 
0.366340 0.256929 0.083834 0.292897 
0.366150 0.290502 0.040789 0.302560 
0.367160 0.194964 0.227144 0.210732 
0.367012 0.315175 0.160413 0.157400 
0.366859 0.292722 0.216657 0.123762 
0.366736 0.272227 0.247957 0.113080 
0.366471 0.295954 0.157191 0.180384 
0.366919 0.308590 0.136209 0.188281 
0.367016 0.308729 0.157142 0.167113 
0.367149 0.210869 0.218179 0.203803 
0.366752 0.143757 0.153676 0.335815 
0.366451 0.070103 0.246302 0.317144 
0.367231 0.158732 0.268461 0.205576 
0.367054 0.140806 0.263507 0.228634 
0.367406 0.212602 0.194768 0.225224 
0.365114 0.017093 0.326746 0.291047 
0.367065 0.173033 0.152710 0.307192 
0.366746 0.210710 0.301767 0.120776 
0.366584 0.303219 0.072454 0.257742 
0.365381 0.293988 0.017934 0.322697 
0.365480 0.255966 0.043575 0.334979 
0.367137 0.301515 0.167994 0.163354 
0.367076 0.234213 0.134924 0.263788 
0.366783 0.217405 0.295544 0.120268 
0.362739 0.000825 0.316081 0.320354 
0.366458 0.081881 0.244804 0.306857 
0.367206 0.101407 0.177809 0.353579 
0.367190 0.082561 0.196230 0.354019 
0.366855 0.138953 0.178129 0.316063 
0.367417 0.213307 0.205117 0.214159 
0.367152 0.148541 0.272946 0.211361 
0.366891 0.124466 0.261482 0.247161 
0.367085 0.176184 0.161096 0.295635 
0.362725 0.000724 0.317706 0.318845 
0.369287 0.119074 0.363945 0.147693 
0.361523 0.001387 0.345936 0.291155 
0.366109 0.051873 0.350938 0.231080 
0.367222 0.214437 0.359804 0.058536 
0.344188 0.000000 0.319410 0.336402 
0.363145 0.007037 0.282211 0.347607 
0.369710 0.003446 0.250886 0.375958 
0.371711 0.088027 0.166824 0.373438 
0.365227 0.138804 0.163234 0.332736 
0.366491 0.194488 0.111869 0.327153 
0.366858 0.211414 0.257570 0.164158 
0.366885 0.276531 0.138937 0.217647 
0.366626 0.227710 0.284108 0.121556 
0.366371 0.207475 0.320076 0.106078 
0.366414 0.273084 0.275581 0.084921 
0.366081 0.170974 0.160330 0.302615 
0.366933 0.224329 0.274525 0.134213 
0.367107 0.241084 0.205109 0.186699 
0.367119 0.212020 0.222383 0.198478 
0.367025 0.153444 0.207784 0.271746 
0.366206 0.136112 0.163178 0.334504 
0.366264 0.126951 0.162718 0.344067 
0.366045 0.161197 0.130777 0.341981 
0.366163 0.130846 0.167529 0.335463 
0.365482 0.115364 0.194826 0.324328 
0.366085 0.167501 0.131508 0.334906 
0.366512 0.111813 0.262581 0.259095 
0.366736 0.150721 0.189142 0.293401 
0.366572 0.183303 0.163523 0.286602 
0.367018 0.232958 0.200395 0.199628 
0.366274 0.182072 0.216381 0.235273 
0.366853 0.226588 0.248821 0.157739 
0.366654 0.197273 0.122238 0.313835 
0.366412 0.320979 0.097599 0.215010 
0.363148 0.324327 0.002301 0.310225 
0.364413 0.337209 0.031407 0.266971 
0.366054 0.350656 0.208499 0.074791 
0.363575 0.347543 0.280430 0.008451 
0.363700 0.325707 0.253634 0.056959 
0.365101 0.301432 0.266238 0.067229 
0.363892 0.326707 0.296523 0.012879 
0.362532 0.346250 0.287351 0.003867 
0.366178 0.340604 0.105126 0.188092 
0.360087 0.336028 0.000228 0.303658 
0.350770 0.311183 0.000000 0.338047 
0.357683 0.293318 0.000099 0.348899 
0.359374 0.267445 0.000030 0.373151 
0.373244 0.253297 0.000356 0.373103 
0.362059 0.343362 0.024298 0.270282 
0.364853 0.345170 0.210396 0.079581 
0.364773 0.350841 0.256759 0.027627 
0.366005 0.346443 0.151362 0.136189 
0.367625 0.367983 0.031098 0.233294 
0.375986 0.378648 0.101939 0.143427 
0.379560 0.380970 0.114884 0.124587 
0.389852 0.381392 0.079932 0.148824 
0.373376 0.377462 0.044334 0.204828 
0.383870 0.378932 0.142013 0.095185 
0.382192 0.377648 0.150895 0.089265 
0.367199 0.374795 0.252433 0.005574 
0.373398 0.376846 0.123345 0.126411 
0.377889 0.380044 0.059429 0.182639 
0.377030 0.379273 0.114943 0.128753 
0.378383 0.380313 0.068007 0.173297 
0.374088 0.378019 0.220075 0.027817 
