0.170483 0.193975 0.465209 0.170334 
0.020776 0.026862 0.023806 0.928556 
0.000061 0.000061 0.002849 0.997029 
0.000000 0.000000 0.000001 0.999999 
0.000000 0.000000 0.000042 0.999957 
0.000000 0.000000 0.000000 1.000000 
0.000000 0.000000 0.000001 0.999999 
0.000000 0.000000 0.000000 1.000000 
0.000000 0.000000 0.000000 1.000000 
0.000000 0.000000 0.000000 1.000000 
0.000000 0.000000 0.000000 1.000000 
0.000000 0.000000 0.000003 0.999997 
0.000000 0.000000 0.002974 0.997026 
0.000000 0.000000 0.010415 0.989585 
0.000000 0.000001 0.001530 0.998470 
0.000000 0.000000 0.000353 0.999647 
0.000000 0.000000 0.000224 0.999776 
0.000000 0.000000 0.000002 0.999998 
0.000000 0.000001 0.000018 0.999981 
0.000000 0.000059 0.000001 0.999940 
0.000000 0.000018 0.000000 0.999982 
0.000000 0.000004 0.000000 0.999996 
0.000000 0.004950 0.000001 0.995049 
0.000000 0.016098 0.000010 0.983892 
0.000000 0.023428 0.000069 0.976503 
0.000000 0.360543 0.005760 0.633696 
0.000000 0.453190 0.525428 0.021382 
0.000000 0.651635 0.348050 0.000315 
0.000000 0.083486 0.915199 0.001315 
0.000000 0.367960 0.632039 0.000000 
0.000000 0.232372 0.651930 0.115698 
0.000000 0.093160 0.213699 0.693141 
0.000000 0.305238 0.348925 0.345837 
0.000000 0.960511 0.015402 0.024087 
0.000000 0.999648 0.000352 0.000000 
0.000000 0.880058 0.119942 0.000000 
0.000000 0.979910 0.020090 0.000000 
0.000000 0.641615 0.358385 0.000000 
0.000000 0.460863 0.539137 0.000000 
0.000000 0.484158 0.515842 0.000000 
0.000000 0.132525 0.867475 0.000000 
0.000000 0.219865 0.780135 0.000000 
0.000000 0.743961 0.256039 0.000000 
0.000000 0.943991 0.056009 0.000000 
0.000000 0.522571 0.477375 0.000054 
0.000000 0.737678 0.262052 0.000271 
0.000000 0.064367 0.935633 0.000000 
0.000000 0.079560 0.836900 0.083541 
0.000000 0.009292 0.482938 0.507770 
0.000000 0.001223 0.443469 0.555308 
0.000000 0.000127 0.826931 0.172942 
0.000000 0.000542 0.289736 0.709721 
0.000000 0.000192 0.304349 0.695459 
0.000000 0.018012 0.025570 0.956418 
0.000000 0.031004 0.052121 0.916875 
0.000000 0.047215 0.001971 0.950814 
0.000000 0.814247 0.004104 0.181649 
0.000000 0.324108 0.016012 0.659880 
0.000000 0.889413 0.020726 0.089860 
0.000000 0.762302 0.014436 0.223262 
0.000000 0.506502 0.003305 0.490193 
0.000000 0.363539 0.000204 0.636257 
0.000000 0.996226 0.003747 0.000027 
0.000000 0.565506 0.005163 0.429332 
0.000000 0.944946 0.023851 0.031203 
0.000000 0.977423 0.019836 0.002741 
0.000000 0.952513 0.047470 0.000017 
0.000000 0.932110 0.061624 0.006266 
0.000000 0.576388 0.422541 0.001071 
0.000000 0.478383 0.443071 0.078546 
0.000000 0.591474 0.306690 0.101836 
0.000000 0.378375 0.452321 0.169304 
0.000000 0.082908 0.750978 0.166114 
0.000000 0.051556 0.941186 0.007258 
0.000000 0.000224 0.640920 0.358856 
0.000000 0.000015 0.508581 0.491404 
0.000000 0.000001 0.998850 0.001149 
0.000000 0.000577 0.471272 0.528152 
0.000000 0.000444 0.842016 0.157540 
0.000000 0.000851 0.904456 0.094693 
0.000000 0.000478 0.955966 0.043556 
0.000000 0.000751 0.472773 0.526476 
0.000000 0.000852 0.963652 0.035496 
0.000000 0.000505 0.487694 0.511801 
0.000000 0.000004 0.573590 0.426407 
0.000000 0.000005 0.895345 0.104649 
0.000000 0.000006 0.758851 0.241143 
0.000000 0.000000 0.814418 0.185582 
0.000000 0.000000 0.583701 0.416299 
0.000000 0.000000 0.239176 0.760824 
0.000000 0.000000 0.894637 0.105362 
0.000000 0.000000 0.569140 0.430860 
0.000000 0.000000 0.994076 0.005924 
0.000000 0.000957 0.998929 0.000114 
0.000000 0.205633 0.633267 0.161100 
0.000000 0.254565 0.745425 0.000009 
0.000000 0.791134 0.208866 0.000000 
0.000000 0.907341 0.092658 0.000001 
0.000000 0.995565 0.001180 0.003255 
0.000000 0.404643 0.009222 0.586135 
0.000000 0.511959 0.000000 0.488041 
0.000000 0.327898 0.000000 0.672102 
0.000000 0.016887 0.000000 0.983113 
0.000000 0.940781 0.000000 0.059219 
0.000000 0.471742 0.000000 0.528258 
0.000000 0.547778 0.000000 0.452222 
0.000000 0.526387 0.000000 0.473613 
0.000000 0.312694 0.000000 0.687306 
0.000000 0.991309 0.000000 0.008691 
0.000000 0.962283 0.000000 0.037717 
0.000000 0.618366 0.000000 0.381634 
0.000000 0.520704 0.000000 0.479296 
0.000000 0.308620 0.000000 0.691380 
0.000000 0.603945 0.000000 0.396055 
0.000000 0.682691 0.000000 0.317309 
0.000000 0.399518 0.298855 0.301626 
0.000000 0.369996 0.627293 0.002711 
0.000000 0.562246 0.011331 0.426423 
0.000000 0.084924 0.196256 0.718820 
0.000000 0.030804 0.369958 0.599238 
0.000000 0.003652 0.066066 0.930282 
0.000000 0.020109 0.118388 0.861503 
0.000000 0.042257 0.928481 0.029262 
0.000000 0.056733 0.936909 0.006357 
0.000000 0.192635 0.561291 0.246074 
0.000000 0.999459 0.000124 0.000416 
0.000000 0.446117 0.000000 0.553883 
0.000000 0.511903 0.000000 0.488097 
0.000000 0.449731 0.000000 0.550269 
0.000000 0.577337 0.000000 0.422663 
0.000000 0.363878 0.000000 0.636122 
0.000000 0.968715 0.000000 0.031285 
0.000000 0.618174 0.000000 0.381826 
0.000000 0.647218 0.000000 0.352782 
0.000000 0.345209 0.000000 0.654791 
0.000000 0.956329 0.000000 0.043671 
0.000000 0.999957 0.000000 0.000043 
0.000000 1.000000 0.000000 0.000000 
0.000000 1.000000 0.000000 0.000000 
0.000000 1.000000 0.000000 0.000000 
0.000000 0.999919 0.000000 0.000081 
0.000000 0.999994 0.000000 0.000006 
0.000000 1.000000 0.000000 0.000000 
0.000000 0.994321 0.005679 0.000000 
0.000000 0.970725 0.000041 0.029234 
0.000000 0.223681 0.067185 0.709133 
0.000000 0.210749 0.347538 0.441714 
0.000000 0.265045 0.730916 0.004039 
0.000000 0.876421 0.123579 0.000000 
0.000000 0.813999 0.186000 0.000001 
0.000000 0.541962 0.458037 0.000000 
0.000000 0.530541 0.469442 0.000018 
0.000000 0.982722 0.017254 0.000024 
0.000000 0.999694 0.000285 0.000021 
0.000000 0.995903 0.004073 0.000024 
0.000000 0.999068 0.000873 0.000059 
0.000000 0.955276 0.044687 0.000037 
0.000000 0.868677 0.127075 0.004247 
0.000000 0.700972 0.298978 0.000050 
0.000000 0.504933 0.491122 0.003945 
0.000000 0.885063 0.080064 0.034873 
0.000000 0.983849 0.007558 0.008594 
0.000000 0.976312 0.000511 0.023177 
0.000000 0.999706 0.000054 0.000240 
0.000000 0.966784 0.019316 0.013900 
0.000000 0.989468 0.010012 0.000519 
0.000000 0.387024 0.603920 0.009056 
0.000000 0.685296 0.314123 0.000581 
0.000000 0.331366 0.353165 0.315470 
0.000000 0.316792 0.359026 0.324182 
0.000000 0.161544 0.373609 0.464848 
0.000000 0.035691 0.415358 0.548951 
0.000000 0.009339 0.564487 0.426174 
0.000000 0.023791 0.975039 0.001170 
0.000000 0.043609 0.914185 0.042206 
0.000000 0.213032 0.081082 0.705887 
0.000000 0.023308 0.912600 0.064091 
0.000000 0.000045 0.998184 0.001772 
0.000000 0.000064 0.999822 0.000114 
0.000000 0.000032 0.978103 0.021865 
0.000000 0.000039 0.999914 0.000048 
0.000000 0.000012 0.979485 0.020502 
0.000000 0.000009 0.619238 0.380752 
0.000000 0.000005 0.360841 0.639154 
0.000000 0.000027 0.035048 0.964924 
0.000000 0.001019 0.072211 0.926770 
0.000000 0.008037 0.227441 0.764522 
0.000000 0.000074 0.049579 0.950347 
0.000000 0.000041 0.238527 0.761432 
0.000000 0.000953 0.185652 0.813395 
0.000000 0.002290 0.861436 0.136274 
0.000000 0.000372 0.149413 0.850215 
0.000000 0.000792 0.319802 0.679406 
0.000000 0.000038 0.326139 0.673824 
0.000000 0.000090 0.414458 0.585451 
0.000000 0.000002 0.943741 0.056257 
0.000000 0.000001 0.853806 0.146193 
0.000000 0.000001 0.977813 0.022186 
0.000000 0.000001 0.675485 0.324514 
0.000000 0.000000 0.979392 0.020608 
0.000000 0.000000 0.963706 0.036294 
0.000000 0.000000 0.996532 0.003468 
0.000000 0.000000 0.999154 0.000846 
0.000000 0.000000 0.014270 0.985730 
0.000000 0.000000 0.007086 0.992914 
0.000000 0.000001 0.133652 0.866346 
0.000000 0.000000 0.011087 0.988913 
0.000000 0.000007 0.355927 0.644066 
0.000000 0.000005 0.873390 0.126605 
0.000000 0.000002 0.442716 0.557282 
0.000000 0.000019 0.933287 0.066694 
0.000000 0.000105 0.577836 0.422058 
0.000000 0.000005 0.941256 0.058738 
0.000000 0.000000 0.999913 0.000086 
0.000000 0.000009 0.484284 0.515707 
0.000000 0.000001 0.003457 0.996541 
0.000000 0.000002 0.003635 0.996363 
0.000000 0.000004 0.976701 0.023296 
0.000000 0.000000 1.000000 0.000000 
0.000000 0.000000 1.000000 0.000000 
0.000262 0.262239 0.737473 0.000026 
0.000006 0.718324 0.000003 0.281668 
0.000003 0.989273 0.000000 0.010724 
0.000000 0.999999 0.000000 0.000001 
0.000000 0.596710 0.000000 0.403290 
0.000000 0.459747 0.000000 0.540253 
0.000000 0.141629 0.000000 0.858371 
0.000000 0.999012 0.000000 0.000988 
0.000000 0.999412 0.000000 0.000588 
0.000000 0.999697 0.000000 0.000303 
0.000000 0.967517 0.000000 0.032483 
0.000000 0.999764 0.000000 0.000236 
0.000000 0.999979 0.000000 0.000021 
0.000000 0.999504 0.000000 0.000496 
0.000000 1.000000 0.000000 0.000000 
0.000000 1.000000 0.000000 0.000000 
0.000000 0.999869 0.000000 0.000131 
0.000000 0.945964 0.000000 0.054036 
0.000000 0.931396 0.000000 0.068604 
0.000000 0.996234 0.000000 0.003766 
0.000000 0.996029 0.000000 0.003971 
0.000000 0.998455 0.000000 0.001545 
0.000000 0.934617 0.000000 0.065383 
0.000000 0.957788 0.000000 0.042211 
0.000000 0.991959 0.006720 0.001321 
0.000000 0.953202 0.042821 0.003976 
0.000000 0.940056 0.015153 0.044792 
0.000000 0.477742 0.000071 0.522187 
0.000000 0.862850 0.000000 0.137150 
0.000000 0.727457 0.000000 0.272543 
0.000000 0.621890 0.000000 0.378109 
0.000000 0.907459 0.000000 0.092541 
0.000000 0.612438 0.000000 0.387562 
0.000000 0.615056 0.000000 0.384944 
0.000000 0.659371 0.000000 0.340629 
0.000000 0.454803 0.000002 0.545195 
0.000000 0.500801 0.000000 0.499199 
0.000000 0.093726 0.000050 0.906225 
0.000000 0.000057 0.001446 0.998497 
0.000000 0.008063 0.340796 0.651141 
0.000000 0.036963 0.404016 0.559021 
0.000000 0.005212 0.059341 0.935447 
0.000000 0.044598 0.953908 0.001494 
0.000000 0.030782 0.955492 0.013726 
0.000000 0.717811 0.279977 0.002212 
0.000000 0.151193 0.848793 0.000013 
0.000000 0.536136 0.461369 0.002495 
0.000000 0.664169 0.335830 0.000001 
0.000000 0.287410 0.712356 0.000233 
0.000000 0.072614 0.927374 0.000012 
0.000000 0.021823 0.978177 0.000000 
0.000000 0.003452 0.996543 0.000005 
0.000000 0.000000 0.982566 0.017434 
0.000000 0.000390 0.982681 0.016929 
0.000000 0.000393 0.999017 0.000590 
0.000000 0.067477 0.714434 0.218089 
0.000000 0.239279 0.325043 0.435678 
0.000000 0.622076 0.159883 0.218041 
0.000000 0.507254 0.204399 0.288347 
0.000000 0.367682 0.308027 0.324290 
0.000000 0.539621 0.221158 0.239220 
0.000000 0.100586 0.462284 0.437130 
0.000000 0.175157 0.526182 0.298661 
0.000000 0.667604 0.330731 0.001665 
0.000000 0.654807 0.344848 0.000345 
0.000000 0.546202 0.270497 0.183301 
0.000000 0.297718 0.702238 0.000044 
0.000000 0.711184 0.270289 0.018527 
0.000000 0.389244 0.590691 0.020065 
0.000000 0.178819 0.744530 0.076651 
0.000000 0.214060 0.785566 0.000374 
0.000000 0.348536 0.651464 0.000000 
0.000000 0.189543 0.810457 0.000000 
0.000000 0.175711 0.824289 0.000000 
0.000000 0.872079 0.127921 0.000000 
0.000000 0.650914 0.349086 0.000000 
0.000000 0.550780 0.449220 0.000000 
0.000000 0.950437 0.049563 0.000000 
0.000000 0.865156 0.134844 0.000000 
0.000000 0.501299 0.498700 0.000001 
0.000000 0.576582 0.423418 0.000000 
0.000000 0.373771 0.624032 0.002197 
0.000000 0.469718 0.530228 0.000054 
0.000000 0.306777 0.418721 0.274502 
0.000000 0.682624 0.037099 0.280277 
0.000000 0.870943 0.126395 0.002662 
0.000000 0.647480 0.352001 0.000519 
0.000000 0.094166 0.905834 0.000000 
0.000000 0.078591 0.921409 0.000000 
0.000000 0.064964 0.935036 0.000000 
0.000000 0.045863 0.954137 0.000000 
0.000000 0.098502 0.901498 0.000000 
0.000000 0.218173 0.781827 0.000000 
0.000000 0.117658 0.882342 0.000000 
0.000000 0.506235 0.493765 0.000000 
0.000000 0.527939 0.437643 0.034418 
0.000000 0.195147 0.804625 0.000228 
0.000000 0.003100 0.996895 0.000005 
0.000000 0.000016 0.991944 0.008040 
0.000000 0.022609 0.977387 0.000004 
0.000000 0.013988 0.986012 0.000000 
0.000000 0.013212 0.986788 0.000000 
0.000000 0.184325 0.712724 0.102952 
0.000000 0.017809 0.982108 0.000083 
0.000000 0.001595 0.936231 0.062175 
0.000000 0.006958 0.992978 0.000064 
0.000000 0.012438 0.713514 0.274048 
0.000000 0.116250 0.443646 0.440104 
0.000000 0.088028 0.134612 0.777360 
0.000000 0.008369 0.260782 0.730849 
0.000000 0.000068 0.427935 0.571996 
0.000000 0.074921 0.228704 0.696376 
0.000000 0.483780 0.036093 0.480128 
0.000000 0.789076 0.209206 0.001718 
0.000000 0.514708 0.167165 0.318128 
0.000000 0.321749 0.585154 0.093097 
0.000000 0.058238 0.282036 0.659727 
0.000000 0.030371 0.000003 0.969626 
0.000000 0.034355 0.000001 0.965644 
0.000000 0.010993 0.000000 0.989007 
0.000000 0.002248 0.000000 0.997752 
0.000000 0.000377 0.000000 0.999623 
0.000000 0.111327 0.000002 0.888671 
0.000000 0.010332 0.000000 0.989668 
0.000000 0.002530 0.000000 0.997470 
0.000000 0.012710 0.000000 0.987290 
0.000000 0.946430 0.000000 0.053569 
0.000000 0.982191 0.000000 0.017809 
0.000000 0.922670 0.000000 0.077330 
0.000000 0.800542 0.000000 0.199458 
0.000000 0.167406 0.000091 0.832503 
0.000000 0.088959 0.018001 0.893040 
0.000000 0.035485 0.766462 0.198053 
0.000000 0.059275 0.937684 0.003041 
0.000000 0.174095 0.408839 0.417066 
0.000000 0.590857 0.205380 0.203763 
0.000000 0.527437 0.013499 0.459064 
0.000000 0.922825 0.000452 0.076723 
0.000000 0.941990 0.000005 0.058006 
0.000000 0.597962 0.000005 0.402033 
0.000000 0.881528 0.000000 0.118472 
0.000000 0.872915 0.000000 0.127085 
0.000000 0.990141 0.000000 0.009859 
0.000000 0.999938 0.000000 0.000062 
0.000000 0.999922 0.000000 0.000078 
0.000000 1.000000 0.000000 0.000000 
0.000000 0.999984 0.000016 0.000000 
0.000000 0.999993 0.000006 0.000001 
0.000000 1.000000 0.000000 0.000000 
0.000000 0.999992 0.000000 0.000008 
0.000000 1.000000 0.000000 0.000000 
0.000000 0.999804 0.000178 0.000018 
0.000001 0.929417 0.070521 0.000060 
0.000000 0.185751 0.814235 0.000014 
0.000000 0.269702 0.730298 0.000000 
0.000000 0.309416 0.690584 0.000000 
0.000000 0.057252 0.942748 0.000000 
0.000000 0.894903 0.105097 0.000000 
0.000000 0.350231 0.649769 0.000000 
0.000000 0.004549 0.995451 0.000000 
0.000000 0.083789 0.916211 0.000000 
0.000000 0.000060 0.999940 0.000000 
0.000000 0.003295 0.996705 0.000000 
0.000000 0.000035 0.999965 0.000000 
0.000000 0.000000 1.000000 0.000000 
0.000000 0.000009 0.999991 0.000000 
0.000000 0.001342 0.998658 0.000000 
0.000000 0.022788 0.977212 0.000000 
0.000000 0.000473 0.999527 0.000000 
0.000000 0.000000 0.999999 0.000001 
0.000000 0.000000 0.999998 0.000001 
0.000000 0.000000 1.000000 0.000000 
0.000000 0.000000 1.000000 0.000000 
0.000000 0.000000 1.000000 0.000000 
0.000000 0.000000 1.000000 0.000000 
0.000000 0.000000 1.000000 0.000000 
0.000000 0.000000 1.000000 0.000000 
0.000000 0.000000 0.997038 0.002962 
0.000000 0.000000 0.786781 0.213219 
0.000000 0.000000 0.773959 0.226041 
0.000000 0.000000 0.213985 0.786015 
0.000000 0.000000 0.443111 0.556889 
0.000000 0.000000 0.982306 0.017694 
0.000000 0.000000 0.992746 0.007254 
0.000000 0.000000 0.844029 0.155971 
0.000000 0.000011 0.977524 0.022465 
0.000000 0.000000 0.586956 0.413044 
0.000000 0.000000 0.496588 0.503412 
0.000000 0.000003 0.999997 0.000000 
0.000000 0.000010 0.586971 0.413020 
0.000000 0.000000 0.353281 0.646719 
0.000000 0.000000 0.665715 0.334285 
0.000000 0.000000 0.218751 0.781249 
0.000000 0.000000 0.622691 0.377309 
0.000000 0.000000 0.985669 0.014331 
0.000000 0.000000 0.227629 0.772371 
0.000000 0.000000 0.570205 0.429795 
0.000000 0.000000 0.452795 0.547205 
0.000000 0.000002 0.245528 0.754471 
0.000000 0.000000 0.378613 0.621387 
0.000000 0.000000 0.350159 0.649841 
0.000000 0.000000 0.998735 0.001265 
0.000000 0.002626 0.997283 0.000091 
0.000000 0.043236 0.340145 0.616619 
0.000000 0.053558 0.013135 0.933307 
0.000000 0.011249 0.571963 0.416788 
0.000000 0.005204 0.983285 0.011511 
0.000000 0.005316 0.856799 0.137885 
0.000000 0.142573 0.444559 0.412869 
0.000000 0.007935 0.738586 0.253480 
0.000000 0.004294 0.537242 0.458465 
0.000000 0.229277 0.629197 0.141526 
0.000000 0.013963 0.952411 0.033626 
0.000000 0.000499 0.999487 0.000014 
0.000000 0.000299 0.421674 0.578027 
0.000000 0.000000 0.717946 0.282054 
0.000000 0.000000 0.838984 0.161016 
0.000000 0.000001 0.998943 0.001056 
0.000000 0.000001 0.583217 0.416782 
0.000000 0.000002 0.016456 0.983542 
0.000000 0.000089 0.201035 0.798876 
0.000000 0.000009 0.112898 0.887093 
0.000000 0.004648 0.978536 0.016816 
0.000000 0.337380 0.659888 0.002732 
0.000000 0.057540 0.932621 0.009840 
0.000000 0.786086 0.147377 0.066537 
0.000000 0.000039 0.129658 0.870304 
0.000000 0.000007 0.871733 0.128260 
0.000000 0.005807 0.993860 0.000333 
0.000000 0.000000 0.999867 0.000133 
0.000000 0.000000 1.000000 0.000000 
0.000000 0.000000 1.000000 0.000000 
0.000000 0.000000 1.000000 0.000000 
0.000000 0.000000 1.000000 0.000000 
0.000000 0.000000 0.919458 0.080542 
0.000000 0.000000 0.961716 0.038284 
0.000000 0.000000 0.978410 0.021590 
0.000000 0.000000 0.967638 0.032362 
0.000000 0.000000 0.999776 0.000224 
0.000000 0.000000 0.999996 0.000004 
0.000000 0.000000 0.999998 0.000002 
0.000000 0.000000 0.999994 0.000006 
0.000000 0.000000 0.964206 0.035794 
0.000000 0.000000 0.998634 0.001366 
0.000000 0.000000 0.980779 0.019221 
0.000000 0.000000 0.388974 0.611026 
0.000000 0.000000 0.418830 0.581170 
0.000000 0.000000 0.498099 0.501901 
0.000000 0.000000 0.700467 0.299533 
0.000000 0.000000 0.992037 0.007963 
0.000000 0.000000 0.755764 0.244236 
0.000000 0.000000 0.014173 0.985827 
0.000000 0.000000 0.000001 0.999999 
0.000000 0.000000 0.360700 0.639300 
0.000000 0.000000 0.010390 0.989610 
0.000000 0.000000 0.363584 0.636416 
0.000000 0.000000 0.470715 0.529285 
0.000000 0.000000 0.467364 0.532636 
0.000000 0.000000 0.419776 0.580224 
0.000000 0.000000 0.528829 0.471171 
0.000000 0.000000 0.961717 0.038283 
0.000000 0.000000 0.804667 0.195333 
0.000000 0.000000 0.432899 0.567101 
0.000000 0.000000 0.463530 0.536470 
0.000000 0.000000 0.091869 0.908131 
0.000000 0.000000 0.009372 0.990628 
0.000000 0.000000 0.000000 1.000000 
0.000000 0.000000 0.000000 1.000000 
0.000000 0.000000 0.000000 1.000000 
0.000000 0.000000 0.000000 1.000000 
0.000000 0.072577 0.000000 0.927423 
0.000013 0.357897 0.000002 0.642088 
0.000000 0.000696 0.000000 0.999304 
0.000000 0.001258 0.000041 0.998701 
0.000000 0.000000 0.000000 1.000000 
0.000000 0.000000 0.000000 1.000000 
0.000000 0.000000 0.000000 1.000000 
0.000000 0.000000 0.000000 1.000000 
0.000000 0.000000 0.000000 1.000000 
0.000000 0.000000 0.000000 1.000000 
0.000000 0.000000 0.000000 1.000000 
0.000000 0.000000 0.000000 1.000000 
0.000000 0.000000 0.000000 1.000000 
0.000000 0.000000 0.000000 1.000000 
0.000000 0.000000 0.000000 1.000000 
0.000017 0.000000 0.000000 0.999983 
0.000000 0.000000 0.000163 0.999837 
0.000000 0.000002 0.006884 0.993114 
0.000000 0.000865 0.689928 0.309207 
0.000000 0.000101 0.712494 0.287405 
0.000000 0.000047 0.989991 0.009962 
0.000000 0.000000 0.993889 0.006111 
0.000000 0.000000 0.964601 0.035399 
0.000000 0.000000 0.936354 0.063646 
0.000000 0.000000 0.291198 0.708802 
0.000000 0.000000 0.962429 0.037570 
0.000000 0.000000 0.989110 0.010890 
0.000000 0.000001 0.689327 0.310672 
0.000000 0.000100 0.933347 0.066553 
0.000000 0.000000 0.995589 0.004411 
0.000000 0.000002 0.933121 0.066877 
0.000000 0.000001 0.629818 0.370181 
0.000000 0.000348 0.598846 0.400807 
0.000000 0.000000 0.509865 0.490135 
0.000000 0.000002 0.527941 0.472056 
0.000000 0.000011 0.857164 0.142825 
0.000000 0.028539 0.970399 0.001061 
0.000000 0.061165 0.926359 0.012476 
0.000000 0.050152 0.949809 0.000039 
0.000000 0.007599 0.991572 0.000829 
0.000000 0.001247 0.998271 0.000482 
0.000000 0.011362 0.697651 0.290987 
0.000000 0.116057 0.778108 0.105835 
0.000000 0.427553 0.547884 0.024563 
0.000000 0.581063 0.418584 0.000353 
0.000000 0.146860 0.853140 0.000000 
0.000000 0.018057 0.981940 0.000003 
0.000000 0.418184 0.581808 0.000008 
0.000000 0.000032 0.999964 0.000004 
0.000000 0.000000 0.999994 0.000006 
0.000000 0.000000 0.999922 0.000078 
0.000000 0.000000 0.999998 0.000002 
0.000000 0.000000 0.999998 0.000002 
0.000000 0.000000 1.000000 0.000000 
0.000000 0.000000 1.000000 0.000000 
0.000000 0.000000 1.000000 0.000000 
0.000000 0.000000 1.000000 0.000000 
0.000000 0.000000 1.000000 0.000000 
0.000000 0.000000 1.000000 0.000000 
0.000000 0.000000 1.000000 0.000000 
0.000000 0.000000 1.000000 0.000000 
0.000000 0.000000 1.000000 0.000000 
0.000000 0.000000 1.000000 0.000000 
0.000000 0.000000 1.000000 0.000000 
0.000000 0.000000 1.000000 0.000000 
0.000000 0.000000 1.000000 0.000000 
0.000000 0.000000 1.000000 0.000000 
0.000000 0.000000 1.000000 0.000000 
0.000000 0.000000 1.000000 0.000000 
0.000000 0.000000 1.000000 0.000000 
0.000000 0.000000 1.000000 0.000000 
0.000000 0.000000 1.000000 0.000000 
0.000000 0.000000 1.000000 0.000000 
0.000000 0.000000 1.000000 0.000000 
0.000000 0.000000 1.000000 0.000000 
0.000000 0.000000 1.000000 0.000000 
0.000000 0.000000 1.000000 0.000000 
0.000000 0.000000 1.000000 0.000000 
0.000000 0.000000 1.000000 0.000000 
0.000000 0.000021 0.999979 0.000000 
0.000000 0.049161 0.950839 0.000000 
0.000000 0.361317 0.638683 0.000000 
0.000000 0.097494 0.902506 0.000000 
0.000000 0.499542 0.500458 0.000000 
0.000000 0.723189 0.276811 0.000000 
0.000000 0.879157 0.120843 0.000000 
0.000000 0.981539 0.018461 0.000000 
0.000000 0.987269 0.012731 0.000000 
0.000000 0.974167 0.025833 0.000000 
0.000000 0.971222 0.028778 0.000000 
0.000000 0.932068 0.067932 0.000000 
0.000000 0.978604 0.021396 0.000000 
0.000000 0.994893 0.005077 0.000030 
0.000000 0.972326 0.027447 0.000227 
0.000000 0.999999 0.000000 0.000001 
0.000000 0.953612 0.046388 0.000000 
0.000000 0.999419 0.000581 0.000000 
0.000000 0.948417 0.051583 0.000000 
0.000000 0.956299 0.043701 0.000000 
0.000000 0.710436 0.289564 0.000000 
0.000000 0.809383 0.190617 0.000000 
0.000000 0.136087 0.863913 0.000000 
0.000000 0.670041 0.329959 0.000000 
0.000000 0.820594 0.179406 0.000000 
0.000000 0.858136 0.141864 0.000000 
0.000000 0.466067 0.533933 0.000000 
0.000000 0.971430 0.028570 0.000000 
0.000000 0.988893 0.011107 0.000000 
0.000000 0.546358 0.453642 0.000000 
0.000000 0.497351 0.502649 0.000000 
0.000000 0.896416 0.103584 0.000000 
0.000000 0.670431 0.329569 0.000000 
0.000000 0.988213 0.011787 0.000000 
0.000000 0.036572 0.963428 0.000000 
0.000000 0.000196 0.999804 0.000000 
0.000000 0.033276 0.966724 0.000000 
0.000000 0.000198 0.999802 0.000000 
0.000000 0.003282 0.996718 0.000000 
0.000000 0.005532 0.994468 0.000000 
0.000000 0.019963 0.980037 0.000000 
0.000000 0.985665 0.014335 0.000000 
0.000000 0.719407 0.280593 0.000000 
0.000000 0.647312 0.352688 0.000000 
0.000000 0.622566 0.377434 0.000000 
0.000000 0.584856 0.415144 0.000000 
0.000000 0.424643 0.575357 0.000000 
0.000000 0.900809 0.099191 0.000000 
0.000000 0.601329 0.398664 0.000007 
0.000000 0.572896 0.427088 0.000017 
0.000000 0.783430 0.070591 0.145979 
0.000000 0.922575 0.001826 0.075598 
0.000000 0.898858 0.000870 0.100272 
0.000000 0.065080 0.004594 0.930326 
0.000000 0.749226 0.005037 0.245737 
0.000000 0.132520 0.837736 0.029744 
0.000000 0.782521 0.201305 0.016174 
0.000000 0.009192 0.990442 0.000366 
0.000000 0.001440 0.680729 0.317831 
0.000000 0.003467 0.391893 0.604640 
0.000000 0.183412 0.192512 0.624076 
0.000000 0.259113 0.274697 0.466190 
0.000000 0.357872 0.233649 0.408479 
0.000000 0.144351 0.149074 0.706574 
0.000000 0.008506 0.517008 0.474486 
0.000000 0.001737 0.552707 0.445556 
0.000000 0.111705 0.882941 0.005354 
0.000000 0.212091 0.782281 0.005628 
0.000000 0.490567 0.449968 0.059464 
0.000000 0.764483 0.233589 0.001927 
0.000000 0.901380 0.040898 0.057723 
0.000000 0.084461 0.876094 0.039444 
0.000000 0.800516 0.175826 0.023658 
0.000000 0.313178 0.681917 0.004905 
0.000000 0.483425 0.513163 0.003412 
0.000000 0.438644 0.400895 0.160461 
0.000000 0.038661 0.093499 0.867840 
0.000000 0.000695 0.098965 0.900340 
0.000000 0.000256 0.892334 0.107410 
0.000000 0.000002 0.529629 0.470369 
0.000000 0.000001 0.433342 0.566657 
0.000000 0.030214 0.829482 0.140304 
0.000000 0.077830 0.056065 0.866105 
0.000000 0.004703 0.663881 0.331416 
0.000000 0.091370 0.870761 0.037869 
0.000000 0.002288 0.763352 0.234361 
0.000000 0.065490 0.908824 0.025686 
0.000000 0.045818 0.950446 0.003736 
0.000000 0.018323 0.969657 0.012020 
0.000000 0.007299 0.666427 0.326275 
0.000000 0.000724 0.975125 0.024152 
0.000000 0.283737 0.595444 0.120819 
0.000000 0.419019 0.202146 0.378835 
0.000000 0.266669 0.444427 0.288903 
0.000000 0.000047 0.138125 0.861828 
0.000000 0.000001 0.578288 0.421711 
0.000000 0.000450 0.018549 0.981001 
0.000000 0.000000 0.998190 0.001810 
0.000000 0.000000 1.000000 0.000000 
0.000000 0.000980 0.999020 0.000000 
0.000000 0.019384 0.980616 0.000000 
0.000000 0.002178 0.995546 0.002276 
0.000000 0.000152 0.912310 0.087538 
0.000000 0.000005 0.837559 0.162436 
0.000000 0.000000 0.998971 0.001029 
0.000000 0.000000 1.000000 0.000000 
0.000000 0.000000 1.000000 0.000000 
0.000000 0.000000 1.000000 0.000000 
0.000000 0.000000 1.000000 0.000000 
0.000000 0.000000 0.869728 0.130272 
0.000000 0.000000 0.961930 0.038070 
0.000000 0.000000 1.000000 0.000000 
0.000000 0.000000 0.707310 0.292690 
0.000000 0.000000 0.506913 0.493087 
0.000000 0.000000 0.286509 0.713491 
0.000000 0.000000 0.596646 0.403354 
0.000000 0.000000 0.849404 0.150596 
0.000000 0.000000 0.739375 0.260625 
0.000000 0.000000 0.885749 0.114251 
0.000000 0.000000 0.329525 0.670475 
0.000000 0.000000 0.656194 0.343806 
0.000000 0.000000 0.079260 0.920740 
0.000000 0.000000 0.012297 0.987703 
0.000000 0.000000 0.000096 0.999904 
0.000000 0.000000 0.084883 0.915117 
0.000000 0.000000 0.227940 0.772060 
0.000000 0.000000 0.001633 0.998367 
0.000000 0.000000 0.000577 0.999423 
0.000000 0.000000 0.017602 0.982398 
0.000000 0.000000 0.195531 0.804469 
0.000000 0.000000 0.009588 0.990412 
0.000000 0.000000 0.353622 0.646378 
0.000000 0.000000 0.225167 0.774833 
0.000000 0.000000 0.651134 0.348866 
0.000000 0.000000 0.712643 0.287357 
0.000000 0.000000 0.832208 0.167792 
0.000000 0.000000 0.974355 0.025645 
0.000000 0.000000 0.999763 0.000237 
0.000000 0.000000 0.444198 0.555802 
0.000000 0.000000 0.585340 0.414660 
0.000000 0.000000 0.301311 0.698689 
0.000000 0.000000 0.346972 0.653028 
0.000000 0.000000 0.794881 0.205119 
0.000000 0.000000 0.999312 0.000688 
0.000000 0.000000 0.999998 0.000001 
0.000000 0.000029 0.999897 0.000074 
0.000000 0.000099 0.999901 0.000000 
0.000000 0.002033 0.997729 0.000238 
0.000000 0.000015 0.999222 0.000763 
0.000000 0.000000 0.992080 0.007919 
0.000000 0.000000 0.999998 0.000002 
0.000000 0.000000 0.999807 0.000193 
0.000000 0.000000 0.999961 0.000039 
0.000000 0.000000 0.999989 0.000011 
0.000000 0.000000 0.999265 0.000735 
0.000000 0.000000 0.999995 0.000005 
0.000000 0.000000 1.000000 0.000000 
0.000000 0.000000 1.000000 0.000000 
0.000000 0.000002 0.999998 0.000000 
0.000000 0.000000 1.000000 0.000000 
0.000000 0.000000 1.000000 0.000000 
0.000000 0.000005 0.999995 0.000000 
0.000000 0.076114 0.923886 0.000000 
0.000000 0.159628 0.840372 0.000000 
0.000000 0.045427 0.954573 0.000000 
0.000000 0.115250 0.884750 0.000000 
0.000000 0.010446 0.989554 0.000000 
0.000000 0.324552 0.675448 0.000000 
0.000000 0.486510 0.513490 0.000000 
0.000000 0.628535 0.371465 0.000000 
0.000000 0.503516 0.496484 0.000001 
0.000000 0.555776 0.444223 0.000000 
0.000000 0.000425 0.999548 0.000027 
0.000000 0.132179 0.865188 0.002633 
0.000000 0.015085 0.586315 0.398600 
0.000000 0.887592 0.108046 0.004362 
0.000000 0.390571 0.600769 0.008660 
0.000000 0.319271 0.650115 0.030614 
0.000000 0.472064 0.434920 0.093016 
0.000000 0.578112 0.067160 0.354728 
0.000000 0.378801 0.619989 0.001210 
0.000000 0.462450 0.422881 0.114670 
0.000000 0.647564 0.322831 0.029605 
0.000000 0.355229 0.298593 0.346178 
0.000000 0.133689 0.426509 0.439802 
0.000000 0.127083 0.606307 0.266610 
0.000000 0.054094 0.424008 0.521898 
0.000000 0.293280 0.566535 0.140184 
0.000000 0.342039 0.340813 0.317148 
0.000000 0.245188 0.297332 0.457481 
0.000000 0.362515 0.279684 0.357801 
0.000000 0.770165 0.029477 0.200358 
0.000000 0.470911 0.375049 0.154041 
0.000000 0.557807 0.438414 0.003780 
0.000000 0.652975 0.346888 0.000137 
0.000000 0.656922 0.341527 0.001551 
0.000000 0.554843 0.445085 0.000072 
0.000000 0.608620 0.391220 0.000160 
0.000000 0.546133 0.453855 0.000012 
0.000000 0.807394 0.192583 0.000023 
0.000000 0.698241 0.301739 0.000020 
0.000000 0.632680 0.367319 0.000000 
0.000000 0.341140 0.658859 0.000001 
0.000000 0.407053 0.592947 0.000000 
0.000000 0.999938 0.000061 0.000001 
0.000000 0.999995 0.000000 0.000005 
0.000000 0.999860 0.000105 0.000036 
0.000000 0.999348 0.000651 0.000000 
0.000000 0.714577 0.285422 0.000001 
0.000000 0.497947 0.502053 0.000000 
0.000000 0.685565 0.314348 0.000086 
0.000000 0.708370 0.291525 0.000105 
0.000000 0.428901 0.570506 0.000593 
0.000000 0.221871 0.279081 0.499048 
0.000000 0.646096 0.353730 0.000173 
0.000000 0.321407 0.285130 0.393462 
0.000000 0.712310 0.039165 0.248525 
0.000000 0.771021 0.000085 0.228894 
0.000000 0.536632 0.000000 0.463368 
0.000000 0.619374 0.000000 0.380626 
0.000000 0.475641 0.000000 0.524359 
0.000000 0.122881 0.000000 0.877119 
0.000000 0.447050 0.000000 0.552950 
0.000000 0.300982 0.000000 0.699018 
0.000000 0.895350 0.000000 0.104650 
0.000000 0.000417 0.000001 0.999583 
0.000000 0.000040 0.000000 0.999960 
0.000000 0.008705 0.045366 0.945929 
0.000000 0.000005 0.000000 0.999995 
0.000000 0.000000 0.000000 1.000000 
0.000000 0.000000 0.000000 1.000000 
0.000000 0.000228 0.000000 0.999772 
0.000000 0.000238 0.000000 0.999762 
0.000000 0.983666 0.009722 0.006612 
0.000000 0.947283 0.051688 0.001029 
0.000000 0.999716 0.000284 0.000000 
0.000000 0.998189 0.000000 0.001811 
0.000000 0.849498 0.088719 0.061783 
0.000000 0.503437 0.047498 0.449065 
0.000000 0.280703 0.322692 0.396605 
0.000000 0.365800 0.427149 0.207050 
0.000000 0.474984 0.524251 0.000765 
0.000000 0.487609 0.512340 0.000051 
0.000000 0.490796 0.179150 0.330054 
0.000000 0.375618 0.612027 0.012355 
0.000000 0.277903 0.107567 0.614530 
0.000000 0.114326 0.582253 0.303420 
0.000000 0.627296 0.034518 0.338186 
0.000000 0.390783 0.000685 0.608532 
0.000000 0.494833 0.070342 0.434825 
0.000000 0.201629 0.481798 0.316572 
0.000000 0.880460 0.005672 0.113868 
0.000000 0.318067 0.102592 0.579341 
0.000000 0.236101 0.693544 0.070356 
0.000000 0.088845 0.551744 0.359411 
0.000000 0.001089 0.297419 0.701492 
0.000000 0.000829 0.022950 0.976221 
0.000000 0.008155 0.050731 0.941114 
0.000000 0.003719 0.833401 0.162880 
0.000000 0.029870 0.601871 0.368259 
0.000000 0.387636 0.397233 0.215130 
0.000000 0.393188 0.187428 0.419383 
0.000000 0.507845 0.000015 0.492140 
0.000000 0.508172 0.000433 0.491395 
0.000000 0.397869 0.000019 0.602112 
0.000000 0.086979 0.396613 0.516408 
0.000000 0.072599 0.405424 0.521977 
0.000000 0.128906 0.674156 0.196938 
0.000000 0.078499 0.342613 0.578889 
0.000000 0.016519 0.219797 0.763684 
0.000000 0.131327 0.484116 0.384557 
0.000000 0.011159 0.685704 0.303137 
0.000000 0.138977 0.503008 0.358016 
0.000000 0.011434 0.021856 0.966710 
0.000000 0.000518 0.258841 0.740641 
0.000000 0.001070 0.006077 0.992853 
0.000000 0.003166 0.088598 0.908236 
0.000000 0.001027 0.390200 0.608773 
0.000000 0.001264 0.131394 0.867341 
0.000000 0.000288 0.085970 0.913743 
0.000000 0.000212 0.161286 0.838502 
0.000000 0.000115 0.936486 0.063400 
0.000000 0.000024 0.251258 0.748719 
0.000000 0.000001 0.966073 0.033926 
0.000000 0.000000 0.359010 0.640990 
0.000000 0.000000 0.112034 0.887966 
0.000000 0.000000 0.999017 0.000983 
0.000000 0.000000 0.999999 0.000001 
0.000000 0.000000 0.982069 0.017931 
0.000000 0.000000 0.494068 0.505932 
0.000000 0.000000 0.498009 0.501991 
0.000000 0.000000 0.793897 0.206103 
0.000000 0.000000 0.882683 0.117317 
0.000000 0.000000 0.764688 0.235312 
0.000000 0.000000 0.507785 0.492215 
0.000000 0.000000 0.616231 0.383769 
0.000000 0.000000 0.920120 0.079880 
0.000000 0.000000 0.713475 0.286525 
0.000000 0.000000 0.843986 0.156014 
0.000000 0.069288 0.515031 0.415681 
0.000000 0.000361 0.030770 0.968868 
0.000000 0.000040 0.018339 0.981620 
0.000000 0.001942 0.069032 0.929026 
0.000000 0.004277 0.054941 0.940782 
0.000000 0.001960 0.861276 0.136763 
0.000000 0.010506 0.290641 0.698853 
0.000000 0.007428 0.361155 0.631418 
0.000000 0.606749 0.392840 0.000411 
0.000000 0.734476 0.265507 0.000016 
0.000000 0.074074 0.925894 0.000031 
0.000000 0.061727 0.938263 0.000010 
0.000000 0.016517 0.983483 0.000000 
0.000000 0.083879 0.916121 0.000000 
0.000000 0.062134 0.937252 0.000614 
0.000000 0.660904 0.339095 0.000001 
0.000000 0.305181 0.694818 0.000000 
0.000000 0.119576 0.880423 0.000001 
0.000000 0.215172 0.783189 0.001639 
0.000000 0.646943 0.290952 0.062105 
0.000000 0.366335 0.011940 0.621724 
0.000000 0.107364 0.001153 0.891483 
0.000000 0.773891 0.053627 0.172483 
0.000000 0.422050 0.201604 0.376346 
0.000000 0.525927 0.293994 0.180080 
0.000000 0.494215 0.489615 0.016170 
0.000000 0.459773 0.417604 0.122622 
0.000000 0.420956 0.369021 0.210023 
0.000000 0.480761 0.183028 0.336211 
0.000000 0.731422 0.178304 0.090274 
0.000000 0.841204 0.158190 0.000606 
0.000000 0.313048 0.094938 0.592014 
0.000000 0.154439 0.778817 0.066744 
0.000000 0.184875 0.730248 0.084877 
0.000000 0.080911 0.867728 0.051361 
0.000000 0.382462 0.283754 0.333784 
0.000000 0.030325 0.480005 0.489670 
0.000000 0.088473 0.308943 0.602584 
0.000000 0.145843 0.216084 0.638073 
0.000000 0.080975 0.496224 0.422802 
0.000000 0.046323 0.559915 0.393762 
0.000000 0.046229 0.492801 0.460970 
0.000000 0.333541 0.311175 0.355285 
0.000000 0.516134 0.483146 0.000720 
0.000000 0.771176 0.206519 0.022305 
0.000000 0.493800 0.159180 0.347020 
0.000000 0.550665 0.173075 0.276260 
0.000000 0.327815 0.382848 0.289337 
0.000000 0.942789 0.002111 0.055100 
0.000000 0.442529 0.507344 0.050127 
0.000000 0.325357 0.063732 0.610911 
0.000000 0.055758 0.765711 0.178531 
0.000000 0.053901 0.940561 0.005537 
0.000000 0.147654 0.851947 0.000400 
0.000000 0.065206 0.460020 0.474774 
0.000000 0.259003 0.569160 0.171837 
0.000000 0.306026 0.080545 0.613429 
0.000000 0.997218 0.001864 0.000918 
0.000000 0.735038 0.217222 0.047740 
0.000000 0.635148 0.364852 0.000001 
0.000000 0.701530 0.298470 0.000000 
0.000000 0.548777 0.423055 0.028168 
0.000000 0.325814 0.350981 0.323205 
0.000000 0.525661 0.145789 0.328550 
0.000000 0.602302 0.177900 0.219798 
0.000000 0.435413 0.483229 0.081359 
0.000000 0.997561 0.001335 0.001104 
0.000000 0.552908 0.000000 0.447092 
0.000000 0.994938 0.000000 0.005062 
0.000000 0.813831 0.000001 0.186168 
0.000000 0.217377 0.000000 0.782623 
0.000000 1.000000 0.000000 0.000000 
0.000000 0.974560 0.025440 0.000000 
0.000000 0.985531 0.014469 0.000000 
0.000000 0.652459 0.347541 0.000000 
0.000000 0.539103 0.458944 0.001953 
0.000000 0.362280 0.631004 0.006716 
0.000000 0.330360 0.191884 0.477756 
0.000000 0.135222 0.555962 0.308816 
0.000000 0.276619 0.112745 0.610636 
0.000000 0.327551 0.018664 0.653784 
0.000000 0.139831 0.132842 0.727327 
0.000000 0.451557 0.485342 0.063101 
0.000000 0.288303 0.140705 0.570992 
0.000000 0.241481 0.350699 0.407820 
0.000000 0.329968 0.298331 0.371701 
0.000000 0.510408 0.339994 0.149598 
0.000000 0.544210 0.454691 0.001099 
0.000000 0.560990 0.438976 0.000034 
0.000000 0.448476 0.551448 0.000076 
0.000000 0.560431 0.438770 0.000799 
0.000000 0.622568 0.366059 0.011373 
0.000000 0.439949 0.559090 0.000961 
0.000000 0.642403 0.173754 0.183842 
0.000000 0.516900 0.395365 0.087735 
0.000000 0.415155 0.477522 0.107323 
0.000000 0.266261 0.365684 0.368055 
0.000000 0.423146 0.317042 0.259812 
0.000000 0.284185 0.217652 0.498163 
0.000000 0.363378 0.603551 0.033072 
0.000000 0.016456 0.680856 0.302688 
0.000000 0.000806 0.992242 0.006952 
0.000000 0.000133 0.892392 0.107476 
0.000000 0.000001 0.266510 0.733489 
0.000000 0.000001 0.030516 0.969483 
0.000000 0.007174 0.179858 0.812968 
0.000000 0.061022 0.155620 0.783357 
0.000000 0.001826 0.041226 0.956948 
0.000000 0.000000 0.013994 0.986006 
0.000000 0.000117 0.639859 0.360025 
0.000000 0.000002 0.999185 0.000813 
0.000000 0.000002 0.999998 0.000000 
0.000000 0.000374 0.999626 0.000000 
0.000000 0.000128 0.999872 0.000000 
0.000000 0.001564 0.998436 0.000000 
0.000000 0.000010 0.915353 0.084637 
0.000000 0.000015 0.276751 0.723234 
0.000000 0.000000 0.099635 0.900365 
0.000000 0.000013 0.473930 0.526057 
0.000000 0.000000 0.879384 0.120616 
0.000000 0.000000 0.583253 0.416747 
0.000000 0.000000 0.519933 0.480067 
0.000000 0.000000 0.648137 0.351863 
0.000000 0.000000 0.818515 0.181485 
0.000000 0.000000 0.402895 0.597105 
0.000000 0.000000 0.373718 0.626282 
0.000000 0.000000 0.022861 0.977139 
0.000000 0.000000 0.506046 0.493954 
0.000000 0.000000 0.751150 0.248850 
0.000000 0.000000 0.527891 0.472109 
0.000000 0.000000 0.715124 0.284876 
0.000000 0.000000 0.115481 0.884519 
