0.187820 0.269564 0.271305 0.271311 
0.129884 0.289624 0.290308 0.290184 
0.126982 0.291524 0.293620 0.287874 
0.210533 0.232573 0.278838 0.278056 
0.277189 0.146426 0.287559 0.288826 
0.301396 0.277054 0.301547 0.120004 
0.322416 0.347682 0.320058 0.009843 
0.328531 0.340128 0.329821 0.001520 
0.329552 0.340478 0.329970 0.000000 
0.333193 0.333341 0.333467 0.000000 
0.346784 0.325867 0.327349 0.000000 
0.337601 0.331697 0.330702 0.000000 
0.332907 0.334144 0.332949 0.000000 
0.331933 0.336224 0.331844 0.000000 
0.329279 0.343102 0.327619 0.000000 
0.331279 0.348746 0.319974 0.000000 
0.332952 0.340477 0.326570 0.000000 
0.366013 0.323599 0.310388 0.000000 
0.362767 0.334631 0.302602 0.000000 
0.376160 0.318654 0.305186 0.000000 
0.343082 0.334105 0.322813 0.000000 
0.332461 0.341347 0.326192 0.000000 
0.338302 0.346474 0.315224 0.000000 
0.343785 0.342313 0.313902 0.000000 
0.341418 0.355794 0.302788 0.000000 
0.341378 0.369435 0.289186 0.000000 
0.339422 0.366222 0.294356 0.000000 
0.347150 0.355925 0.296925 0.000000 
0.414034 0.311035 0.274931 0.000000 
0.479798 0.276206 0.243996 0.000000 
0.404915 0.319586 0.275499 0.000000 
0.422381 0.311823 0.265795 0.000001 
0.429429 0.315154 0.255417 0.000000 
0.399651 0.314891 0.285458 0.000000 
0.456254 0.288061 0.255685 0.000000 
0.437138 0.296743 0.266118 0.000000 
0.405079 0.301433 0.293488 0.000000 
0.418298 0.292573 0.289129 0.000000 
0.428393 0.290584 0.281023 0.000000 
0.459718 0.270421 0.269862 0.000000 
0.516229 0.243148 0.240605 0.000018 
0.544513 0.228933 0.226540 0.000014 
0.543918 0.228369 0.227502 0.000212 
0.555558 0.222303 0.222103 0.000036 
0.589177 0.204787 0.205802 0.000234 
0.566378 0.215597 0.218000 0.000025 
0.635917 0.180653 0.182115 0.001315 
0.566449 0.217914 0.215605 0.000032 
0.587192 0.206568 0.206164 0.000076 
0.528861 0.239459 0.231675 0.000004 
0.457588 0.297302 0.245108 0.000002 
0.421675 0.311735 0.266591 0.000000 
0.412114 0.330906 0.256980 0.000000 
0.414509 0.340914 0.244576 0.000000 
0.424374 0.338511 0.237115 0.000000 
0.468554 0.319897 0.211546 0.000002 
0.503884 0.284795 0.211305 0.000015 
0.554252 0.253243 0.192417 0.000088 
0.552655 0.271484 0.175659 0.000201 
0.593277 0.244365 0.160539 0.001819 
0.589269 0.207640 0.143330 0.059761 
0.612146 0.197331 0.137445 0.053078 
0.570005 0.228817 0.132720 0.068459 
0.602200 0.202146 0.136331 0.059323 
0.608018 0.232420 0.141442 0.018121 
0.417210 0.221041 0.116762 0.244987 
0.391644 0.183352 0.120954 0.304050 
0.457750 0.179889 0.127671 0.234690 
0.340175 0.157694 0.133894 0.368237 
0.335759 0.160998 0.129436 0.373806 
0.439162 0.161635 0.135869 0.263334 
0.186598 0.161657 0.130548 0.521197 
0.104736 0.165372 0.137342 0.592550 
0.300870 0.160669 0.126092 0.412368 
0.238380 0.185696 0.136744 0.439181 
0.298380 0.198555 0.134247 0.368818 
0.306475 0.182768 0.131678 0.379080 
0.353307 0.183511 0.130134 0.333048 
0.553607 0.212857 0.130130 0.103406 
0.587852 0.258748 0.146764 0.006636 
0.465472 0.239287 0.126339 0.168901 
0.098774 0.236083 0.135432 0.529711 
0.275626 0.205139 0.139114 0.380121 
0.593096 0.238328 0.157147 0.011429 
0.457695 0.320495 0.221808 0.000003 
0.221459 0.453652 0.324889 0.000000 
0.091802 0.498201 0.409997 0.000000 
0.210677 0.414490 0.374834 0.000000 
0.216716 0.398939 0.384345 0.000000 
0.356202 0.335001 0.308796 0.000000 
0.312431 0.353725 0.333844 0.000000 
0.464386 0.280053 0.255559 0.000002 
0.285814 0.367419 0.346765 0.000002 
0.227957 0.408444 0.363599 0.000000 
0.263983 0.405212 0.330805 0.000000 
0.227468 0.447599 0.324934 0.000000 
0.082197 0.486521 0.431282 0.000000 
0.035667 0.509858 0.454475 0.000000 
0.081650 0.487975 0.430375 0.000000 
0.197814 0.430250 0.371937 0.000000 
0.546783 0.181247 0.146445 0.125525 
0.335827 0.162818 0.136993 0.364362 
0.422453 0.169793 0.134406 0.273347 
0.579558 0.187092 0.151518 0.081833 
0.303681 0.166652 0.153046 0.376621 
0.310898 0.161667 0.150814 0.376621 
0.343845 0.158464 0.152035 0.345656 
0.105604 0.176354 0.182196 0.535846 
0.135695 0.166836 0.188430 0.509038 
0.048675 0.178549 0.210838 0.561937 
0.403606 0.159310 0.183689 0.253395 
0.600851 0.166304 0.182999 0.049846 
0.598954 0.165683 0.194617 0.040746 
0.356239 0.152483 0.146766 0.344512 
0.383831 0.156581 0.148973 0.310614 
0.168853 0.158286 0.168354 0.504507 
0.000330 0.213476 0.233611 0.552584 
0.002993 0.194476 0.221867 0.580664 
0.002788 0.204789 0.260585 0.531838 
0.030876 0.241118 0.281184 0.446822 
0.229912 0.333937 0.155130 0.281021 
0.252216 0.147499 0.210566 0.389719 
0.050055 0.167342 0.221029 0.561574 
0.069654 0.162656 0.213040 0.554650 
0.045859 0.192931 0.225244 0.535965 
0.190817 0.216260 0.270054 0.322870 
0.020418 0.190863 0.202179 0.586541 
0.333551 0.166985 0.160627 0.338837 
0.321465 0.154991 0.156390 0.367154 
0.519962 0.164532 0.161766 0.153740 
0.165856 0.172723 0.153972 0.507449 
0.522186 0.176405 0.144862 0.156547 
0.399759 0.168989 0.134569 0.296683 
0.598512 0.192887 0.151263 0.057337 
0.605924 0.201368 0.160856 0.031852 
0.529793 0.191998 0.141627 0.136583 
0.465771 0.193084 0.135434 0.205711 
0.240108 0.193779 0.129267 0.436846 
0.595142 0.219335 0.157674 0.027849 
0.589648 0.230263 0.161402 0.018687 
0.605952 0.208850 0.145199 0.039999 
0.605756 0.219252 0.149456 0.025536 
0.500602 0.204685 0.136467 0.158247 
0.263150 0.192862 0.123248 0.420740 
0.607885 0.221358 0.142745 0.028011 
0.355919 0.188403 0.125922 0.329756 
0.347796 0.200844 0.121451 0.329910 
0.354899 0.192662 0.131748 0.320691 
0.179387 0.196010 0.134859 0.489743 
0.568727 0.237674 0.153747 0.039851 
0.299962 0.195010 0.125714 0.379314 
0.370172 0.200248 0.130347 0.299233 
0.321983 0.200658 0.123321 0.354038 
0.339473 0.203549 0.120468 0.336510 
0.581790 0.254341 0.147297 0.016571 
0.371066 0.270425 0.155127 0.203381 
0.235536 0.277281 0.152803 0.334380 
0.150703 0.275826 0.143686 0.429784 
0.001176 0.337401 0.180590 0.480833 
0.009809 0.326683 0.179530 0.483978 
0.039743 0.310448 0.181843 0.467966 
0.011168 0.269424 0.154571 0.564837 
0.000012 0.335020 0.195041 0.469927 
0.000002 0.359554 0.206717 0.433727 
0.000008 0.357851 0.206741 0.435400 
0.000173 0.329500 0.207530 0.462797 
0.000772 0.311086 0.212147 0.475995 
0.010815 0.247656 0.162877 0.578652 
0.000437 0.282035 0.192032 0.525495 
0.335505 0.300946 0.202297 0.161252 
0.000469 0.312135 0.230114 0.457282 
0.072364 0.278774 0.196207 0.452656 
0.001159 0.315189 0.201681 0.481971 
0.010587 0.274246 0.157028 0.558138 
0.000307 0.333412 0.191446 0.474835 
0.411941 0.302738 0.179974 0.105347 
0.008631 0.339832 0.201546 0.449991 
0.007632 0.306284 0.183325 0.502760 
0.000316 0.289607 0.213997 0.496080 
0.010950 0.265755 0.174675 0.548619 
0.036408 0.285262 0.175688 0.502643 
0.003047 0.272287 0.161957 0.562710 
0.004062 0.268134 0.165867 0.561936 
0.002473 0.275869 0.163962 0.557696 
0.026351 0.293174 0.169536 0.510940 
0.377937 0.283482 0.145523 0.193058 
0.040463 0.252694 0.135124 0.571719 
0.012307 0.265870 0.142816 0.579007 
0.044685 0.252398 0.137057 0.565860 
0.020314 0.265929 0.142734 0.571023 
0.028140 0.326862 0.163567 0.481431 
0.176373 0.551519 0.264009 0.008098 
0.466431 0.314499 0.151734 0.067336 
0.016394 0.299295 0.143407 0.540904 
0.006178 0.314022 0.154492 0.525308 
0.018742 0.311084 0.145634 0.524539 
0.000540 0.347127 0.148768 0.503565 
0.005445 0.323590 0.148625 0.522340 
0.022353 0.320976 0.141015 0.515656 
0.000063 0.379284 0.166595 0.454058 
0.000024 0.385319 0.174477 0.440180 
0.000008 0.407292 0.183048 0.409652 
0.000275 0.347210 0.190120 0.462396 
0.001937 0.330768 0.174235 0.493060 
0.003340 0.326549 0.159481 0.510630 
0.004614 0.322214 0.147508 0.525664 
0.001202 0.356542 0.148205 0.494051 
0.000116 0.380789 0.154407 0.464689 
0.001817 0.376848 0.146260 0.475075 
0.002451 0.355484 0.166325 0.475740 
0.003167 0.353008 0.197338 0.446487 
0.001956 0.358175 0.165452 0.474418 
0.001339 0.365343 0.178565 0.454753 
0.056119 0.356496 0.148243 0.439142 
0.354978 0.369901 0.154494 0.120628 
0.269795 0.356629 0.154918 0.218657 
0.016471 0.373532 0.178918 0.431078 
0.054906 0.388279 0.151678 0.405136 
0.407781 0.402106 0.148748 0.041365 
0.432313 0.367305 0.135963 0.064419 
0.217634 0.331818 0.100393 0.350155 
0.302706 0.345827 0.099678 0.251789 
0.335019 0.361589 0.102193 0.201199 
0.132868 0.375878 0.103153 0.388101 
0.359045 0.386266 0.095139 0.159550 
0.204615 0.372122 0.099285 0.323978 
0.104529 0.383284 0.100811 0.411376 
0.080846 0.395760 0.100706 0.422688 
0.070109 0.411504 0.097198 0.421189 
0.068398 0.405240 0.099580 0.426782 
0.196616 0.376675 0.121907 0.304802 
0.133422 0.385217 0.115823 0.365538 
0.125802 0.388851 0.105455 0.379891 
0.096928 0.396936 0.109730 0.396405 
0.114002 0.401405 0.100945 0.383648 
0.195356 0.394300 0.097490 0.312853 
0.204877 0.395595 0.089590 0.309938 
0.262577 0.398032 0.085635 0.253756 
0.421763 0.414262 0.100301 0.063674 
0.291181 0.391431 0.099814 0.217574 
0.272575 0.390510 0.087851 0.249064 
0.195652 0.397399 0.090904 0.316045 
0.189926 0.396193 0.094517 0.319364 
0.316981 0.396663 0.090954 0.195402 
0.128154 0.402128 0.095429 0.374290 
0.327040 0.366244 0.093125 0.213590 
0.114980 0.400970 0.088256 0.395794 
0.170387 0.389806 0.084628 0.355179 
0.243450 0.396940 0.083626 0.275984 
0.403683 0.416580 0.096761 0.082976 
0.395326 0.412082 0.095358 0.097234 
0.364600 0.332951 0.088287 0.214162 
0.361348 0.222813 0.106940 0.308898 
0.366748 0.355240 0.106407 0.171605 
0.302693 0.327018 0.093809 0.276480 
0.225692 0.336645 0.087475 0.350188 
0.275961 0.334586 0.087958 0.301496 
0.320747 0.387296 0.084336 0.207621 
0.291560 0.392671 0.088751 0.227018 
0.258066 0.397168 0.084659 0.260107 
0.366658 0.396783 0.087350 0.149209 
0.399967 0.440177 0.098742 0.061114 
0.252885 0.395858 0.083186 0.268072 
0.250692 0.391145 0.083347 0.274816 
0.394877 0.347542 0.090325 0.167256 
0.305585 0.364029 0.085001 0.245385 
0.251574 0.292518 0.096829 0.359079 
0.227115 0.343393 0.087660 0.341832 
0.131573 0.372526 0.094033 0.401868 
0.049450 0.450847 0.108006 0.391697 
0.247431 0.256724 0.111650 0.384195 
0.201869 0.362575 0.094098 0.341458 
0.290717 0.324512 0.108039 0.276731 
0.234658 0.357131 0.098386 0.309825 
0.215228 0.356439 0.108583 0.319751 
0.361610 0.297825 0.109956 0.230609 
0.262193 0.354513 0.097614 0.285680 
0.275867 0.348963 0.088388 0.286782 
0.275403 0.352152 0.086349 0.286096 
0.379693 0.288929 0.096261 0.235117 
0.286123 0.327650 0.108463 0.277765 
0.338393 0.322460 0.095342 0.243805 
0.356562 0.149964 0.126179 0.367295 
0.239598 0.265145 0.106673 0.388584 
0.331194 0.179474 0.104092 0.385240 
0.246032 0.271457 0.094623 0.387888 
0.287090 0.240360 0.096179 0.376370 
0.283763 0.241174 0.089719 0.385343 
0.415580 0.077035 0.092288 0.415098 
0.267125 0.248705 0.090640 0.393530 
0.392686 0.134312 0.089995 0.383007 
0.312047 0.233756 0.096850 0.357347 
0.266397 0.271364 0.103415 0.358825 
0.310664 0.260826 0.094989 0.333521 
0.365533 0.163623 0.106052 0.364792 
0.344845 0.217183 0.105275 0.332697 
0.367825 0.238286 0.108924 0.284965 
0.303310 0.256577 0.140093 0.300020 
0.273281 0.275757 0.164759 0.286204 
0.306250 0.213195 0.151271 0.329284 
0.278843 0.199135 0.153210 0.368812 
0.356291 0.118240 0.145983 0.379486 
0.330913 0.148399 0.197510 0.323179 
0.331471 0.134761 0.224003 0.309766 
0.344938 0.076448 0.195633 0.382981 
0.257407 0.191115 0.258093 0.293386 
0.221394 0.134433 0.340561 0.303611 
0.197090 0.136659 0.353917 0.312333 
0.247881 0.084499 0.322713 0.344908 
0.237095 0.151302 0.293097 0.318506 
0.269421 0.180043 0.293031 0.257505 
0.280257 0.120180 0.315377 0.284186 
0.260483 0.214898 0.310161 0.214458 
0.285511 0.186911 0.279069 0.248509 
0.309801 0.137679 0.285151 0.267369 
0.307332 0.150406 0.289554 0.252709 
0.292374 0.179004 0.240147 0.288475 
0.242856 0.169437 0.292368 0.295339 
0.235008 0.231169 0.250585 0.283238 
0.248873 0.218815 0.288411 0.243902 
0.258724 0.216701 0.262468 0.262107 
0.263220 0.182534 0.284274 0.269972 
0.224384 0.224052 0.288734 0.262829 
0.241147 0.236080 0.253891 0.268882 
0.271696 0.230235 0.238465 0.259604 
0.266905 0.223114 0.253394 0.256588 
0.257732 0.175574 0.286068 0.280626 
0.294358 0.184069 0.304554 0.217019 
0.249367 0.244123 0.266575 0.239934 
0.212579 0.233390 0.237664 0.316366 
0.306757 0.163624 0.239632 0.289986 
0.307476 0.212829 0.214237 0.265457 
0.329495 0.130922 0.288466 0.251117 
0.309100 0.155339 0.246546 0.289015 
0.269792 0.151137 0.276505 0.302567 
0.304142 0.109054 0.285094 0.301709 
0.227723 0.232075 0.280319 0.259883 
0.225396 0.225330 0.285503 0.263770 
0.294561 0.159054 0.291908 0.254477 
0.302242 0.161049 0.258040 0.278669 
0.229136 0.256348 0.237986 0.276530 
0.264366 0.240356 0.253108 0.242170 
0.247029 0.254139 0.260339 0.238493 
0.246012 0.227516 0.280943 0.245529 
0.220363 0.223737 0.283207 0.272693 
0.270480 0.192874 0.264329 0.272317 
0.255141 0.230360 0.228528 0.285971 
0.214740 0.216125 0.290308 0.278827 
0.243924 0.242719 0.257402 0.255954 
0.283278 0.154539 0.312249 0.249933 
0.282200 0.151383 0.287720 0.278697 
0.219777 0.185076 0.293471 0.301677 
0.188645 0.213955 0.297420 0.299979 
0.188647 0.219797 0.303782 0.287774 
0.178861 0.231892 0.316245 0.273002 
0.202996 0.231019 0.303799 0.262186 
0.102835 0.298893 0.309210 0.289062 
0.299291 0.284943 0.116719 0.299047 
0.156185 0.291010 0.266691 0.286114 
0.170083 0.291955 0.246074 0.291888 
0.203705 0.288697 0.229773 0.277825 
0.103260 0.310107 0.292051 0.294582 
0.159023 0.308895 0.279183 0.252899 
0.269838 0.312931 0.262750 0.154482 
0.209973 0.297307 0.295516 0.197204 
0.262405 0.288438 0.262110 0.187046 
0.162789 0.310712 0.277734 0.248765 
0.175821 0.302586 0.292483 0.229110 
0.215437 0.293004 0.291839 0.199721 
0.321918 0.324912 0.276093 0.077077 
0.304168 0.286072 0.165231 0.244529 
0.255670 0.257658 0.238629 0.248043 
0.196977 0.261181 0.274976 0.266866 
0.178090 0.259251 0.317225 0.245434 
0.169163 0.247403 0.323161 0.260272 
0.259406 0.227290 0.278101 0.235203 
0.335613 0.221440 0.220732 0.222216 
0.305007 0.209875 0.221874 0.263244 
0.309350 0.213806 0.344363 0.132480 
0.201554 0.234562 0.333077 0.230807 
0.257803 0.229924 0.293676 0.218597 
0.290040 0.215533 0.266821 0.227606 
0.290914 0.240520 0.237012 0.231555 
0.311523 0.190892 0.316187 0.181398 
0.280672 0.188182 0.337612 0.193534 
0.330134 0.215645 0.256131 0.198089 
0.345892 0.178716 0.228068 0.247323 
0.227312 0.207235 0.220475 0.344978 
0.281085 0.228539 0.211897 0.278479 
0.235733 0.261601 0.233891 0.268775 
0.191691 0.233054 0.316929 0.258326 
0.177260 0.259260 0.281756 0.281724 
0.244571 0.217399 0.263815 0.274214 
0.275454 0.223012 0.179803 0.321731 
0.172867 0.257669 0.310757 0.258707 
0.195738 0.257585 0.308865 0.237812 
0.272578 0.267677 0.204647 0.255098 
0.306966 0.266546 0.190992 0.235496 
0.236113 0.260577 0.268427 0.234884 
0.254899 0.241547 0.199049 0.304505 
0.254932 0.251233 0.180741 0.313094 
0.261320 0.246549 0.190906 0.301226 
0.283553 0.252874 0.181463 0.282110 
0.299997 0.271620 0.105336 0.323046 
0.196180 0.255752 0.246343 0.301725 
0.208797 0.265375 0.319144 0.206684 
0.253626 0.247234 0.287238 0.211901 
0.244987 0.253014 0.239111 0.262888 
0.246820 0.258077 0.248277 0.246825 
0.208162 0.259447 0.261236 0.271154 
0.179888 0.289275 0.227062 0.303775 
0.125484 0.262393 0.298311 0.313812 
0.014647 0.346726 0.257648 0.380979 
0.009151 0.418637 0.158083 0.414129 
0.007257 0.376520 0.207293 0.408929 
0.006561 0.420937 0.292300 0.280202 
0.006317 0.474460 0.259639 0.259584 
0.007584 0.440315 0.210615 0.341486 
0.016310 0.504349 0.303351 0.175991 
0.021303 0.432668 0.356041 0.189987 
0.056469 0.370783 0.364710 0.208038 
0.242725 0.287997 0.339251 0.130026 
0.173808 0.291815 0.301070 0.233307 
0.165480 0.248035 0.318329 0.268156 
0.174014 0.272349 0.318927 0.234709 
0.279962 0.276465 0.376921 0.066652 
0.149357 0.364430 0.303221 0.182992 
0.160195 0.421245 0.242626 0.175933 
0.177101 0.379027 0.189360 0.254512 
0.266141 0.353286 0.138904 0.241669 
0.236494 0.334070 0.137291 0.292146 
0.181095 0.407313 0.239709 0.171882 
0.295997 0.284613 0.257421 0.161968 
0.282551 0.330611 0.180461 0.206377 
0.281242 0.367147 0.169308 0.182304 
0.371145 0.119241 0.119217 0.390396 
0.345544 0.286905 0.125907 0.241644 
0.365876 0.282154 0.161653 0.190316 
0.282171 0.231051 0.303831 0.182947 
0.280141 0.219526 0.211868 0.288465 
0.279235 0.135369 0.303531 0.281865 
0.296708 0.164209 0.284030 0.255053 
0.315854 0.103552 0.252414 0.328179 
0.257681 0.281099 0.134549 0.326671 
0.220992 0.278999 0.156002 0.344007 
0.264609 0.271437 0.167837 0.296117 
0.319124 0.167653 0.132991 0.380231 
0.213604 0.292561 0.112359 0.381475 
0.221447 0.316337 0.110657 0.351560 
0.259776 0.254825 0.122183 0.363217 
0.208437 0.278068 0.138514 0.374980 
0.195082 0.276772 0.166543 0.361603 
0.180418 0.292077 0.161600 0.365905 
0.273998 0.270373 0.201349 0.254279 
0.260914 0.289738 0.214366 0.234981 
0.216526 0.256206 0.278124 0.249145 
0.132053 0.315707 0.248809 0.303432 
0.155124 0.250907 0.296458 0.297510 
0.161215 0.252526 0.265905 0.320354 
0.235124 0.246762 0.179874 0.338239 
0.374563 0.271870 0.140347 0.213220 
0.274026 0.212214 0.144249 0.369511 
0.176648 0.318103 0.141374 0.363875 
0.206934 0.273781 0.149038 0.370247 
0.287421 0.201880 0.187768 0.322932 
0.324296 0.161844 0.149351 0.364508 
0.288597 0.270240 0.163254 0.277909 
0.304908 0.228559 0.248173 0.218361 
0.312116 0.161668 0.272799 0.253416 
0.322779 0.208430 0.251623 0.217169 
0.343129 0.200018 0.181221 0.275633 
0.354923 0.241615 0.171528 0.231933 
0.353982 0.249634 0.159951 0.236432 
0.317218 0.276316 0.158748 0.247717 
0.226194 0.249221 0.213593 0.310992 
0.247480 0.223512 0.287813 0.241195 
0.253675 0.237262 0.245227 0.263836 
0.218944 0.225903 0.281292 0.273861 
0.240516 0.240028 0.267971 0.251485 
0.243437 0.221806 0.251882 0.282875 
0.276050 0.236591 0.252563 0.234797 
0.252794 0.246203 0.260144 0.240859 
0.226846 0.229032 0.282734 0.261389 
0.260872 0.237386 0.237563 0.264179 
0.284714 0.214628 0.223219 0.277440 
0.280034 0.192375 0.241581 0.286010 
0.285877 0.131499 0.294818 0.287806 
0.209577 0.211630 0.287681 0.291112 
0.188617 0.213184 0.299891 0.298308 
0.209781 0.216063 0.283904 0.290252 
0.265243 0.267830 0.267724 0.199203 
0.241388 0.246981 0.282782 0.228849 
0.225103 0.195669 0.291301 0.287927 
0.224263 0.221957 0.266736 0.287044 
0.211364 0.211438 0.274468 0.302730 
0.220956 0.219875 0.269836 0.289333 
0.215744 0.203227 0.292180 0.288850 
0.237692 0.237450 0.237179 0.287679 
0.275835 0.224069 0.216650 0.283446 
0.265077 0.222281 0.226226 0.286415 
0.261730 0.233870 0.236135 0.268265 
0.251981 0.239092 0.220773 0.288154 
0.270228 0.204011 0.252042 0.273718 
0.187142 0.243276 0.307596 0.261986 
0.176982 0.257665 0.242448 0.322905 
0.181075 0.345383 0.143339 0.330204 
0.266816 0.279703 0.145426 0.308056 
0.306684 0.248229 0.083486 0.361602 
0.320833 0.242138 0.013826 0.423203 
0.345951 0.360606 0.007796 0.285647 
0.352265 0.299915 0.010154 0.337666 
0.331729 0.346180 0.047478 0.274613 
0.313298 0.255230 0.039854 0.391618 
0.282792 0.231196 0.089513 0.396500 
0.330213 0.255801 0.083676 0.330310 
0.276039 0.179137 0.222039 0.322785 
0.276515 0.142093 0.256835 0.324556 
0.249802 0.184840 0.288930 0.276428 
0.221992 0.188988 0.287499 0.301521 
0.278541 0.238963 0.217844 0.264652 
0.292809 0.197563 0.142021 0.367607 
0.258368 0.306380 0.240605 0.194647 
0.304616 0.246257 0.193866 0.255262 
0.248462 0.249706 0.234918 0.266913 
0.216090 0.279047 0.265928 0.238935 
0.294542 0.348446 0.192803 0.164209 
0.260534 0.313995 0.252481 0.172990 
0.265580 0.336708 0.201107 0.196605 
0.274326 0.255847 0.281688 0.188139 
0.279129 0.245230 0.281921 0.193720 
0.275976 0.235747 0.241295 0.246982 
0.289790 0.288977 0.175451 0.245782 
0.282066 0.286037 0.165000 0.266897 
0.296640 0.229930 0.294643 0.178787 
0.296738 0.272141 0.294630 0.136490 
0.287563 0.200842 0.275053 0.236542 
0.291736 0.288698 0.141523 0.278044 
0.270393 0.256589 0.210709 0.262309 
0.268990 0.182251 0.263296 0.285463 
0.272317 0.203997 0.270781 0.252905 
0.252836 0.279002 0.185760 0.282402 
0.277170 0.255994 0.224377 0.242459 
0.234040 0.260129 0.272383 0.233449 
0.128016 0.296351 0.293813 0.281821 
0.206742 0.295188 0.277944 0.220126 
0.238412 0.268941 0.281650 0.210997 
0.207884 0.253498 0.271188 0.267429 
0.190017 0.294877 0.219647 0.295459 
0.181666 0.309019 0.239235 0.270080 
0.150628 0.308835 0.250536 0.290001 
0.208071 0.326031 0.268175 0.197723 
0.242843 0.361424 0.226667 0.169066 
0.256605 0.333949 0.235098 0.174348 
0.280943 0.369604 0.212432 0.137022 
0.297039 0.338338 0.218261 0.146363 
0.257555 0.351295 0.227762 0.163389 
0.315495 0.342280 0.204532 0.137693 
0.088597 0.373542 0.370944 0.166917 
0.182139 0.295603 0.365961 0.156297 
0.256048 0.254641 0.310558 0.178753 
0.282629 0.279952 0.279525 0.157894 
0.281768 0.266450 0.275365 0.176418 
0.275257 0.270737 0.272336 0.181670 
0.242866 0.208549 0.344324 0.204261 
0.238746 0.255919 0.342056 0.163279 
0.186462 0.323060 0.243118 0.247360 
0.180832 0.293064 0.237723 0.288380 
0.080587 0.291934 0.315640 0.311839 
0.042018 0.363389 0.305845 0.288748 
0.045991 0.372933 0.295749 0.285327 
0.093961 0.332301 0.312845 0.260894 
0.073968 0.355870 0.350352 0.219810 
0.082873 0.341332 0.333458 0.242336 
0.193450 0.340839 0.261425 0.204287 
0.230338 0.234724 0.255788 0.279150 
0.143641 0.244535 0.364320 0.247504 
0.000100 0.293523 0.397169 0.309208 
0.028604 0.291689 0.475540 0.204166 
0.177798 0.270869 0.338642 0.212691 
0.039370 0.214903 0.421947 0.323780 
0.060179 0.115980 0.470423 0.353418 
0.027148 0.104274 0.479192 0.389387 
0.276409 0.075679 0.365485 0.282427 
0.014773 0.129826 0.493868 0.361533 
0.250663 0.105662 0.283034 0.360640 
0.241684 0.069794 0.339189 0.349333 
0.292654 0.042797 0.346670 0.317879 
0.281845 0.026624 0.421991 0.269540 
0.058573 0.049052 0.651053 0.241323 
0.020126 0.066821 0.695945 0.217108 
0.017307 0.106645 0.686432 0.189616 
0.148665 0.082935 0.604246 0.164153 
0.183823 0.103321 0.565880 0.146976 
0.206840 0.147042 0.505196 0.140921 
0.323964 0.211042 0.331280 0.133714 
0.250654 0.203006 0.412917 0.133423 
0.233874 0.183931 0.424475 0.157720 
0.131987 0.097017 0.521960 0.249036 
0.221634 0.079674 0.467068 0.231624 
0.271919 0.046375 0.450962 0.230743 
0.202742 0.380852 0.290555 0.125851 
0.227557 0.365264 0.246564 0.160615 
0.246993 0.349168 0.263615 0.140224 
0.238010 0.349074 0.278444 0.134473 
0.180419 0.311268 0.355690 0.152623 
0.227751 0.263433 0.375759 0.133057 
0.187729 0.287069 0.367672 0.157530 
0.105651 0.389879 0.374775 0.129695 
0.279196 0.313972 0.241092 0.165740 
0.249337 0.325886 0.189150 0.235626 
0.244430 0.231501 0.303340 0.220729 
0.212661 0.313510 0.242672 0.231157 
0.266398 0.256270 0.268000 0.209331 
0.234494 0.233122 0.343518 0.188865 
0.248614 0.207438 0.335512 0.208436 
0.204565 0.253766 0.298291 0.243378 
0.221283 0.251661 0.276700 0.250356 
0.154921 0.300466 0.264867 0.279746 
0.229713 0.306772 0.226938 0.236577 
0.231983 0.302948 0.268010 0.197059 
0.131691 0.340209 0.300025 0.228074 
0.177032 0.321147 0.259931 0.241891 
0.208268 0.296617 0.208027 0.287088 
0.222770 0.287509 0.259151 0.230569 
0.214560 0.288068 0.244712 0.252660 
0.218337 0.277352 0.268975 0.235335 
0.090799 0.303884 0.301902 0.303416 
0.204884 0.251059 0.274233 0.269824 
0.188390 0.251203 0.270340 0.290067 
0.222043 0.258255 0.262344 0.257359 
0.227455 0.258786 0.273558 0.240201 
0.158190 0.285088 0.273998 0.282724 
0.084354 0.305233 0.305175 0.305238 
0.082025 0.335556 0.332758 0.249661 
0.216674 0.201409 0.290712 0.291206 
0.233694 0.258912 0.280886 0.226508 
0.214731 0.254519 0.258517 0.272233 
0.234378 0.187514 0.288188 0.289920 
0.257024 0.219131 0.244550 0.279296 
0.257554 0.259133 0.243987 0.239326 
0.252200 0.257950 0.204396 0.285454 
0.206674 0.259510 0.275881 0.257935 
0.176409 0.306840 0.271921 0.244830 
0.183885 0.354061 0.302094 0.159960 
0.251984 0.318790 0.226951 0.202274 
0.250160 0.363764 0.252666 0.133410 
0.290345 0.308903 0.301563 0.099189 
0.335400 0.320254 0.327889 0.016457 
0.300785 0.319010 0.329074 0.051131 
0.238581 0.310650 0.421970 0.028799 
0.314564 0.246860 0.415423 0.023153 
0.305920 0.297923 0.336854 0.059303 
0.316646 0.227780 0.333011 0.122562 
0.264506 0.220199 0.236907 0.278387 
0.276024 0.120870 0.299039 0.304066 
0.285404 0.138896 0.316118 0.259582 
0.252263 0.168852 0.291284 0.287601 
0.281530 0.271347 0.239816 0.207307 
0.260245 0.273622 0.175732 0.290400 
0.239772 0.272860 0.214719 0.272649 
0.241203 0.303312 0.161733 0.293752 
0.306697 0.346301 0.167021 0.179980 
0.281158 0.219763 0.250599 0.248480 
0.277062 0.221145 0.211712 0.290081 
0.264737 0.257398 0.187925 0.289940 
0.275082 0.273548 0.225905 0.225465 
0.268076 0.251833 0.213422 0.266669 
0.265411 0.250650 0.196754 0.287185 
0.283118 0.253468 0.239964 0.223450 
0.282387 0.238414 0.196579 0.282619 
0.273055 0.245172 0.235299 0.246473 
0.270138 0.224651 0.216246 0.288965 
0.266568 0.220360 0.228389 0.284683 
0.253752 0.288214 0.227630 0.230404 
0.266273 0.220327 0.224354 0.289046 
0.266980 0.272131 0.257566 0.203324 
0.270238 0.264041 0.228626 0.237096 
0.261008 0.261367 0.229946 0.247679 
0.237139 0.283383 0.205854 0.273624 
0.286733 0.211133 0.210748 0.291386 
0.278355 0.231590 0.232173 0.257882 
0.277507 0.207350 0.257862 0.257281 
0.283610 0.249937 0.280416 0.186037 
0.276135 0.274271 0.163277 0.286317 
0.285171 0.172485 0.256518 0.285826 
0.291642 0.289914 0.170399 0.248046 
0.318059 0.316664 0.067600 0.297677 
0.359899 0.326453 0.127260 0.186388 
0.383474 0.343587 0.141480 0.131459 
0.397804 0.265620 0.251066 0.085510 
0.378546 0.337799 0.142286 0.141369 
0.396400 0.263976 0.251830 0.087795 
0.415853 0.073367 0.415895 0.094885 
0.326325 0.146653 0.274035 0.252987 
0.311407 0.173696 0.370383 0.144514 
0.028994 0.394881 0.367994 0.208131 
0.004430 0.337676 0.400399 0.257496 
0.012926 0.229703 0.428155 0.329217 
0.127246 0.195241 0.322155 0.355357 
0.358161 0.277855 0.220663 0.143321 
0.348199 0.060647 0.351283 0.239871 
0.373508 0.040274 0.386009 0.200209 
0.335421 0.063765 0.334958 0.265855 
0.314308 0.071737 0.316731 0.297225 
0.214022 0.189400 0.300540 0.296038 
0.267355 0.170339 0.332733 0.229573 
0.018397 0.269056 0.375101 0.337446 
0.034185 0.338869 0.412105 0.214840 
0.090418 0.327566 0.355554 0.226461 
0.139229 0.310806 0.287466 0.262498 
0.305965 0.172048 0.308584 0.213403 
0.174548 0.245331 0.287842 0.292279 
0.142083 0.281102 0.293184 0.283631 
0.306589 0.109802 0.316416 0.267193 
0.294797 0.151221 0.301976 0.252006 
0.327444 0.085364 0.320380 0.266812 
0.089404 0.311077 0.301694 0.297824 
0.213110 0.200565 0.293509 0.292816 
0.086367 0.307341 0.300883 0.305409 
0.292634 0.120963 0.296993 0.289410 
0.163205 0.261411 0.298907 0.276477 
0.264232 0.189559 0.349113 0.197096 
0.327789 0.150870 0.370062 0.151279 
0.164491 0.297229 0.302951 0.235329 
0.205894 0.288979 0.290455 0.214672 
0.249399 0.218270 0.288103 0.244229 
0.282584 0.233953 0.290055 0.193408 
0.238015 0.294224 0.301667 0.166094 
0.181167 0.286968 0.264113 0.267752 
0.290311 0.233229 0.277973 0.198486 
0.200222 0.230699 0.283358 0.285721 
0.300204 0.125281 0.300190 0.274325 
0.294551 0.099960 0.302928 0.302561 
0.259458 0.158333 0.292520 0.289689 
0.219124 0.233131 0.288746 0.258999 
0.207325 0.205471 0.293569 0.293635 
0.218124 0.260219 0.287255 0.234402 
0.207352 0.208150 0.292235 0.292263 
0.178856 0.259170 0.294262 0.267713 
0.228453 0.190945 0.292504 0.288098 
0.301114 0.146082 0.298616 0.254188 
0.333899 0.100690 0.318679 0.246731 
0.337923 0.117185 0.311487 0.233405 
0.342648 0.186449 0.261385 0.209517 
0.340335 0.313991 0.123975 0.221699 
0.305722 0.171344 0.310928 0.212006 
0.222580 0.290489 0.234483 0.252448 
0.193039 0.286325 0.275169 0.245467 
0.196510 0.267868 0.332871 0.202751 
0.228830 0.231653 0.267549 0.271968 
0.177057 0.319170 0.240133 0.263639 
0.237636 0.234469 0.282223 0.245671 
0.268835 0.217738 0.321382 0.192045 
0.281590 0.257718 0.325214 0.135478 
0.268666 0.252900 0.338384 0.140050 
0.265550 0.234956 0.364916 0.134578 
0.383088 0.153288 0.345719 0.117904 
0.257005 0.261448 0.342724 0.138822 
0.202074 0.301134 0.357672 0.139120 
0.162211 0.344634 0.355071 0.138083 
0.094818 0.383667 0.374793 0.146723 
0.153539 0.341633 0.352691 0.152137 
0.192376 0.329049 0.364568 0.114007 
0.103724 0.382035 0.368701 0.145541 
0.156419 0.342994 0.378768 0.121818 
0.033871 0.341250 0.456191 0.168687 
0.046263 0.271934 0.525363 0.156440 
0.058566 0.404894 0.411551 0.124989 
0.107173 0.317062 0.454497 0.121268 
0.162611 0.376952 0.360070 0.100367 
0.200777 0.320583 0.392858 0.085782 
0.181267 0.337886 0.389174 0.091674 
0.117880 0.391706 0.398351 0.092063 
0.257146 0.273425 0.384807 0.084622 
0.290524 0.237095 0.383687 0.088695 
0.217806 0.301535 0.395945 0.084714 
0.202838 0.328653 0.379021 0.089487 
0.264656 0.253198 0.370218 0.111928 
0.179400 0.342116 0.370915 0.107569 
0.220580 0.371269 0.303726 0.104424 
0.224189 0.317424 0.322941 0.135446 
0.253622 0.198187 0.373199 0.174992 
0.471808 0.209449 0.049880 0.268863 
0.380521 0.375376 0.046608 0.197495 
0.223930 0.329364 0.212834 0.233872 
0.198531 0.320424 0.237289 0.243756 
0.192315 0.293977 0.224525 0.289183 
0.274288 0.191790 0.265238 0.268684 
0.229170 0.233135 0.298278 0.239418 
0.162683 0.274420 0.273272 0.289625 
0.192923 0.280504 0.240481 0.286092 
0.219212 0.244205 0.285557 0.251026 
0.256302 0.260601 0.281771 0.201326 
0.227819 0.267044 0.275530 0.229607 
0.281876 0.224617 0.288190 0.205318 
0.256255 0.230425 0.288451 0.224868 
0.209248 0.261499 0.288880 0.240372 
0.198816 0.288441 0.291496 0.221248 
0.170163 0.280949 0.281144 0.267743 
0.275491 0.272703 0.285960 0.165846 
0.276237 0.251115 0.288617 0.184030 
0.287607 0.206828 0.289829 0.215736 
0.278519 0.215212 0.291793 0.214475 
0.235619 0.193545 0.318140 0.252696 
0.245667 0.204841 0.309567 0.239926 
0.291517 0.188285 0.298623 0.221575 
0.299010 0.195463 0.298921 0.206606 
0.282175 0.313477 0.317467 0.086881 
0.287739 0.234860 0.290405 0.186996 
0.291103 0.250824 0.289491 0.168583 
0.243710 0.286524 0.279096 0.190670 
0.280399 0.254173 0.268306 0.197121 
0.278380 0.231418 0.279334 0.210869 
0.280314 0.267337 0.272535 0.179815 
0.234539 0.264431 0.283401 0.217629 
0.254126 0.245968 0.276213 0.223693 
0.243713 0.264228 0.271339 0.220720 
0.229036 0.265293 0.265640 0.240031 
0.274086 0.224352 0.276384 0.225178 
0.240210 0.235077 0.285128 0.239584 
0.281112 0.232777 0.296719 0.189391 
0.261016 0.216988 0.320630 0.201367 
0.292104 0.217190 0.285826 0.204880 
0.286790 0.278658 0.312375 0.122178 
0.304922 0.203246 0.291994 0.199837 
0.307673 0.188505 0.286757 0.217065 
0.312379 0.220478 0.264039 0.203104 
0.314807 0.261756 0.279487 0.143950 
0.296152 0.221454 0.270926 0.211468 
0.266982 0.221639 0.266881 0.244498 
0.230533 0.240660 0.254545 0.274262 
0.192663 0.293813 0.280254 0.233270 
0.249175 0.203567 0.282460 0.264798 
0.301192 0.193483 0.295506 0.209819 
0.301665 0.172352 0.296075 0.229908 
0.306760 0.195344 0.279894 0.218002 
0.310535 0.211734 0.281470 0.196260 
0.346851 0.321248 0.315107 0.016795 
0.287875 0.314145 0.287509 0.110471 
0.305752 0.210130 0.285331 0.198787 
0.241572 0.239079 0.277022 0.242326 
0.288230 0.206290 0.282959 0.222521 
0.290113 0.205913 0.299215 0.204759 
0.285133 0.328722 0.316207 0.069939 
0.202607 0.297633 0.293112 0.206648 
0.236484 0.249481 0.251328 0.262706 
0.293723 0.173150 0.259832 0.273295 
0.245693 0.216779 0.263008 0.274520 
0.186400 0.233897 0.263710 0.315993 
0.145989 0.278020 0.265792 0.310199 
0.145484 0.270437 0.284407 0.299671 
0.346395 0.022093 0.271533 0.359979 
0.332729 0.028042 0.283355 0.355873 
0.223502 0.059290 0.301050 0.416159 
0.250303 0.100564 0.266950 0.382183 
0.223458 0.106216 0.265650 0.404676 
0.298652 0.162041 0.252039 0.287268 
0.251948 0.195722 0.277179 0.275151 
0.301890 0.359339 0.293819 0.044952 
0.290518 0.303775 0.291382 0.114325 
0.294224 0.223267 0.260285 0.222224 
0.200519 0.293257 0.297535 0.208688 
0.233003 0.324252 0.317920 0.124825 
0.224060 0.073245 0.317402 0.385293 
0.314115 0.026592 0.299293 0.359999 
0.300377 0.105521 0.267743 0.326359 
0.270238 0.117482 0.284325 0.327955 
0.282837 0.274172 0.294164 0.148828 
0.337863 0.331012 0.277611 0.053515 
0.197500 0.418317 0.329573 0.054609 
0.277485 0.321308 0.295771 0.105436 
0.167948 0.331548 0.355791 0.144712 
0.224612 0.288469 0.330524 0.156394 
0.133332 0.318195 0.369639 0.178834 
0.163897 0.417069 0.406913 0.012121 
0.197304 0.411819 0.375385 0.015492 
0.133147 0.262810 0.334139 0.269904 
0.204526 0.339021 0.318298 0.138155 
0.209914 0.282211 0.326395 0.181479 
0.294749 0.282954 0.299677 0.122620 
0.291687 0.269513 0.298376 0.140424 
0.281987 0.201253 0.270159 0.246601 
0.222420 0.222364 0.269666 0.285549 
0.296483 0.199449 0.281744 0.222324 
0.290523 0.185231 0.304893 0.219353 
0.290620 0.221278 0.287310 0.200792 
0.313567 0.212134 0.274984 0.199316 
0.321697 0.346518 0.319129 0.012656 
0.309621 0.321782 0.299106 0.069491 
0.250752 0.251936 0.316602 0.180710 
0.249749 0.356376 0.312151 0.081724 
0.299314 0.207310 0.280543 0.212833 
0.299279 0.220404 0.286922 0.193396 
0.285075 0.137012 0.295128 0.282785 
0.241785 0.359852 0.387790 0.010573 
0.174266 0.260249 0.330948 0.234537 
0.202541 0.053326 0.302024 0.442109 
0.157339 0.140296 0.325735 0.376629 
0.175303 0.030258 0.357863 0.436576 
0.137089 0.022428 0.392344 0.448138 
0.100559 0.255616 0.259699 0.384126 
0.110267 0.098126 0.397883 0.393724 
0.103214 0.225182 0.281010 0.390595 
0.101051 0.319652 0.188356 0.390941 
0.100912 0.142683 0.358791 0.397614 
0.117887 0.056484 0.423622 0.402007 
0.103216 0.084654 0.416106 0.396024 
0.101585 0.209610 0.302452 0.386353 
0.098023 0.295095 0.219766 0.387116 
0.108519 0.343990 0.157328 0.390163 
0.096808 0.355889 0.152057 0.395245 
0.093748 0.352057 0.165316 0.388880 
0.095838 0.274525 0.249695 0.379941 
0.092619 0.265296 0.260342 0.381743 
0.101896 0.267062 0.245576 0.385467 
0.109959 0.245876 0.258782 0.385384 
0.098435 0.244057 0.265257 0.392251 
0.098100 0.281673 0.227299 0.392927 
0.105225 0.206974 0.297779 0.390023 
0.108986 0.301687 0.200337 0.388991 
0.092075 0.259664 0.253706 0.394555 
0.088849 0.353574 0.156421 0.401156 
0.092302 0.341217 0.167628 0.398853 
0.098323 0.242859 0.269043 0.389774 
0.094736 0.247767 0.265483 0.392014 
0.105790 0.304478 0.200218 0.389514 
0.099350 0.230275 0.279017 0.391358 
0.101640 0.258764 0.249656 0.389940 
0.098021 0.386920 0.123527 0.391533 
0.095195 0.328499 0.213317 0.362989 
0.101948 0.400784 0.117861 0.379408 
0.100176 0.400801 0.122405 0.376619 
0.104172 0.361848 0.179114 0.354866 
0.148840 0.237279 0.265933 0.347948 
0.104759 0.387008 0.173194 0.335039 
0.130774 0.228010 0.299781 0.341434 
0.125809 0.250340 0.270336 0.353515 
0.162522 0.261077 0.264623 0.311778 
0.168477 0.256045 0.234256 0.341222 
0.221655 0.207932 0.262276 0.308137 
0.201500 0.154975 0.313652 0.329872 
0.272833 0.313887 0.191431 0.221850 
0.219975 0.286683 0.255833 0.237510 
0.244146 0.254639 0.262878 0.238336 
0.265095 0.290928 0.270498 0.173479 
0.304698 0.294731 0.171331 0.229239 
0.203842 0.274621 0.271716 0.249821 
0.220836 0.271980 0.262710 0.244474 
0.238656 0.287649 0.232965 0.240730 
0.265077 0.289085 0.253136 0.192702 
0.283744 0.224644 0.257727 0.233884 
0.286609 0.223576 0.231282 0.258533 
0.288403 0.261560 0.274360 0.175677 
0.285646 0.212551 0.262280 0.239523 
0.206308 0.277000 0.268030 0.248662 
0.244090 0.258721 0.257541 0.239648 
0.233243 0.233209 0.259324 0.274223 
0.266140 0.223234 0.235482 0.275143 
0.289059 0.213081 0.213364 0.284497 
0.282637 0.224861 0.219765 0.272737 
0.239160 0.232669 0.254909 0.273262 
0.282870 0.192312 0.283587 0.241232 
0.288566 0.220230 0.237470 0.253733 
0.282573 0.140936 0.306091 0.270399 
0.291870 0.175168 0.245269 0.287693 
0.215542 0.203644 0.281567 0.299248 
0.226239 0.234595 0.287923 0.251244 
0.300110 0.261322 0.134146 0.304422 
0.292537 0.292535 0.139110 0.275819 
0.275723 0.201108 0.234501 0.288669 
0.292147 0.187932 0.222824 0.297097 
0.294267 0.257657 0.155364 0.292712 
0.280486 0.202218 0.220160 0.297136 
0.278479 0.212542 0.218724 0.290255 
0.196459 0.228848 0.283822 0.290871 
0.242076 0.166822 0.263708 0.327395 
0.288906 0.245604 0.163375 0.302115 
0.257795 0.228828 0.190528 0.322848 
0.189461 0.304080 0.160116 0.346343 
0.217262 0.220060 0.223337 0.339342 
0.250859 0.207095 0.222734 0.319312 
0.270989 0.199899 0.212967 0.316145 
0.215957 0.254688 0.209273 0.320082 
0.294588 0.205914 0.202647 0.296851 
0.282111 0.152723 0.260070 0.305096 
0.270338 0.324489 0.047141 0.358032 
0.291891 0.247921 0.158825 0.301364 
0.296101 0.266870 0.140454 0.296575 
0.238548 0.206546 0.223715 0.331191 
0.220301 0.338137 0.091912 0.349650 
0.252663 0.223396 0.199443 0.324498 
0.247801 0.357107 0.040380 0.354712 
0.269966 0.210544 0.209039 0.310450 
0.305660 0.161324 0.239028 0.293988 
0.219433 0.215949 0.276410 0.288208 
0.294093 0.217138 0.194801 0.293968 
0.248554 0.189833 0.271944 0.289669 
0.178549 0.285211 0.244344 0.291896 
0.240550 0.228759 0.244053 0.286638 
0.209058 0.272200 0.230161 0.288581 
