0.273586 0.180756 0.271870 0.273787 
0.276124 0.167535 0.280104 0.276236 
0.278185 0.273637 0.286190 0.161987 
0.251374 0.246121 0.250977 0.251528 
0.264781 0.191605 0.274571 0.269043 
0.248207 0.245943 0.260918 0.244932 
0.251444 0.242963 0.263019 0.242574 
0.273351 0.217894 0.246521 0.262235 
0.318458 0.064973 0.296478 0.320091 
0.279723 0.213171 0.214135 0.292970 
0.256072 0.256525 0.210051 0.277352 
0.268761 0.222787 0.224251 0.284201 
0.292141 0.272814 0.131816 0.303229 
0.310042 0.308234 0.064419 0.317305 
0.292918 0.233791 0.174095 0.299196 
0.278752 0.273911 0.158152 0.289185 
0.326548 0.182442 0.172994 0.318016 
0.335929 0.283793 0.100455 0.279823 
0.319598 0.320185 0.091569 0.268649 
0.336310 0.304935 0.264972 0.093783 
0.342845 0.333387 0.311105 0.012663 
0.345674 0.344856 0.309463 0.000008 
0.346571 0.330904 0.322525 0.000000 
0.348251 0.333216 0.318533 0.000000 
0.359182 0.321223 0.319595 0.000000 
0.363140 0.299583 0.337277 0.000000 
0.379751 0.273285 0.346687 0.000277 
0.381296 0.291711 0.326993 0.000001 
0.375941 0.292315 0.331744 0.000000 
0.367200 0.304842 0.327958 0.000000 
0.372887 0.308120 0.318993 0.000000 
0.368123 0.313673 0.318204 0.000000 
0.374137 0.296804 0.329059 0.000000 
0.376145 0.291401 0.332454 0.000000 
0.369933 0.312384 0.317683 0.000000 
0.369114 0.309169 0.321717 0.000000 
0.361859 0.324930 0.313211 0.000000 
0.363534 0.324831 0.311635 0.000000 
0.360930 0.307422 0.331648 0.000000 
0.366982 0.322613 0.310405 0.000000 
0.379879 0.285801 0.334319 0.000000 
0.382974 0.273087 0.343932 0.000007 
0.395462 0.235100 0.369328 0.000109 
0.401152 0.226871 0.369844 0.002133 
0.414763 0.104515 0.384596 0.096126 
0.416511 0.084765 0.390925 0.107799 
0.416750 0.082749 0.393283 0.107219 
0.410789 0.015321 0.373286 0.200604 
0.411429 0.057002 0.373499 0.158071 
0.414646 0.113319 0.383753 0.088282 
0.414466 0.143120 0.380671 0.061744 
0.419150 0.098126 0.405697 0.077027 
0.420063 0.093825 0.407776 0.078336 
0.417172 0.113672 0.395018 0.074138 
0.413583 0.178851 0.391525 0.016040 
0.417128 0.140643 0.400542 0.041687 
0.399100 0.240690 0.360051 0.000158 
0.399747 0.261198 0.338936 0.000118 
0.396893 0.299956 0.303122 0.000029 
0.393846 0.360061 0.245972 0.000121 
0.408795 0.019042 0.335589 0.236574 
0.412460 0.084597 0.345879 0.157064 
0.412192 0.094165 0.333603 0.160040 
0.410745 0.237344 0.320326 0.031585 
0.410385 0.176745 0.357355 0.055515 
0.404502 0.263543 0.322372 0.009582 
0.405090 0.256469 0.335475 0.002966 
0.406560 0.239030 0.345763 0.008647 
0.401449 0.252859 0.345161 0.000530 
0.397602 0.266513 0.335766 0.000118 
0.373477 0.398387 0.228135 0.000001 
0.387049 0.296744 0.316200 0.000007 
0.387165 0.303534 0.309296 0.000005 
0.388421 0.309047 0.302157 0.000375 
0.389061 0.324282 0.286632 0.000025 
0.373300 0.405427 0.221270 0.000003 
0.381049 0.352369 0.266574 0.000008 
0.386516 0.419949 0.193508 0.000027 
0.388569 0.378124 0.233007 0.000300 
0.430918 0.409206 0.145211 0.014666 
0.405821 0.424908 0.168879 0.000392 
0.434311 0.414974 0.150273 0.000442 
0.441078 0.403143 0.155556 0.000222 
0.408061 0.424695 0.166642 0.000602 
0.413697 0.425387 0.160411 0.000506 
0.384567 0.335752 0.279640 0.000041 
0.381412 0.351641 0.266936 0.000010 
0.370183 0.381609 0.248204 0.000004 
0.367607 0.379377 0.253002 0.000014 
0.365220 0.346919 0.287859 0.000002 
0.369116 0.337116 0.293767 0.000001 
0.389429 0.332337 0.275944 0.002291 
0.392335 0.323768 0.282477 0.001419 
0.407408 0.201745 0.314144 0.076703 
0.408669 0.158012 0.323465 0.109854 
0.408951 0.153347 0.317503 0.120199 
0.404530 0.245515 0.308764 0.041191 
0.406258 0.279655 0.293395 0.020692 
0.408989 0.227162 0.281183 0.082667 
0.408182 0.089341 0.219907 0.282570 
0.408129 0.113828 0.281393 0.196650 
0.409053 0.137409 0.289940 0.163598 
0.406126 0.204028 0.292848 0.096998 
0.407743 0.147543 0.293068 0.151646 
0.409517 0.123695 0.267649 0.199140 
0.407676 0.155630 0.260494 0.176201 
0.404882 0.201003 0.251832 0.142283 
0.405977 0.184615 0.269873 0.139535 
0.407222 0.137805 0.275146 0.179827 
0.397745 0.058602 0.252209 0.291444 
0.395413 0.155946 0.306845 0.141796 
0.385281 0.157543 0.302253 0.154923 
0.372323 0.154322 0.312478 0.160877 
0.346780 0.219024 0.313397 0.120799 
0.287016 0.087628 0.312477 0.312879 
0.247147 0.237821 0.335427 0.179605 
0.181578 0.301412 0.335561 0.181449 
0.247222 0.170201 0.338782 0.243794 
0.091831 0.275934 0.339280 0.292954 
0.043556 0.365661 0.285513 0.305271 
0.027440 0.367964 0.277406 0.327190 
0.180186 0.255085 0.264059 0.300670 
0.224003 0.142791 0.244935 0.388271 
0.282685 0.050740 0.291026 0.375548 
0.251679 0.102155 0.316801 0.329365 
0.259189 0.168441 0.329436 0.242933 
0.195527 0.203197 0.294786 0.306490 
0.225572 0.233125 0.323651 0.217652 
0.275037 0.200663 0.324952 0.199349 
0.206432 0.248919 0.320793 0.223855 
0.181901 0.213724 0.322830 0.281545 
0.139167 0.235257 0.323487 0.302089 
0.059967 0.333197 0.278385 0.328452 
0.240955 0.357646 0.145297 0.256103 
0.270173 0.356670 0.101201 0.271956 
0.321142 0.345079 0.182968 0.150811 
0.351569 0.290747 0.280021 0.077662 
0.325860 0.240867 0.303266 0.130008 
0.300987 0.169945 0.323298 0.205770 
0.323730 0.109522 0.295210 0.271537 
0.322876 0.025424 0.293090 0.358610 
0.338343 0.071506 0.238444 0.351707 
0.185598 0.217754 0.236591 0.360058 
0.153927 0.211053 0.268229 0.366791 
0.250699 0.180952 0.195615 0.372734 
0.288583 0.062978 0.283810 0.364629 
0.309580 0.048510 0.288281 0.353628 
0.219240 0.315124 0.127450 0.338186 
0.360418 0.275400 0.270467 0.093715 
0.361492 0.191671 0.310386 0.136452 
0.323508 0.253140 0.314440 0.108912 
0.345731 0.167087 0.328713 0.158469 
0.325006 0.166260 0.344298 0.164436 
0.309790 0.124685 0.345662 0.219863 
0.258213 0.130276 0.342039 0.269472 
0.167977 0.189552 0.319006 0.323465 
0.161187 0.164983 0.327282 0.346547 
0.168164 0.167981 0.331034 0.332821 
0.171190 0.303930 0.317586 0.207295 
0.056637 0.292643 0.299461 0.351260 
0.048885 0.330680 0.255133 0.365302 
0.147545 0.207581 0.296566 0.348308 
0.153854 0.263502 0.267325 0.315318 
0.191144 0.154390 0.289059 0.365407 
0.179871 0.189015 0.286216 0.344898 
0.142995 0.305219 0.254109 0.297677 
0.212531 0.228003 0.212162 0.347304 
0.286241 0.245569 0.095126 0.373064 
0.272629 0.317035 0.068392 0.341944 
0.326766 0.265389 0.128840 0.279005 
0.290085 0.314654 0.113388 0.281874 
0.209562 0.320442 0.202941 0.267054 
0.307719 0.331554 0.080881 0.279847 
0.314468 0.266955 0.123968 0.294609 
0.332895 0.199902 0.204714 0.262489 
0.335719 0.260526 0.200000 0.203755 
0.308739 0.199573 0.219291 0.272398 
0.298121 0.250424 0.211666 0.239788 
0.294412 0.197814 0.205589 0.302186 
0.309750 0.199612 0.217669 0.272969 
0.301698 0.206161 0.196379 0.295761 
0.253446 0.246325 0.169151 0.331077 
0.192717 0.278674 0.180915 0.347694 
0.217515 0.297059 0.140116 0.345311 
0.233355 0.240615 0.258733 0.267297 
0.210256 0.189434 0.235045 0.365264 
0.221696 0.187245 0.242090 0.348969 
0.190450 0.200630 0.230186 0.378734 
0.091402 0.291664 0.231056 0.385878 
0.062531 0.350118 0.237260 0.350091 
0.126144 0.364442 0.258366 0.251049 
0.130171 0.283111 0.275306 0.311412 
0.056723 0.337001 0.259882 0.346394 
0.088792 0.265496 0.293568 0.352144 
0.143700 0.220810 0.327863 0.307627 
0.180906 0.320080 0.318975 0.180040 
0.079020 0.334080 0.328967 0.257934 
0.250704 0.173499 0.329895 0.245902 
0.188743 0.188088 0.349449 0.273721 
0.111081 0.248363 0.347639 0.292918 
0.073997 0.265071 0.333867 0.327065 
0.195522 0.145209 0.347311 0.311959 
0.164512 0.170032 0.350282 0.315174 
0.097825 0.322958 0.307565 0.271651 
0.198389 0.297436 0.306635 0.197540 
0.289335 0.342408 0.305162 0.063095 
0.220258 0.311124 0.322125 0.146493 
0.276748 0.186967 0.333536 0.202749 
0.154430 0.270120 0.337442 0.238008 
0.225736 0.245001 0.322982 0.206281 
0.244473 0.287344 0.327274 0.140909 
0.303300 0.324804 0.304375 0.067521 
0.305468 0.189238 0.319164 0.186130 
0.224115 0.217091 0.309986 0.248808 
0.185741 0.255206 0.305388 0.253665 
0.197709 0.336465 0.306087 0.159739 
0.218203 0.224006 0.325242 0.232549 
0.215997 0.214761 0.328074 0.241168 
0.277839 0.187369 0.315523 0.219269 
0.248318 0.286339 0.307168 0.158174 
0.257785 0.197785 0.315170 0.229260 
0.231316 0.197865 0.320180 0.250638 
0.262300 0.210330 0.295542 0.231828 
0.367277 0.118369 0.269403 0.244952 
0.337359 0.189535 0.309382 0.163723 
0.366546 0.198493 0.312114 0.122848 
0.359371 0.160105 0.304569 0.175955 
0.388870 0.291280 0.246895 0.072954 
0.392777 0.131974 0.276164 0.199085 
0.380142 0.054954 0.296011 0.268893 
0.300851 0.169325 0.293222 0.236603 
0.217150 0.264851 0.316803 0.201196 
0.254050 0.387491 0.311631 0.046828 
0.357024 0.270143 0.333686 0.039147 
0.395363 0.141630 0.338861 0.124147 
0.386735 0.143012 0.341148 0.129104 
0.409658 0.152753 0.329066 0.108523 
0.392115 0.153231 0.326570 0.128084 
0.321125 0.318072 0.318812 0.041991 
0.283306 0.059845 0.344206 0.312644 
0.280723 0.075716 0.353603 0.289957 
0.364746 0.132983 0.343269 0.159002 
0.373200 0.104391 0.343297 0.179112 
0.385538 0.102812 0.317676 0.193974 
0.367272 0.048128 0.344067 0.240533 
0.304001 0.172537 0.352991 0.170471 
0.346671 0.036402 0.351014 0.265913 
0.367369 0.035673 0.343124 0.253834 
0.349563 0.129317 0.348267 0.172854 
0.340444 0.043308 0.342441 0.273807 
0.382212 0.130144 0.335630 0.152015 
0.403905 0.151875 0.329716 0.114504 
0.388371 0.117514 0.336330 0.157786 
0.365672 0.158856 0.344513 0.130959 
0.330962 0.182922 0.352687 0.133430 
0.251902 0.225541 0.353057 0.169500 
0.320253 0.142360 0.350923 0.186464 
0.274080 0.268120 0.347725 0.110075 
0.357323 0.166122 0.338482 0.138073 
0.226265 0.217446 0.357107 0.199181 
0.218650 0.200655 0.347566 0.233129 
0.187289 0.291175 0.333868 0.187668 
0.103539 0.278785 0.305002 0.312675 
0.210241 0.112031 0.326073 0.351655 
0.151654 0.170742 0.323320 0.354284 
0.306055 0.046653 0.313350 0.333942 
0.264655 0.112211 0.328311 0.294824 
0.306090 0.287024 0.219332 0.187554 
0.114640 0.322898 0.303015 0.259447 
0.045790 0.346409 0.299011 0.308790 
0.022907 0.344941 0.300561 0.331591 
0.037538 0.345025 0.270449 0.346988 
0.158166 0.404591 0.112519 0.324724 
0.189693 0.377689 0.105601 0.327017 
0.148516 0.312421 0.194615 0.344447 
0.246665 0.359354 0.057455 0.336526 
0.212907 0.378352 0.075959 0.332782 
0.271906 0.346090 0.042997 0.339007 
0.170182 0.299862 0.180248 0.349708 
0.150776 0.377376 0.135791 0.336057 
0.048687 0.316141 0.278719 0.356453 
0.019716 0.414088 0.201652 0.364544 
0.074397 0.353275 0.201264 0.371064 
0.088955 0.270673 0.256749 0.383624 
0.025583 0.320792 0.288871 0.364755 
0.326393 0.075656 0.247126 0.350825 
0.156094 0.154254 0.327053 0.362599 
0.197569 0.157241 0.287713 0.357477 
0.191450 0.128752 0.309689 0.370110 
0.164357 0.177636 0.279425 0.378582 
0.129658 0.236184 0.258422 0.375736 
0.278107 0.255375 0.096690 0.369828 
0.067123 0.335889 0.224839 0.372149 
0.057755 0.324396 0.258646 0.359203 
0.088806 0.288033 0.257033 0.366128 
0.150690 0.203494 0.269337 0.376479 
0.105385 0.253889 0.267913 0.372813 
0.041793 0.378399 0.248726 0.331082 
0.072215 0.396818 0.200793 0.330173 
0.237572 0.406441 0.048870 0.307116 
0.344674 0.021494 0.302340 0.331492 
0.371965 0.041958 0.287564 0.298513 
0.293269 0.121368 0.310714 0.274649 
0.367780 0.108660 0.301131 0.222430 
0.373457 0.074499 0.301913 0.250131 
0.206977 0.227714 0.340991 0.224318 
0.264173 0.245597 0.333520 0.156711 
0.223039 0.223286 0.344337 0.209338 
0.190941 0.242987 0.342713 0.223360 
0.247734 0.193037 0.348478 0.210751 
0.181284 0.239304 0.350149 0.229263 
0.166227 0.272952 0.343348 0.217472 
0.123160 0.319552 0.343760 0.213529 
0.073856 0.296203 0.338729 0.291212 
0.094593 0.348607 0.332157 0.224643 
0.194717 0.233579 0.350686 0.221018 
0.072904 0.280786 0.344208 0.302103 
0.151666 0.151842 0.352585 0.343906 
0.270579 0.158180 0.355598 0.215642 
0.302363 0.088803 0.354703 0.254131 
0.186949 0.204288 0.361040 0.247723 
0.223112 0.224655 0.362092 0.190141 
0.350541 0.169730 0.348994 0.130735 
0.227704 0.246049 0.359563 0.166684 
0.212425 0.238511 0.356942 0.192122 
0.144661 0.261785 0.352802 0.240751 
0.104333 0.255450 0.335595 0.304623 
0.065400 0.266581 0.334206 0.333814 
0.166966 0.166096 0.345087 0.321850 
0.297731 0.101433 0.329203 0.271634 
0.048906 0.317102 0.335520 0.298472 
0.019276 0.350681 0.314154 0.315889 
0.064166 0.362884 0.253229 0.319722 
0.340285 0.010275 0.289780 0.359660 
0.336107 0.093248 0.326965 0.243680 
0.351463 0.128529 0.311490 0.208518 
0.356560 0.018013 0.329789 0.295638 
0.323238 0.046162 0.344444 0.286156 
0.218644 0.143912 0.351900 0.285544 
0.192304 0.121976 0.342717 0.343002 
0.148790 0.169389 0.350088 0.331732 
0.248325 0.242687 0.361079 0.147908 
0.207702 0.213360 0.365700 0.213239 
0.304459 0.245082 0.359792 0.090667 
0.239093 0.208899 0.368798 0.183209 
0.315028 0.159661 0.365509 0.159802 
0.316734 0.147208 0.366246 0.169812 
0.360864 0.152851 0.360305 0.125980 
0.348821 0.249663 0.359481 0.042035 
0.341176 0.208454 0.367000 0.083369 
0.196523 0.344478 0.369179 0.089820 
0.153556 0.317506 0.377873 0.151065 
0.200761 0.227592 0.381208 0.190438 
0.297711 0.212128 0.376670 0.113492 
0.209966 0.192142 0.385015 0.212877 
0.191294 0.192460 0.383549 0.232697 
0.179174 0.170409 0.381019 0.269398 
0.185736 0.189654 0.381381 0.243230 
0.203467 0.180153 0.374907 0.241473 
0.169663 0.261297 0.375295 0.193745 
0.291542 0.205717 0.372295 0.130446 
0.163483 0.305637 0.368383 0.162497 
0.173351 0.237828 0.369959 0.218862 
0.090806 0.340338 0.357049 0.211807 
0.057548 0.374198 0.340813 0.227441 
0.143463 0.363702 0.347405 0.145430 
0.114206 0.401559 0.338760 0.145474 
0.267045 0.393992 0.322179 0.016783 
0.297181 0.400440 0.298706 0.003674 
0.123436 0.398722 0.342468 0.135373 
0.192969 0.401960 0.327966 0.077105 
0.197504 0.414084 0.326246 0.062166 
0.188355 0.410282 0.327741 0.073622 
0.135168 0.411867 0.337956 0.115009 
0.118753 0.408329 0.341218 0.131700 
0.166059 0.408912 0.331445 0.093584 
0.180846 0.379335 0.332715 0.107104 
0.220189 0.402157 0.320560 0.057094 
0.143967 0.413135 0.321216 0.121682 
0.114113 0.409808 0.324456 0.151623 
0.225767 0.414118 0.314333 0.045782 
0.161823 0.403392 0.335412 0.099373 
0.215000 0.402618 0.326822 0.055560 
0.132317 0.414430 0.329568 0.123685 
0.106421 0.409932 0.335665 0.147982 
0.124834 0.414754 0.333364 0.127049 
0.045555 0.407706 0.325175 0.221564 
0.040107 0.387181 0.335643 0.237068 
0.021518 0.366977 0.327389 0.284116 
0.044656 0.332713 0.344795 0.277836 
0.038599 0.300170 0.348392 0.312839 
0.033732 0.367793 0.334781 0.263694 
0.051284 0.286624 0.346360 0.315732 
0.304324 0.012256 0.321604 0.361816 
0.092420 0.248425 0.318953 0.340201 
0.338892 0.017413 0.329789 0.313906 
0.171429 0.229987 0.359638 0.238945 
0.188320 0.227761 0.370844 0.213075 
0.207813 0.212559 0.370686 0.208942 
0.205131 0.212263 0.372504 0.210102 
0.286286 0.063959 0.361575 0.288181 
0.323556 0.084818 0.357630 0.233996 
0.170561 0.210696 0.362463 0.256280 
0.252781 0.185612 0.363360 0.198248 
0.196097 0.236835 0.362930 0.204138 
0.209111 0.203631 0.360713 0.226545 
0.181437 0.228970 0.354870 0.234722 
0.191295 0.279728 0.349049 0.179928 
0.214929 0.250636 0.352237 0.182198 
0.220190 0.233192 0.348860 0.197759 
0.175943 0.324618 0.343932 0.155507 
0.277781 0.316947 0.327045 0.078228 
0.343141 0.258839 0.337195 0.060826 
0.350132 0.168638 0.342598 0.138632 
0.343984 0.051066 0.333573 0.271376 
0.350657 0.010018 0.313855 0.325470 
0.222377 0.202875 0.353329 0.221418 
0.152633 0.147094 0.348354 0.351919 
0.133670 0.184574 0.342368 0.339389 
0.177548 0.116577 0.324360 0.381515 
0.217445 0.151456 0.345162 0.285936 
0.299021 0.051164 0.325626 0.324189 
0.294026 0.065440 0.328835 0.311700 
0.158392 0.194207 0.346240 0.301160 
0.122315 0.181149 0.332045 0.364491 
0.251656 0.059455 0.326970 0.361919 
0.214750 0.064393 0.311163 0.409693 
0.294869 0.008299 0.288175 0.408657 
0.308777 0.013917 0.272765 0.404542 
0.250824 0.031335 0.303997 0.413845 
0.270328 0.019106 0.310735 0.399831 
0.270476 0.036223 0.317799 0.375502 
0.326578 0.033522 0.344721 0.295179 
0.358515 0.001855 0.305641 0.333989 
0.303731 0.004043 0.298346 0.393880 
0.342240 0.004595 0.320416 0.332749 
0.280675 0.186746 0.360113 0.172466 
0.316745 0.227550 0.355917 0.099789 
0.300456 0.195937 0.364461 0.139145 
0.310325 0.062998 0.356972 0.269706 
0.182997 0.202912 0.365926 0.248165 
0.178870 0.190882 0.368519 0.261729 
0.133583 0.226361 0.366779 0.273277 
0.223400 0.084151 0.357862 0.334587 
0.227195 0.103217 0.363163 0.306426 
0.205607 0.204696 0.368241 0.221456 
0.184057 0.172348 0.368740 0.274854 
0.188666 0.253640 0.372597 0.185097 
0.174383 0.230994 0.370281 0.224343 
0.178194 0.175355 0.369909 0.276542 
0.291975 0.104909 0.368275 0.234841 
0.206767 0.170468 0.372149 0.250616 
0.211635 0.212175 0.371869 0.204321 
0.172925 0.214390 0.368150 0.244534 
0.218770 0.248561 0.367370 0.165299 
0.236340 0.209418 0.370607 0.183634 
0.195301 0.237132 0.373857 0.193710 
0.204609 0.204088 0.372486 0.218817 
0.215218 0.213925 0.367777 0.203081 
0.152089 0.148880 0.362866 0.336165 
0.144531 0.120353 0.351640 0.383475 
0.159582 0.136638 0.365127 0.338652 
0.145072 0.137043 0.361170 0.356715 
0.072250 0.233903 0.365751 0.328096 
0.011812 0.271355 0.344512 0.372321 
0.004690 0.270098 0.328415 0.396797 
0.003978 0.291532 0.338662 0.365827 
0.002235 0.303041 0.330831 0.363893 
0.007211 0.324325 0.349406 0.319057 
0.028887 0.272850 0.353765 0.344498 
0.065184 0.221125 0.338977 0.374714 
0.028137 0.267568 0.347353 0.356941 
0.025749 0.293233 0.343201 0.337817 
0.045034 0.258364 0.342185 0.354417 
0.119503 0.354821 0.351326 0.174351 
0.028690 0.333628 0.335363 0.302319 
0.275278 0.346523 0.335343 0.042856 
0.191136 0.351779 0.346845 0.110240 
0.093865 0.350205 0.347953 0.207977 
0.022645 0.303452 0.344972 0.328931 
0.237141 0.231129 0.353270 0.178459 
0.215925 0.104100 0.347091 0.332885 
0.141047 0.166483 0.347178 0.345291 
0.234020 0.062631 0.338585 0.364764 
0.262835 0.157809 0.357445 0.221911 
0.314938 0.166479 0.351710 0.166872 
0.174452 0.163024 0.347789 0.314735 
0.203462 0.136937 0.340189 0.319412 
0.196474 0.158093 0.337298 0.308135 
0.205408 0.208239 0.345295 0.241058 
0.179370 0.222789 0.340702 0.257140 
0.187612 0.141546 0.331492 0.339351 
0.168974 0.163625 0.336062 0.331338 
0.167295 0.141538 0.342363 0.348804 
0.187210 0.147106 0.342104 0.323580 
0.207363 0.188737 0.351784 0.252116 
0.211687 0.210104 0.354098 0.224112 
0.249223 0.174219 0.344937 0.231621 
0.326222 0.021890 0.293344 0.358544 
0.256513 0.074512 0.309908 0.359067 
0.270743 0.171867 0.276016 0.281374 
0.270685 0.261234 0.236149 0.231932 
0.214492 0.240134 0.208182 0.337192 
0.206544 0.223057 0.237355 0.333044 
0.241871 0.217223 0.288754 0.252151 
0.204224 0.219684 0.282969 0.293124 
0.195521 0.205309 0.271053 0.328117 
0.207990 0.190598 0.229351 0.372061 
0.147713 0.172953 0.309596 0.369738 
0.185105 0.134553 0.314948 0.365394 
0.202200 0.177573 0.254666 0.365561 
0.217670 0.198281 0.217434 0.366616 
0.197314 0.213333 0.233671 0.355682 
0.207554 0.207843 0.225636 0.358967 
0.291317 0.171295 0.184205 0.353183 
0.235724 0.184560 0.212076 0.367640 
0.241011 0.188144 0.199802 0.371043 
0.222917 0.225754 0.226561 0.324768 
0.329644 0.198759 0.216225 0.255371 
0.342999 0.197914 0.245596 0.213490 
0.371260 0.150540 0.218729 0.259471 
0.355176 0.215051 0.216569 0.213205 
0.371707 0.193900 0.241695 0.192698 
0.335251 0.215233 0.213456 0.236060 
0.249939 0.251860 0.247727 0.250474 
0.276588 0.201332 0.220411 0.301669 
0.349742 0.161446 0.166860 0.321951 
0.339510 0.198714 0.214143 0.247633 
0.362861 0.202707 0.207535 0.226897 
0.350343 0.118236 0.271043 0.260378 
0.316120 0.134964 0.195038 0.353878 
0.238139 0.161843 0.273884 0.326134 
0.227414 0.170631 0.245388 0.356567 
0.316991 0.145527 0.225138 0.312344 
0.199020 0.185427 0.258940 0.356613 
0.285792 0.175713 0.175918 0.362576 
0.298204 0.107855 0.205906 0.388035 
0.290858 0.145809 0.187288 0.376045 
0.279181 0.170439 0.200416 0.349964 
0.197878 0.205013 0.230784 0.366324 
0.311694 0.132561 0.165235 0.390509 
0.282919 0.141312 0.196692 0.379078 
0.255800 0.180211 0.177127 0.386862 
0.197418 0.204094 0.204250 0.394238 
0.204145 0.203103 0.205898 0.386854 
0.193441 0.197448 0.207045 0.402066 
0.235059 0.185576 0.179940 0.399424 
0.214487 0.200769 0.189670 0.395073 
0.195370 0.205819 0.195884 0.402927 
0.153377 0.172689 0.264019 0.409915 
0.286967 0.067272 0.239635 0.406126 
0.240372 0.141558 0.213471 0.404599 
0.258020 0.163143 0.173243 0.405594 
0.326493 0.134748 0.149488 0.389271 
0.299921 0.145512 0.153886 0.400681 
0.296940 0.148736 0.152145 0.402180 
0.194200 0.192066 0.210744 0.402990 
0.321134 0.139922 0.142346 0.396598 
0.227968 0.199660 0.193104 0.379267 
0.329140 0.149165 0.129468 0.392227 
0.349471 0.149876 0.123566 0.377087 
0.206100 0.167882 0.245215 0.380803 
0.209100 0.222322 0.213173 0.355405 
0.244980 0.188857 0.188246 0.377918 
0.237124 0.217897 0.208206 0.336773 
0.270983 0.198275 0.185129 0.345613 
0.194799 0.193586 0.266465 0.345151 
0.319830 0.135348 0.217022 0.327800 
0.289159 0.169069 0.299259 0.242513 
0.195999 0.192509 0.310354 0.301138 
0.190891 0.190608 0.297130 0.321370 
0.225809 0.194580 0.323197 0.256414 
0.260657 0.115029 0.313697 0.310617 
0.344081 0.164444 0.227653 0.263821 
0.361433 0.221298 0.222824 0.194445 
0.348799 0.193854 0.261571 0.195775 
0.335753 0.128323 0.190737 0.345186 
0.350388 0.080624 0.194578 0.374410 
0.346084 0.033767 0.249998 0.370151 
0.277084 0.110348 0.225004 0.387563 
0.216772 0.087828 0.283505 0.411895 
0.148762 0.142849 0.329556 0.378833 
0.213011 0.131113 0.320444 0.335432 
0.345813 0.082998 0.225814 0.345375 
0.318351 0.099353 0.227897 0.354398 
0.262206 0.216610 0.218259 0.302926 
0.247583 0.251708 0.248601 0.252108 
0.257714 0.240607 0.231633 0.270046 
0.261648 0.239952 0.233992 0.264408 
0.329596 0.177448 0.307258 0.185699 
0.241820 0.186899 0.357094 0.214187 
0.283119 0.191315 0.304582 0.220984 
0.241070 0.216394 0.337879 0.204657 
0.357363 0.160821 0.224727 0.257088 
0.289252 0.093701 0.288996 0.328051 
0.320977 0.184141 0.147472 0.347409 
0.341171 0.163630 0.151167 0.344032 
0.157819 0.156641 0.304770 0.380770 
0.350794 0.060515 0.319212 0.269480 
0.323131 0.046516 0.306748 0.323605 
0.220739 0.115800 0.347355 0.316106 
0.310940 0.177841 0.261557 0.249663 
0.207905 0.147420 0.340737 0.303938 
0.261968 0.125152 0.342182 0.270698 
0.278483 0.063755 0.367930 0.289831 
0.292818 0.035005 0.367446 0.304731 
0.165878 0.127664 0.395861 0.310597 
0.176196 0.114098 0.400931 0.308775 
0.205415 0.121000 0.392293 0.281292 
0.221026 0.192870 0.402586 0.183518 
0.217419 0.214206 0.399033 0.169343 
0.126795 0.136259 0.392141 0.344806 
0.100443 0.127108 0.390081 0.382368 
0.119248 0.125772 0.384779 0.370201 
0.101491 0.122702 0.376017 0.399791 
0.111221 0.112676 0.386953 0.389150 
0.111721 0.159902 0.343325 0.385052 
0.134226 0.149028 0.349765 0.366980 
0.176381 0.208152 0.223486 0.391981 
0.212873 0.210252 0.203360 0.373515 
0.212288 0.203070 0.230075 0.354567 
0.195183 0.239183 0.191883 0.373751 
0.144207 0.233006 0.248486 0.374301 
0.166467 0.250657 0.221470 0.361406 
0.140959 0.210169 0.282681 0.366191 
0.161428 0.217567 0.317634 0.303370 
0.147903 0.183498 0.337521 0.331078 
0.136059 0.173511 0.346059 0.344372 
0.156600 0.169784 0.302588 0.371029 
0.211915 0.217411 0.216061 0.354614 
0.217478 0.220349 0.234987 0.327186 
0.192921 0.202539 0.282671 0.321869 
0.196865 0.202987 0.239700 0.360449 
0.212941 0.208322 0.202400 0.376337 
0.273989 0.165082 0.194457 0.366472 
0.280953 0.161133 0.169327 0.388587 
0.305922 0.106095 0.199560 0.388422 
0.232332 0.213296 0.153548 0.400824 
0.223232 0.222896 0.159971 0.393902 
0.214060 0.213594 0.187867 0.384479 
0.199209 0.212424 0.196854 0.391513 
0.245219 0.179740 0.201028 0.374013 
0.204906 0.125467 0.288856 0.380771 
0.166727 0.159628 0.299680 0.373965 
0.176029 0.186012 0.246920 0.391039 
0.194511 0.181687 0.215399 0.408403 
0.194612 0.193081 0.201313 0.410994 
0.194239 0.193546 0.199850 0.412365 
0.175802 0.132834 0.279172 0.412192 
0.177037 0.092554 0.319001 0.411407 
0.142892 0.114442 0.331602 0.411064 
0.137888 0.148618 0.301094 0.412400 
0.130530 0.133424 0.323328 0.412718 
0.136911 0.122171 0.328420 0.412497 
0.136805 0.131686 0.319191 0.412318 
0.125388 0.129741 0.333120 0.411751 
0.164974 0.133885 0.289309 0.411832 
0.131032 0.121446 0.336362 0.411159 
0.166737 0.154535 0.266325 0.412403 
0.221129 0.041924 0.326332 0.410615 
0.291415 0.013075 0.288064 0.407447 
0.251352 0.031346 0.307763 0.409538 
0.239755 0.065734 0.282926 0.411584 
0.202281 0.055442 0.335434 0.406843 
0.200655 0.074987 0.323990 0.400368 
0.276450 0.051719 0.290083 0.381747 
0.219084 0.131016 0.271890 0.378010 
0.211153 0.064641 0.353762 0.370445 
0.181267 0.106445 0.332759 0.379530 
0.224616 0.075651 0.308274 0.391460 
0.211893 0.128416 0.267379 0.392313 
0.195524 0.087951 0.318430 0.398096 
0.139988 0.165842 0.294484 0.399686 
0.143347 0.161983 0.291392 0.403278 
0.111572 0.165563 0.342026 0.380839 
0.218276 0.206245 0.188270 0.387209 
0.188356 0.202854 0.219850 0.388940 
0.152723 0.172743 0.291478 0.383056 
0.150286 0.159357 0.317952 0.372405 
0.148379 0.158904 0.314496 0.378221 
0.142035 0.156988 0.320251 0.380726 
0.148129 0.143169 0.321333 0.387369 
0.180858 0.225042 0.199740 0.394360 
0.183768 0.203308 0.207970 0.404953 
0.182772 0.195560 0.219154 0.402514 
0.192853 0.166559 0.235814 0.404774 
0.198293 0.169477 0.227209 0.405021 
0.217302 0.175684 0.195460 0.411554 
0.193425 0.181382 0.212646 0.412547 
0.238009 0.139110 0.210544 0.412338 
0.193468 0.167122 0.230830 0.408581 
0.195920 0.196849 0.198362 0.408869 
0.224129 0.095004 0.285325 0.395542 
0.278035 0.084931 0.244060 0.392974 
0.210687 0.151399 0.256272 0.381641 
0.156111 0.156222 0.298943 0.388724 
0.250480 0.175579 0.179514 0.394427 
0.213301 0.200899 0.214972 0.370829 
0.217342 0.215923 0.213498 0.353237 
0.224336 0.200807 0.268873 0.305984 
0.249619 0.225882 0.295510 0.228988 
0.230332 0.234669 0.226788 0.308210 
0.201667 0.335798 0.161782 0.300754 
0.152309 0.345798 0.151928 0.349964 
0.163263 0.335581 0.305630 0.195526 
0.204529 0.360019 0.321295 0.114157 
0.098105 0.261329 0.333624 0.306942 
0.265325 0.289821 0.210789 0.234065 
0.278911 0.275350 0.222819 0.222919 
0.281839 0.216120 0.274529 0.227512 
0.260765 0.179469 0.288488 0.271279 
0.254545 0.147459 0.359655 0.238341 
0.267445 0.216490 0.319834 0.196230 
0.282803 0.198258 0.339095 0.179844 
0.291184 0.186935 0.329689 0.192192 
0.220871 0.107194 0.349731 0.322204 
0.207354 0.217969 0.236440 0.338237 
0.143578 0.315092 0.197537 0.343793 
0.093062 0.226852 0.315450 0.364636 
0.126782 0.150195 0.344674 0.378349 
0.142297 0.200677 0.298789 0.358237 
0.143514 0.189393 0.293264 0.373829 
0.120485 0.198045 0.326879 0.354591 
0.199070 0.205542 0.235911 0.359477 
0.212905 0.213185 0.212842 0.361068 
0.176969 0.174640 0.302365 0.346026 
0.226236 0.240274 0.225797 0.307693 
0.149535 0.292270 0.216497 0.341698 
0.131032 0.175061 0.345946 0.347961 
0.137501 0.167965 0.353911 0.340622 
0.145354 0.157162 0.340254 0.357230 
0.188943 0.190588 0.268412 0.352056 
0.188665 0.198404 0.255985 0.356946 
0.180792 0.173599 0.296061 0.349549 
0.098335 0.196237 0.338699 0.366729 
0.145605 0.213912 0.282588 0.357895 
0.076958 0.240867 0.325753 0.356423 
0.122534 0.311667 0.204464 0.361336 
0.155971 0.328933 0.161378 0.353718 
0.136703 0.317433 0.185008 0.360855 
0.126747 0.297824 0.217297 0.358132 
0.171709 0.236860 0.225033 0.366398 
0.160067 0.159102 0.297782 0.383048 
0.084015 0.143975 0.393498 0.378513 
0.086183 0.115972 0.413903 0.383942 
0.081648 0.141612 0.374553 0.402187 
0.065519 0.117457 0.411162 0.405863 
0.111271 0.132381 0.359261 0.397086 
0.066599 0.133355 0.414715 0.385331 
0.051170 0.130068 0.417118 0.401645 
0.078907 0.077592 0.410623 0.432878 
0.068621 0.073404 0.386225 0.471751 
0.069039 0.083335 0.357815 0.489811 
0.078205 0.084805 0.350748 0.486241 
0.087720 0.089095 0.423435 0.399751 
0.088730 0.104432 0.420707 0.386130 
0.048440 0.138849 0.402387 0.410324 
0.030203 0.170967 0.403733 0.395096 
0.077904 0.115260 0.369430 0.437405 
0.106796 0.098029 0.398518 0.396657 
0.098163 0.124938 0.380604 0.396295 
0.100608 0.127784 0.329568 0.442040 
0.116685 0.095569 0.374910 0.412836 
0.153747 0.101449 0.414239 0.330564 
0.122159 0.098477 0.417251 0.362112 
0.110374 0.116039 0.416413 0.357174 
0.135440 0.121350 0.413908 0.329303 
0.139891 0.141151 0.374804 0.344154 
0.180402 0.156227 0.321119 0.342252 
0.245376 0.280414 0.225438 0.248773 
0.219811 0.276453 0.192738 0.310999 
0.123629 0.201319 0.351637 0.323415 
0.188073 0.183427 0.339999 0.288500 
0.187265 0.169992 0.391898 0.250845 
0.249902 0.274173 0.241092 0.234834 
0.236768 0.247587 0.280236 0.235409 
0.204072 0.222882 0.346676 0.226370 
0.194750 0.259739 0.301587 0.243924 
0.067278 0.279150 0.355741 0.297831 
0.207101 0.209309 0.280747 0.302843 
0.161574 0.165423 0.339116 0.333886 
0.169831 0.172536 0.322109 0.335524 
0.166770 0.233854 0.266697 0.332679 
0.233989 0.241198 0.291297 0.233516 
0.219104 0.224335 0.327745 0.228816 
0.234127 0.233247 0.263219 0.269408 
0.222623 0.228163 0.322752 0.226462 
0.157583 0.210090 0.323010 0.309317 
0.215960 0.301168 0.214607 0.268265 
0.173554 0.295122 0.351052 0.180271 
0.096561 0.236622 0.342059 0.324758 
0.122245 0.197237 0.374222 0.306296 
0.094338 0.219596 0.361940 0.324126 
0.168353 0.316141 0.346922 0.168584 
0.155669 0.307682 0.365432 0.171217 
0.017976 0.317920 0.344258 0.319845 
0.156089 0.336259 0.182803 0.324849 
0.184621 0.325769 0.255073 0.234536 
0.220510 0.252407 0.220271 0.306812 
0.240649 0.242105 0.267207 0.250039 
0.173230 0.338567 0.230801 0.257401 
0.166359 0.265527 0.300261 0.267852 
0.225422 0.280157 0.231251 0.263170 
0.191579 0.340010 0.198111 0.270301 
0.170568 0.330593 0.201913 0.296926 
0.137216 0.205567 0.357861 0.299355 
0.083189 0.252744 0.336903 0.327163 
0.217812 0.211126 0.214713 0.356349 
0.210534 0.200160 0.307337 0.281969 
0.193358 0.215290 0.361502 0.229850 
0.182198 0.250015 0.315386 0.252401 
0.240446 0.212234 0.305841 0.241479 
0.190227 0.154885 0.354292 0.300596 
0.178018 0.310217 0.270107 0.241658 
0.261453 0.195525 0.196686 0.346336 
0.267847 0.254962 0.208429 0.268762 
0.249434 0.218767 0.183879 0.347920 
0.262340 0.179643 0.194010 0.364006 
0.194042 0.125788 0.339572 0.340599 
0.132494 0.176608 0.381443 0.309455 
0.047799 0.325629 0.290137 0.336435 
0.051132 0.225623 0.363094 0.360151 
0.141071 0.284803 0.208720 0.365407 
0.197632 0.250006 0.194569 0.357793 
0.183919 0.326715 0.173611 0.315756 
0.209472 0.371789 0.199549 0.219190 
0.052643 0.356734 0.292654 0.297969 
0.091320 0.327719 0.227283 0.353678 
0.067290 0.234410 0.325304 0.372996 
0.171943 0.238190 0.216565 0.373301 
0.108316 0.201105 0.325691 0.364887 
0.142773 0.201766 0.291601 0.363860 
0.165875 0.179024 0.287550 0.367551 
0.142846 0.162329 0.315120 0.379705 
0.140024 0.147707 0.337587 0.374682 
0.124328 0.170411 0.345755 0.359506 
0.127960 0.150740 0.380005 0.341294 
0.020159 0.333102 0.360020 0.286719 
0.151547 0.178580 0.358546 0.311327 
0.129115 0.195165 0.363294 0.312425 
0.091728 0.267820 0.347936 0.292516 
0.178008 0.368330 0.219491 0.234172 
0.216280 0.287174 0.230018 0.266527 
0.225778 0.288478 0.220095 0.265649 
0.229394 0.298541 0.246528 0.225537 
0.213581 0.269004 0.294256 0.223159 
0.215568 0.340474 0.222084 0.221874 
0.175543 0.299594 0.345847 0.179016 
0.205929 0.217638 0.300006 0.276427 
0.238313 0.273532 0.237505 0.250650 
0.207637 0.334859 0.250645 0.206859 
0.172931 0.313838 0.312409 0.200822 
0.188808 0.329931 0.260104 0.221157 
0.196178 0.327531 0.265143 0.211148 
0.229517 0.229154 0.317067 0.224262 
0.224465 0.214755 0.329370 0.231409 
0.251351 0.262620 0.243845 0.242185 
0.216054 0.358679 0.218762 0.206505 
0.227897 0.332123 0.224082 0.215897 
0.211439 0.378619 0.205566 0.204376 
0.229079 0.291097 0.204196 0.275628 
0.231408 0.278497 0.252703 0.237393 
0.224623 0.311083 0.242969 0.221325 
0.165625 0.350045 0.155575 0.328755 
0.188799 0.268446 0.298229 0.244525 
0.209894 0.337917 0.217329 0.234860 
0.178604 0.338252 0.277992 0.205151 
0.115887 0.299914 0.357512 0.226687 
0.114906 0.266022 0.283985 0.335086 
0.173130 0.349411 0.235141 0.242319 
0.225638 0.238579 0.255651 0.280132 
0.238300 0.231274 0.299751 0.230675 
0.195217 0.290584 0.324156 0.190042 
0.208880 0.350743 0.265991 0.174386 
0.198607 0.322483 0.321607 0.157303 
0.242701 0.254428 0.275513 0.227358 
0.243261 0.329501 0.212201 0.215038 
0.218793 0.240429 0.241198 0.299580 
0.191179 0.183819 0.333075 0.291927 
0.170108 0.299359 0.334188 0.196344 
0.235379 0.334444 0.207417 0.222761 
0.258922 0.289276 0.234893 0.216909 
0.261762 0.245215 0.260768 0.232254 
0.259427 0.270229 0.219639 0.250705 
0.237168 0.296422 0.237883 0.228527 
0.158177 0.314046 0.266231 0.261546 
0.219096 0.264746 0.252814 0.263344 
0.234028 0.241541 0.271093 0.253338 
0.229335 0.270562 0.227651 0.272452 
0.217092 0.287236 0.243940 0.251732 
0.211804 0.232565 0.262759 0.292872 
0.240950 0.243993 0.254962 0.260094 
0.240964 0.258191 0.242240 0.258605 
0.236872 0.239292 0.238745 0.285091 
0.217422 0.213108 0.323516 0.245954 
0.230106 0.230335 0.292606 0.246953 
0.214293 0.313683 0.250789 0.221236 
0.210763 0.325214 0.217658 0.246366 
0.231952 0.268567 0.238573 0.260907 
0.193054 0.290481 0.296647 0.219818 
0.208081 0.246370 0.334110 0.211439 
0.224617 0.221377 0.331013 0.222993 
0.231714 0.268252 0.268956 0.231078 
0.249510 0.250722 0.250624 0.249145 
0.275598 0.250712 0.236809 0.236882 
0.260116 0.267340 0.238984 0.233560 
0.264496 0.247582 0.240480 0.247443 
0.297689 0.243102 0.269629 0.189580 
0.331244 0.318284 0.217837 0.132636 
0.266663 0.357836 0.183307 0.192194 
0.279101 0.307778 0.189110 0.224012 
0.323529 0.240290 0.209981 0.226200 
0.265516 0.231446 0.283378 0.219660 
0.262379 0.254173 0.354317 0.129131 
0.285386 0.171626 0.343328 0.199660 
0.275765 0.165969 0.357905 0.200362 
0.280986 0.173714 0.329911 0.215389 
0.219742 0.311827 0.209084 0.259347 
0.195497 0.278117 0.271983 0.254404 
0.177700 0.301523 0.281943 0.238833 
0.208572 0.209203 0.344603 0.237622 
0.219445 0.228717 0.313709 0.238128 
0.143272 0.338676 0.354558 0.163494 
0.192566 0.351948 0.345323 0.110163 
0.188806 0.258188 0.377087 0.175919 
0.276545 0.106237 0.392645 0.224573 
0.224626 0.119142 0.408586 0.247646 
0.282328 0.091485 0.386306 0.239880 
0.156601 0.249543 0.343993 0.249862 
0.223617 0.187416 0.294417 0.294550 
0.155398 0.302583 0.240668 0.301350 
0.161690 0.304053 0.211035 0.323222 
0.166793 0.253797 0.291668 0.287742 
0.304057 0.076290 0.293238 0.326414 
0.220505 0.294376 0.154012 0.331108 
0.242330 0.255858 0.164957 0.336855 
0.128074 0.263185 0.274817 0.333925 
0.108738 0.342809 0.218815 0.329637 
0.117717 0.358381 0.200448 0.323454 
0.033930 0.312308 0.341914 0.311848 
0.196397 0.147286 0.336504 0.319812 
0.245495 0.106002 0.334157 0.314346 
0.251369 0.142339 0.333017 0.273275 
0.221416 0.331326 0.291677 0.155581 
0.328414 0.147012 0.265231 0.259343 
0.204355 0.191771 0.316351 0.287524 
0.237602 0.203572 0.242702 0.316123 
0.216643 0.283003 0.194465 0.305889 
0.102868 0.402897 0.223345 0.270890 
0.108911 0.330777 0.306404 0.253908 
0.101028 0.329997 0.364104 0.204870 
0.158146 0.191667 0.400648 0.249539 
0.213868 0.164586 0.405052 0.216494 
0.109036 0.257765 0.411054 0.222146 
0.126761 0.206259 0.408936 0.258044 
0.128898 0.189322 0.408403 0.273377 
0.129330 0.187578 0.404221 0.278871 
0.075517 0.262887 0.413076 0.248520 
0.135224 0.177997 0.410188 0.276591 
0.096034 0.310323 0.345176 0.248467 
0.197798 0.219791 0.338241 0.244170 
0.194237 0.263106 0.343448 0.199209 
0.244017 0.217930 0.270056 0.267997 
0.213168 0.234118 0.258006 0.294708 
0.229609 0.263607 0.213858 0.292926 
0.220082 0.201333 0.276210 0.302376 
0.213301 0.214034 0.282264 0.290401 
0.189872 0.311169 0.246043 0.252916 
0.237021 0.274155 0.223794 0.265030 
0.212701 0.223538 0.278497 0.285264 
0.114476 0.311935 0.325928 0.247661 
0.218117 0.250392 0.245004 0.286488 
0.179053 0.173578 0.355520 0.291849 
0.190783 0.192684 0.342007 0.274525 
0.210751 0.182824 0.345909 0.260517 
0.209520 0.198342 0.306742 0.285396 
0.211671 0.227650 0.285372 0.275307 
0.268389 0.246927 0.238875 0.245809 
0.311598 0.192944 0.348805 0.146653 
0.358669 0.172824 0.300298 0.168209 
0.346253 0.133557 0.318665 0.201525 
0.312836 0.198171 0.367176 0.121817 
0.282020 0.293418 0.342256 0.082306 
0.297471 0.193525 0.321118 0.187887 
0.265771 0.231653 0.357080 0.145497 
0.201212 0.258485 0.343645 0.196658 
0.148728 0.344298 0.350689 0.156285 
0.245275 0.243528 0.254245 0.256952 
0.316952 0.310926 0.177722 0.194399 
0.327401 0.161980 0.316157 0.194461 
0.354806 0.229151 0.259576 0.156467 
0.299326 0.334129 0.263097 0.103447 
0.314619 0.159007 0.348596 0.177778 
0.318674 0.158103 0.348901 0.174321 
0.261486 0.234465 0.378030 0.126018 
0.338188 0.178828 0.358073 0.124911 
0.342550 0.156405 0.389928 0.111117 
0.335540 0.140277 0.406242 0.117940 
0.272163 0.292672 0.403201 0.031965 
0.209648 0.324345 0.395954 0.070052 
