0.242080 0.243162 0.272685 0.242074 
0.232728 0.243177 0.237712 0.286383 
0.189799 0.189808 0.430575 0.189818 
0.201903 0.354228 0.235199 0.208670 
0.241740 0.255666 0.242213 0.260381 
0.250413 0.256906 0.246408 0.246273 
0.184945 0.173441 0.413586 0.228027 
0.189731 0.214020 0.281136 0.315113 
0.127154 0.171966 0.354429 0.346451 
0.124511 0.299879 0.470737 0.104873 
0.024553 0.022520 0.932023 0.020903 
0.013428 0.011041 0.964486 0.011045 
0.011780 0.010096 0.967943 0.010182 
0.000276 0.000338 0.998876 0.000509 
0.000043 0.000038 0.999873 0.000046 
0.000017 0.000015 0.999953 0.000015 
0.000000 0.000000 1.000000 0.000000 
0.000000 0.000000 1.000000 0.000000 
0.000000 0.000000 1.000000 0.000000 
0.000000 0.000000 1.000000 0.000000 
0.000000 0.000000 1.000000 0.000000 
0.000000 0.000000 1.000000 0.000000 
0.000000 0.000000 1.000000 0.000000 
0.000000 0.000000 1.000000 0.000000 
0.000000 0.000000 1.000000 0.000000 
0.000000 0.000000 1.000000 0.000000 
0.000000 0.000000 1.000000 0.000000 
0.000000 0.000000 1.000000 0.000000 
0.000000 0.000000 1.000000 0.000000 
0.000000 0.000000 1.000000 0.000000 
0.000000 0.000000 1.000000 0.000000 
0.000000 0.000000 1.000000 0.000000 
0.000000 0.000000 1.000000 0.000000 
0.000000 0.000000 1.000000 0.000000 
0.000000 0.000000 1.000000 0.000000 
0.000000 0.000001 0.999999 0.000000 
0.000000 0.000000 1.000000 0.000000 
0.000000 0.000000 1.000000 0.000000 
0.000000 0.000000 1.000000 0.000000 
0.000000 0.000000 1.000000 0.000000 
0.000000 0.000000 0.999999 0.000001 
0.000000 0.000000 0.999848 0.000152 
0.000000 0.000000 0.996824 0.003176 
0.000000 0.000000 0.997273 0.002727 
0.000000 0.000000 0.986678 0.013322 
0.000000 0.000000 0.886556 0.113444 
0.000000 0.000000 0.004915 0.995085 
0.000000 0.000000 0.013585 0.986415 
0.000000 0.000000 0.019730 0.980270 
0.000000 0.000000 0.149115 0.850885 
0.000000 0.000000 0.777917 0.222083 
0.000000 0.000000 0.343742 0.656258 
0.000000 0.000000 0.477840 0.522160 
0.000000 0.000000 0.484306 0.515694 
0.000000 0.000000 0.610828 0.389172 
0.000000 0.000000 0.412964 0.587036 
0.000000 0.000000 0.412607 0.587393 
0.000000 0.000000 0.942966 0.057034 
0.000000 0.000000 0.997870 0.002130 
0.000000 0.000000 0.810947 0.189053 
0.000000 0.000000 0.439639 0.560361 
0.000000 0.000000 0.981276 0.018724 
0.000000 0.000000 0.963101 0.036899 
0.000000 0.000002 0.999944 0.000055 
0.000000 0.000020 0.813162 0.186818 
0.000000 0.000332 0.970065 0.029603 
0.000000 0.000053 0.994000 0.005948 
0.000000 0.000201 0.933745 0.066054 
0.000000 0.000076 0.760839 0.239084 
0.000000 0.000107 0.066531 0.933362 
0.000000 0.000030 0.273588 0.726382 
0.000000 0.000066 0.077051 0.922882 
0.000000 0.000056 0.348275 0.651668 
0.000000 0.000049 0.948587 0.051364 
0.000000 0.000440 0.331871 0.667689 
0.000000 0.007500 0.459596 0.532904 
0.000000 0.001310 0.515313 0.483377 
0.000000 0.004710 0.460173 0.535117 
0.000000 0.033596 0.264717 0.701687 
0.000000 0.078175 0.049063 0.872762 
0.000000 0.465279 0.127104 0.407617 
0.000000 0.466388 0.026602 0.507011 
0.000000 0.549946 0.073746 0.376308 
0.000000 0.509441 0.041182 0.449377 
0.000000 0.461803 0.104071 0.434126 
0.000000 0.214415 0.409220 0.376365 
0.000000 0.376144 0.381030 0.242826 
0.000000 0.349956 0.300544 0.349500 
0.000000 0.551318 0.118487 0.330195 
0.000000 0.415072 0.162359 0.422569 
0.000000 0.977485 0.015900 0.006615 
0.000000 0.860934 0.139021 0.000045 
0.000000 0.507108 0.492835 0.000057 
0.000000 0.557321 0.442426 0.000253 
0.000000 0.518245 0.426387 0.055368 
0.000000 0.776468 0.056746 0.166786 
0.000000 0.524548 0.018569 0.456883 
0.000000 0.617951 0.054641 0.327408 
0.000000 0.349151 0.226372 0.424477 
0.000000 0.357370 0.356418 0.286212 
0.000000 0.446283 0.323129 0.230588 
0.000000 0.446247 0.205365 0.348388 
0.000000 0.572664 0.125529 0.301807 
0.000000 0.472307 0.321660 0.206032 
0.000000 0.308640 0.297881 0.393479 
0.000000 0.393730 0.005585 0.600686 
0.000000 0.555169 0.282133 0.162697 
0.000000 0.500796 0.181715 0.317489 
0.000000 0.499923 0.136431 0.363647 
0.000000 0.743677 0.145827 0.110497 
0.000000 0.992729 0.007110 0.000162 
0.000000 0.718190 0.281765 0.000045 
0.000000 0.874511 0.028937 0.096553 
0.000000 0.341395 0.118524 0.540081 
0.000001 0.290443 0.221992 0.487563 
0.000096 0.544549 0.005070 0.450284 
0.000219 0.675413 0.189890 0.134478 
0.037115 0.864279 0.000034 0.098572 
0.004323 0.965838 0.000009 0.029831 
0.019227 0.856678 0.000011 0.124084 
0.022529 0.913715 0.001641 0.062115 
0.017309 0.979280 0.000254 0.003156 
0.055912 0.941258 0.000904 0.001926 
0.205747 0.659302 0.134672 0.000280 
0.103381 0.667837 0.218873 0.009909 
0.202064 0.507131 0.151993 0.138812 
0.073737 0.372655 0.473584 0.080024 
0.018220 0.327306 0.334958 0.319515 
0.199673 0.360499 0.146764 0.293064 
0.286090 0.304132 0.311796 0.097982 
0.318137 0.385852 0.264707 0.031303 
0.210844 0.275730 0.281966 0.231461 
0.219939 0.444555 0.284881 0.050625 
0.189364 0.410698 0.132253 0.267685 
0.164876 0.373951 0.226961 0.234211 
0.205135 0.442373 0.113814 0.238677 
0.331331 0.430058 0.077359 0.161252 
0.338446 0.333190 0.007549 0.320815 
0.316734 0.343485 0.001994 0.337787 
0.410175 0.409149 0.120981 0.059695 
0.439683 0.440699 0.000019 0.119599 
0.477812 0.502942 0.000143 0.019102 
0.469324 0.502909 0.001078 0.026689 
0.422716 0.555777 0.000083 0.021424 
0.154113 0.711032 0.000007 0.134848 
0.317668 0.681603 0.000000 0.000729 
0.477154 0.522844 0.000000 0.000002 
0.473968 0.526029 0.000000 0.000003 
0.581308 0.418657 0.000000 0.000035 
0.579215 0.416432 0.000000 0.004353 
0.581211 0.415291 0.000000 0.003498 
0.541897 0.457487 0.000000 0.000616 
0.551863 0.446357 0.000000 0.001780 
0.497478 0.502468 0.000000 0.000054 
0.494700 0.505299 0.000000 0.000001 
0.487438 0.512562 0.000000 0.000000 
0.478506 0.521458 0.000000 0.000037 
0.484437 0.515505 0.000000 0.000058 
0.529374 0.470602 0.000000 0.000024 
0.503373 0.495707 0.000000 0.000920 
0.463365 0.533487 0.000000 0.003148 
0.405348 0.592147 0.000000 0.002504 
0.495052 0.504117 0.000000 0.000831 
0.234959 0.762945 0.001116 0.000980 
0.417807 0.468287 0.113342 0.000564 
0.311725 0.447203 0.241043 0.000028 
0.213278 0.770753 0.015963 0.000006 
0.349368 0.642997 0.004478 0.003157 
0.364373 0.635529 0.000031 0.000066 
0.377666 0.611661 0.010647 0.000026 
0.486090 0.512926 0.000797 0.000187 
0.507274 0.486911 0.004524 0.001291 
0.499132 0.498885 0.001610 0.000373 
0.501780 0.496783 0.001398 0.000039 
0.352097 0.469030 0.178612 0.000261 
0.189038 0.477537 0.333299 0.000127 
0.207223 0.403179 0.389597 0.000001 
0.313169 0.390174 0.296654 0.000003 
0.344707 0.425169 0.230123 0.000001 
0.501768 0.486461 0.010377 0.001393 
0.439470 0.546350 0.009924 0.004256 
0.280156 0.665153 0.020545 0.034146 
0.441750 0.538170 0.016270 0.003811 
0.418752 0.574197 0.006998 0.000054 
0.512056 0.487869 0.000076 0.000000 
0.398978 0.600033 0.000989 0.000000 
0.417291 0.580747 0.001962 0.000000 
0.451561 0.547235 0.001204 0.000000 
0.495109 0.497527 0.007364 0.000000 
0.497028 0.491589 0.011380 0.000002 
0.466844 0.532926 0.000230 0.000000 
0.305587 0.693060 0.001353 0.000000 
0.164411 0.674959 0.160631 0.000000 
0.157550 0.505471 0.336979 0.000000 
0.037698 0.497843 0.464459 0.000000 
0.000669 0.616783 0.382546 0.000002 
0.024560 0.831542 0.143891 0.000007 
0.134218 0.809883 0.055889 0.000010 
0.359118 0.636728 0.004146 0.000008 
0.500148 0.499851 0.000000 0.000000 
0.116761 0.883213 0.000000 0.000025 
0.406732 0.593232 0.000000 0.000036 
0.470233 0.529568 0.000000 0.000199 
0.391734 0.608088 0.000013 0.000165 
0.506830 0.493010 0.000034 0.000125 
0.416290 0.583572 0.000000 0.000137 
0.376345 0.623618 0.000000 0.000037 
0.203282 0.796706 0.000003 0.000009 
0.055236 0.916809 0.027864 0.000091 
0.085234 0.832352 0.082413 0.000001 
0.051597 0.938356 0.010030 0.000018 
0.174629 0.760569 0.064757 0.000046 
0.164037 0.398944 0.437015 0.000003 
0.238712 0.567728 0.193555 0.000004 
0.206380 0.629270 0.164341 0.000008 
0.091345 0.452589 0.456060 0.000006 
0.004689 0.824457 0.170731 0.000123 
0.011742 0.663992 0.322500 0.001765 
0.002335 0.721112 0.272734 0.003819 
0.000120 0.584876 0.411427 0.003577 
0.004362 0.688993 0.306474 0.000170 
0.000446 0.477382 0.521937 0.000235 
0.015132 0.780516 0.201989 0.002363 
0.021958 0.669649 0.307017 0.001376 
0.006113 0.987476 0.004214 0.002197 
0.068073 0.927003 0.000010 0.004913 
0.106244 0.883287 0.000007 0.010461 
0.072003 0.444730 0.233228 0.250040 
0.106983 0.436660 0.017094 0.439263 
0.138464 0.344519 0.134764 0.382253 
0.108875 0.485457 0.000004 0.405664 
0.295493 0.404468 0.001591 0.298447 
0.250783 0.399226 0.000656 0.349335 
0.241675 0.361616 0.005889 0.390819 
0.125801 0.329809 0.287016 0.257374 
0.137650 0.353368 0.203437 0.305545 
0.410396 0.271265 0.031086 0.287253 
0.234842 0.213698 0.213297 0.338163 
0.217444 0.315675 0.023952 0.442929 
0.276181 0.297290 0.240165 0.186364 
0.257424 0.258532 0.262125 0.221919 
0.222663 0.327315 0.224985 0.225038 
0.330440 0.265973 0.184241 0.219346 
0.333414 0.164415 0.231842 0.270329 
0.261883 0.246826 0.281922 0.209370 
0.314544 0.176618 0.383550 0.125288 
0.403069 0.179766 0.320731 0.096434 
0.228951 0.159489 0.203940 0.407621 
0.194509 0.176518 0.156754 0.472219 
0.528649 0.160411 0.063881 0.247059 
0.304326 0.134109 0.262335 0.299229 
0.211298 0.132703 0.348208 0.307792 
0.232237 0.152752 0.312592 0.302419 
0.017760 0.370512 0.119117 0.492612 
0.315162 0.225706 0.033233 0.425899 
0.323526 0.250010 0.095922 0.330542 
0.301199 0.240473 0.082650 0.375678 
0.366012 0.248382 0.003889 0.381717 
0.170449 0.207543 0.239917 0.382091 
0.294550 0.292882 0.337352 0.075216 
0.270036 0.329855 0.300402 0.099707 
0.265994 0.266966 0.210878 0.256163 
0.233982 0.286765 0.319544 0.159709 
0.410303 0.410376 0.087262 0.092059 
0.400653 0.299290 0.110410 0.189647 
0.385783 0.264838 0.086278 0.263101 
0.122037 0.332110 0.214745 0.331108 
0.104036 0.245851 0.328005 0.322109 
0.318367 0.276475 0.061397 0.343761 
0.361549 0.283457 0.059811 0.295182 
0.317897 0.221906 0.202099 0.258098 
0.249501 0.178422 0.325690 0.246387 
0.400198 0.251879 0.100681 0.247242 
0.313252 0.226774 0.180754 0.279220 
0.462348 0.294269 0.198747 0.044637 
0.359423 0.376208 0.220838 0.043531 
0.531891 0.259763 0.196385 0.011960 
0.702624 0.295483 0.000435 0.001457 
0.588426 0.379204 0.000116 0.032255 
0.569118 0.405258 0.000140 0.025484 
0.392723 0.600237 0.000214 0.006826 
0.650086 0.286458 0.000037 0.063419 
0.456769 0.203158 0.000047 0.340026 
0.404393 0.145700 0.000336 0.449571 
0.511351 0.241985 0.000002 0.246663 
0.331712 0.419950 0.000053 0.248284 
0.401395 0.559408 0.015393 0.023804 
0.421363 0.363568 0.135960 0.079109 
0.202818 0.642159 0.078013 0.077010 
0.097084 0.838173 0.008081 0.056662 
0.198505 0.755993 0.000067 0.045435 
0.088634 0.684450 0.000011 0.226904 
0.086959 0.536141 0.003092 0.373808 
0.011176 0.620233 0.132316 0.236275 
0.234331 0.402860 0.243794 0.119015 
0.092725 0.387517 0.209793 0.309964 
0.384729 0.473963 0.050988 0.090320 
0.257357 0.452728 0.066047 0.223868 
0.271809 0.401311 0.024809 0.302070 
0.338927 0.301429 0.046323 0.313322 
0.369702 0.373049 0.018762 0.238487 
0.169816 0.478681 0.014390 0.337114 
0.462352 0.262206 0.005808 0.269635 
0.241785 0.379471 0.000957 0.377787 
0.342359 0.349489 0.000101 0.308051 
0.302767 0.352771 0.000318 0.344144 
0.316043 0.331162 0.000001 0.352795 
0.098615 0.433096 0.000000 0.468289 
0.001295 0.494682 0.000000 0.504023 
0.000004 0.509861 0.000000 0.490135 
0.000374 0.496559 0.000000 0.503067 
0.000037 0.504155 0.000000 0.495809 
0.257635 0.368042 0.000000 0.374323 
0.003323 0.292122 0.000000 0.704556 
0.439347 0.156039 0.000000 0.404614 
0.277639 0.217417 0.000000 0.504944 
0.282980 0.345911 0.000000 0.371109 
0.293743 0.338834 0.000000 0.367423 
0.159921 0.417107 0.000000 0.422972 
0.331321 0.336290 0.000000 0.332388 
0.354659 0.279446 0.000000 0.365895 
0.272120 0.295135 0.000000 0.432745 
0.471221 0.093070 0.000000 0.435709 
0.460198 0.065638 0.000000 0.474164 
0.451796 0.180377 0.000005 0.367822 
0.403840 0.225486 0.000016 0.370658 
0.396354 0.247203 0.000215 0.356229 
0.428537 0.158549 0.000086 0.412828 
0.040953 0.127442 0.000002 0.831603 
0.426712 0.258079 0.000023 0.315186 
0.164245 0.424656 0.001324 0.409775 
0.053181 0.488217 0.002126 0.456476 
0.176909 0.352623 0.118887 0.351581 
0.234142 0.231475 0.212487 0.321895 
0.105614 0.331767 0.230523 0.332096 
0.311339 0.307671 0.083431 0.297559 
0.313967 0.311779 0.139838 0.234416 
0.392447 0.271430 0.018228 0.317894 
0.467978 0.136203 0.043474 0.352345 
0.287784 0.135454 0.292896 0.283866 
0.472454 0.130626 0.017953 0.378966 
0.541326 0.066833 0.000002 0.391840 
0.051197 0.507920 0.000002 0.440881 
0.013350 0.585098 0.000007 0.401546 
0.021577 0.690389 0.000001 0.288032 
0.253537 0.558503 0.000000 0.187959 
0.184962 0.312811 0.000001 0.502226 
0.032872 0.683281 0.000000 0.283846 
0.542331 0.307788 0.000000 0.149881 
0.210948 0.619298 0.000003 0.169750 
0.339738 0.536661 0.000000 0.123601 
0.440407 0.376121 0.000000 0.183472 
0.351011 0.447672 0.000000 0.201317 
0.010091 0.671313 0.000000 0.318596 
0.042671 0.728705 0.000000 0.228625 
0.382371 0.417386 0.000000 0.200244 
0.254714 0.506874 0.000000 0.238411 
0.501283 0.368229 0.000000 0.130488 
0.002437 0.713958 0.000000 0.283606 
0.328352 0.490316 0.000000 0.181332 
0.393747 0.435847 0.000002 0.170404 
0.025623 0.760654 0.000077 0.213646 
0.234066 0.579533 0.001765 0.184636 
0.561979 0.248980 0.038285 0.150756 
0.541105 0.258377 0.001168 0.199350 
0.425792 0.467327 0.000023 0.106857 
0.643144 0.277519 0.000007 0.079330 
0.573918 0.320156 0.002099 0.103828 
0.532064 0.302686 0.002665 0.162585 
0.022863 0.438131 0.119768 0.419239 
0.144614 0.407729 0.072616 0.375042 
0.056563 0.188590 0.142644 0.612202 
0.281230 0.237618 0.222791 0.258361 
0.314051 0.156727 0.313366 0.215856 
0.354375 0.016774 0.340167 0.288684 
0.051465 0.008967 0.532615 0.406953 
0.391600 0.020118 0.297972 0.290309 
0.193396 0.013669 0.377918 0.415017 
0.533032 0.026311 0.145099 0.295557 
0.586054 0.012070 0.078681 0.323194 
0.344969 0.000597 0.380276 0.274158 
0.050850 0.000125 0.550571 0.398453 
0.065154 0.000609 0.475312 0.458925 
0.464002 0.000010 0.276693 0.259295 
0.335473 0.000004 0.283918 0.380605 
0.107741 0.000385 0.495629 0.396246 
0.511345 0.001083 0.017579 0.469993 
0.381591 0.002666 0.001041 0.614702 
0.551340 0.006494 0.000095 0.442071 
0.484593 0.090312 0.000005 0.425090 
0.493805 0.021947 0.000001 0.484247 
0.311712 0.203727 0.000137 0.484424 
0.235900 0.346525 0.000121 0.417454 
0.349946 0.332511 0.000004 0.317539 
0.289981 0.273497 0.108636 0.327886 
0.326600 0.276243 0.105294 0.291863 
0.277649 0.288105 0.157226 0.277019 
0.355412 0.290927 0.013107 0.340554 
0.028376 0.450198 0.079535 0.441890 
0.055202 0.359098 0.204539 0.381161 
0.261126 0.233956 0.258994 0.245924 
0.277513 0.255425 0.230400 0.236662 
0.278918 0.257299 0.197446 0.266337 
0.322584 0.215844 0.199989 0.261583 
0.316791 0.277640 0.123744 0.281825 
0.274762 0.181213 0.191007 0.353018 
0.209938 0.385676 0.029851 0.374534 
0.372108 0.063837 0.042666 0.521388 
0.420264 0.024812 0.064043 0.490882 
0.375849 0.047865 0.237662 0.338624 
0.220797 0.011706 0.376724 0.390772 
0.165199 0.103025 0.361804 0.369972 
0.336961 0.000297 0.317990 0.344752 
0.241679 0.255372 0.250097 0.252853 
0.111730 0.310787 0.276950 0.300534 
0.147291 0.292563 0.243457 0.316689 
0.258077 0.264137 0.206382 0.271405 
0.175599 0.349633 0.113122 0.361645 
0.169555 0.284745 0.161359 0.384341 
0.301144 0.000020 0.306632 0.392203 
0.302237 0.000006 0.266730 0.431027 
0.396636 0.000000 0.179045 0.424319 
0.079031 0.004562 0.449953 0.466454 
0.044408 0.328090 0.305811 0.321691 
0.039674 0.295271 0.274690 0.390365 
0.041152 0.154544 0.378934 0.425370 
0.259475 0.265103 0.234732 0.240690 
0.249061 0.258164 0.217227 0.275548 
0.284980 0.181040 0.271040 0.262940 
0.131867 0.040584 0.372335 0.455213 
0.038567 0.196379 0.363071 0.401983 
0.003822 0.318541 0.311708 0.365929 
0.000630 0.014159 0.333861 0.651350 
0.004831 0.000088 0.367414 0.627667 
0.340441 0.000000 0.134229 0.525330 
0.507355 0.000000 0.038177 0.454468 
0.026140 0.000000 0.222390 0.751470 
0.125473 0.000031 0.002782 0.871715 
0.518438 0.016082 0.002536 0.462944 
0.199071 0.292174 0.038059 0.470696 
0.418887 0.000080 0.175470 0.405563 
0.338870 0.000017 0.329467 0.331646 
0.203844 0.000470 0.394710 0.400976 
0.307030 0.133281 0.250396 0.309293 
0.298001 0.276115 0.103661 0.322223 
0.206959 0.269417 0.165267 0.358357 
0.168771 0.308342 0.027901 0.494987 
0.090446 0.199625 0.270720 0.439209 
0.259195 0.242561 0.192268 0.305976 
0.279479 0.313406 0.002255 0.404860 
0.177583 0.117215 0.017430 0.687772 
0.440728 0.062855 0.016016 0.480401 
0.280641 0.344341 0.025091 0.349926 
0.318608 0.232830 0.016777 0.431784 
0.296920 0.065888 0.074920 0.562272 
0.198197 0.015664 0.352454 0.433686 
0.088346 0.076372 0.374933 0.460349 
0.053250 0.440072 0.066450 0.440228 
0.143003 0.181911 0.038536 0.636551 
0.450159 0.071433 0.012338 0.466071 
0.311107 0.289204 0.039532 0.360157 
0.090342 0.323035 0.274204 0.312419 
0.041933 0.178960 0.384343 0.394764 
0.043586 0.007788 0.471732 0.476894 
0.168403 0.000007 0.416613 0.414977 
0.006194 0.202844 0.386926 0.404036 
0.052281 0.128128 0.348081 0.471510 
0.267701 0.024570 0.323825 0.383904 
0.166907 0.246431 0.300745 0.285917 
0.357853 0.115614 0.103622 0.422911 
0.340539 0.111165 0.033981 0.514316 
0.144261 0.386234 0.037593 0.431912 
0.214336 0.397626 0.021150 0.366888 
0.156102 0.342136 0.062338 0.439423 
0.023428 0.293925 0.333011 0.349636 
0.027874 0.353000 0.305761 0.313365 
0.016129 0.263099 0.454160 0.266612 
0.290133 0.322009 0.278108 0.109750 
0.309524 0.309122 0.277784 0.103570 
0.301309 0.288805 0.282790 0.127095 
0.250455 0.224536 0.317291 0.207718 
0.413286 0.166187 0.278534 0.141993 
0.011769 0.433485 0.424270 0.130477 
0.155197 0.460342 0.262943 0.121519 
0.256140 0.303439 0.375920 0.064501 
0.699246 0.072295 0.089787 0.138673 
0.426386 0.096800 0.306726 0.170088 
0.306013 0.452626 0.082991 0.158370 
0.470318 0.322903 0.030456 0.176322 
0.000301 0.468124 0.095214 0.436362 
0.000066 0.622900 0.114361 0.262673 
0.010910 0.464362 0.187991 0.336737 
0.348865 0.263293 0.131135 0.256708 
0.080752 0.204125 0.166994 0.548128 
0.057639 0.137128 0.272799 0.532435 
0.000006 0.460868 0.142336 0.396790 
0.057311 0.292646 0.228627 0.421416 
0.325313 0.363944 0.066219 0.244524 
0.208185 0.346087 0.217059 0.228670 
0.050354 0.641535 0.041245 0.266865 
0.124755 0.684393 0.039208 0.151645 
0.251751 0.349515 0.054486 0.344248 
0.015615 0.735921 0.041454 0.207010 
0.010877 0.670830 0.126632 0.191661 
0.003062 0.649343 0.047877 0.299718 
0.000518 0.142847 0.061456 0.795178 
0.000253 0.489341 0.010550 0.499855 
0.000003 0.515692 0.001379 0.482926 
0.000000 0.499488 0.000797 0.499714 
0.000018 0.317617 0.002436 0.679930 
0.000047 0.464573 0.001422 0.533959 
0.000001 0.332459 0.000885 0.666656 
0.000001 0.380063 0.000307 0.619629 
0.000000 0.557533 0.000217 0.442250 
0.000001 0.598333 0.000580 0.401086 
0.000006 0.202511 0.001542 0.795940 
0.000196 0.350364 0.004129 0.645312 
0.000179 0.183695 0.026228 0.789898 
0.000006 0.484889 0.055986 0.459119 
0.000002 0.516973 0.020845 0.462180 
0.000001 0.425878 0.009957 0.564163 
0.000001 0.013591 0.039170 0.947238 
0.000000 0.647018 0.030642 0.322340 
0.000000 0.594797 0.040989 0.364214 
0.000000 0.517049 0.029815 0.453137 
0.000000 0.489366 0.028676 0.481958 
0.000002 0.336790 0.073851 0.589358 
0.000003 0.002630 0.238935 0.758432 
0.000015 0.821629 0.031821 0.146535 
0.000001 0.659059 0.092961 0.247980 
0.000000 0.612641 0.046194 0.341165 
0.000001 0.858678 0.087236 0.054085 
0.000001 0.759131 0.067431 0.173437 
0.000016 0.771584 0.051085 0.177315 
0.000001 0.655792 0.054457 0.289751 
0.000001 0.542443 0.034064 0.423492 
0.000000 0.727655 0.046829 0.225515 
0.000000 0.695616 0.034920 0.269464 
0.000000 0.649990 0.071342 0.278668 
0.000000 0.487705 0.057821 0.454473 
0.000033 0.678358 0.075299 0.246309 
0.000041 0.574358 0.249265 0.176336 
0.000008 0.800364 0.113944 0.085684 
0.000034 0.547565 0.076992 0.375409 
0.000053 0.488015 0.172691 0.339241 
0.000005 0.419546 0.396168 0.184280 
0.000001 0.396176 0.202407 0.401417 
0.000172 0.621457 0.230748 0.147624 
0.007130 0.630473 0.228574 0.133823 
0.151069 0.259390 0.500362 0.089180 
0.018416 0.367420 0.522903 0.091261 
0.000142 0.281311 0.390941 0.327607 
0.028660 0.058295 0.439284 0.473761 
0.303026 0.008117 0.306876 0.381981 
0.366106 0.002479 0.316656 0.314759 
0.348158 0.092909 0.320832 0.238100 
0.307124 0.081666 0.325108 0.286102 
0.307177 0.032443 0.371934 0.288446 
0.075535 0.001516 0.544218 0.378731 
0.047644 0.132179 0.410203 0.409974 
0.051714 0.012390 0.507606 0.428290 
0.004251 0.015900 0.450260 0.529589 
0.216458 0.195215 0.294082 0.294245 
0.022729 0.004779 0.768434 0.204058 
0.207871 0.000474 0.697003 0.094652 
0.116497 0.037187 0.635313 0.211003 
0.526734 0.002509 0.402090 0.068668 
0.437305 0.000005 0.486237 0.076453 
0.368093 0.000045 0.513399 0.118462 
0.113537 0.000450 0.733958 0.152055 
0.046837 0.161063 0.611758 0.180341 
0.270413 0.002592 0.726849 0.000146 
0.244234 0.030263 0.724658 0.000846 
0.014872 0.006041 0.978995 0.000092 
0.104236 0.017716 0.877783 0.000266 
0.413611 0.110882 0.475507 0.000000 
0.216531 0.113538 0.669924 0.000007 
0.621297 0.003251 0.375448 0.000004 
0.569402 0.000000 0.430598 0.000000 
0.444481 0.000000 0.555518 0.000001 
0.723739 0.000000 0.276261 0.000000 
0.903223 0.000000 0.096777 0.000000 
0.925372 0.000000 0.074628 0.000000 
0.915817 0.000000 0.084181 0.000002 
0.833147 0.000000 0.166851 0.000002 
0.897493 0.000000 0.102507 0.000000 
0.906823 0.000000 0.093177 0.000000 
0.916562 0.000000 0.083437 0.000000 
0.424075 0.000000 0.575925 0.000000 
0.111577 0.000000 0.888423 0.000000 
0.845945 0.000000 0.154055 0.000000 
0.144970 0.000000 0.855030 0.000000 
0.821465 0.000000 0.178535 0.000000 
0.835643 0.000000 0.164357 0.000000 
0.848429 0.000000 0.151571 0.000000 
0.666193 0.000000 0.333807 0.000000 
0.692628 0.000000 0.307372 0.000000 
0.646419 0.000000 0.353581 0.000000 
0.017997 0.000000 0.982003 0.000000 
0.610763 0.000000 0.389237 0.000000 
0.754124 0.000000 0.245876 0.000000 
0.791847 0.000000 0.205108 0.003045 
0.789889 0.000125 0.196229 0.013758 
0.892280 0.000622 0.083581 0.023518 
0.880853 0.000000 0.113635 0.005512 
0.568383 0.000000 0.054479 0.377139 
0.429166 0.112015 0.046935 0.411884 
0.679955 0.013564 0.015074 0.291407 
0.537326 0.385886 0.013575 0.063212 
0.320905 0.487053 0.007815 0.184227 
0.498517 0.485293 0.006839 0.009351 
0.206749 0.713083 0.003189 0.076980 
0.162905 0.328542 0.004858 0.503694 
0.131379 0.360894 0.001581 0.506145 
0.399837 0.458392 0.001151 0.140620 
0.416970 0.515377 0.001556 0.066097 
0.419646 0.444434 0.001584 0.134336 
0.236239 0.325132 0.001464 0.437164 
0.237389 0.469865 0.004424 0.288323 
0.409494 0.029944 0.017590 0.542972 
0.510522 0.134236 0.014596 0.340645 
0.375951 0.011958 0.010063 0.602028 
0.301510 0.343623 0.001488 0.353379 
0.139538 0.370289 0.002319 0.487854 
0.122772 0.699075 0.010584 0.167570 
0.193594 0.501734 0.020012 0.284660 
0.437242 0.080025 0.030257 0.452475 
0.124954 0.111773 0.063832 0.699440 
0.045121 0.368629 0.031165 0.555085 
0.297242 0.310132 0.050034 0.342593 
0.269037 0.313559 0.046150 0.371253 
0.466717 0.066633 0.062716 0.403934 
0.384401 0.321773 0.029038 0.264788 
0.324093 0.336316 0.021253 0.318337 
0.325510 0.339154 0.055461 0.279875 
0.359186 0.380883 0.106152 0.153779 
0.363118 0.391894 0.098239 0.146749 
0.349949 0.439401 0.134077 0.076573 
0.525345 0.322742 0.065550 0.086363 
0.324405 0.562668 0.028301 0.084626 
0.692011 0.002875 0.041247 0.263867 
0.759787 0.169809 0.025593 0.044810 
0.444405 0.492263 0.031513 0.031819 
0.629031 0.324777 0.015006 0.031186 
0.491302 0.464456 0.011915 0.032326 
0.455245 0.506046 0.036516 0.002193 
0.545156 0.429819 0.011435 0.013589 
0.539679 0.433065 0.027055 0.000201 
0.694780 0.225535 0.079664 0.000021 
0.582809 0.054029 0.363153 0.000009 
0.475686 0.200159 0.323622 0.000533 
0.824995 0.000004 0.151362 0.023638 
0.784415 0.005321 0.074441 0.135823 
0.446498 0.474971 0.036083 0.042449 
0.289777 0.624266 0.027708 0.058248 
0.616408 0.229487 0.122197 0.031908 
0.832222 0.044174 0.088871 0.034733 
0.887194 0.069135 0.042953 0.000718 
0.963451 0.008801 0.027089 0.000659 
0.943432 0.000631 0.051908 0.004029 
0.963611 0.000002 0.010954 0.025433 
0.947003 0.000030 0.010200 0.042768 
0.515396 0.068060 0.018509 0.398035 
0.228638 0.386165 0.001824 0.383373 
0.350845 0.309253 0.001119 0.338783 
0.507114 0.402428 0.005840 0.084618 
0.436701 0.509492 0.041565 0.012242 
0.381345 0.592517 0.026138 0.000000 
0.386908 0.575405 0.037687 0.000000 
0.545235 0.397056 0.057709 0.000000 
0.898898 0.001165 0.099823 0.000114 
0.900978 0.006564 0.091629 0.000829 
0.607806 0.060077 0.254901 0.077216 
0.492761 0.295527 0.211235 0.000477 
0.413423 0.155192 0.220883 0.210502 
0.497438 0.207126 0.168427 0.127008 
0.363884 0.304076 0.196793 0.135247 
0.309384 0.149781 0.272309 0.268526 
0.237276 0.412086 0.258996 0.091642 
0.271324 0.136098 0.222875 0.369703 
0.032043 0.372578 0.264790 0.330589 
0.056025 0.631797 0.253765 0.058412 
0.108557 0.451308 0.360618 0.079517 
0.329652 0.025045 0.553533 0.091770 
0.499993 0.003009 0.289244 0.207754 
0.382765 0.021648 0.361333 0.234254 
0.476313 0.002746 0.326612 0.194329 
0.470831 0.000954 0.357072 0.171143 
0.268400 0.007177 0.312802 0.411621 
0.309716 0.045997 0.423557 0.220731 
0.313844 0.151702 0.222340 0.312113 
0.340562 0.027538 0.292602 0.339298 
0.467482 0.027462 0.326891 0.178165 
0.250247 0.286035 0.265975 0.197743 
0.270089 0.312204 0.279360 0.138346 
0.218515 0.442190 0.338631 0.000665 
0.316416 0.310739 0.309622 0.063223 
0.469944 0.107974 0.398519 0.023562 
0.349123 0.019817 0.283612 0.347447 
0.404987 0.016116 0.303504 0.275393 
0.388473 0.349357 0.208730 0.053440 
0.363517 0.393206 0.232143 0.011134 
0.587835 0.044649 0.367075 0.000441 
0.538204 0.007363 0.454332 0.000101 
0.487477 0.000105 0.512305 0.000112 
0.541855 0.015532 0.442603 0.000010 
0.470374 0.021401 0.508224 0.000002 
0.349828 0.342158 0.308002 0.000012 
0.409277 0.274237 0.316481 0.000004 
0.330220 0.344693 0.325087 0.000000 
0.375168 0.215075 0.409756 0.000000 
0.356629 0.391484 0.251881 0.000006 
0.606402 0.229437 0.164159 0.000002 
0.555901 0.321416 0.122654 0.000029 
0.414082 0.436052 0.149833 0.000034 
0.425862 0.289887 0.284028 0.000223 
0.463696 0.331447 0.192546 0.012312 
0.507923 0.403746 0.048287 0.040043 
0.374663 0.350203 0.039768 0.235365 
0.349461 0.274260 0.061297 0.314982 
0.389346 0.314604 0.058908 0.237142 
0.370841 0.362925 0.213950 0.052283 
0.566906 0.117214 0.263261 0.052619 
0.520861 0.071699 0.366630 0.040810 
0.304319 0.303819 0.305416 0.086445 
0.314685 0.339829 0.342255 0.003230 
0.341988 0.349260 0.308471 0.000281 
0.356136 0.356808 0.286881 0.000175 
0.408865 0.382587 0.208545 0.000003 
0.503063 0.435931 0.061006 0.000000 
0.613288 0.378749 0.007963 0.000000 
0.488325 0.349235 0.162440 0.000000 
0.333371 0.358853 0.307776 0.000000 
0.249870 0.306806 0.443324 0.000000 
0.242114 0.340994 0.416892 0.000000 
0.220353 0.298429 0.481218 0.000000 
0.377416 0.500696 0.121887 0.000000 
0.753958 0.095740 0.150303 0.000000 
0.839311 0.001693 0.158995 0.000000 
0.801628 0.000319 0.198053 0.000000 
0.629768 0.000072 0.370160 0.000000 
0.416021 0.000711 0.583269 0.000000 
0.591576 0.018880 0.389544 0.000000 
0.450556 0.079619 0.469825 0.000000 
0.337828 0.286081 0.376091 0.000000 
0.301452 0.440062 0.258487 0.000000 
0.310270 0.406200 0.283530 0.000000 
0.560315 0.207597 0.232087 0.000000 
0.768080 0.149580 0.082340 0.000000 
0.649159 0.237939 0.112900 0.000002 
0.434566 0.331815 0.233264 0.000355 
0.157626 0.783242 0.049077 0.010055 
0.288803 0.650374 0.051353 0.009470 
0.168254 0.781102 0.036362 0.014282 
0.207636 0.777019 0.011973 0.003371 
0.776040 0.095558 0.095126 0.033276 
0.685480 0.001050 0.293755 0.019715 
0.516790 0.000014 0.481123 0.002074 
0.734402 0.186137 0.078393 0.001069 
0.322443 0.632434 0.014215 0.030908 
0.799202 0.104821 0.011455 0.084522 
0.870998 0.000518 0.065088 0.063396 
0.521402 0.000103 0.230640 0.247856 
0.165214 0.130808 0.146224 0.557754 
0.231832 0.508960 0.055228 0.203980 
0.142741 0.546971 0.017710 0.292578 
0.201823 0.579649 0.197412 0.021115 
0.253762 0.079342 0.117307 0.549588 
0.569296 0.090541 0.043125 0.297038 
0.534020 0.012050 0.007368 0.446563 
0.350566 0.007875 0.000774 0.640785 
0.577994 0.009017 0.001506 0.411483 
0.275389 0.005637 0.000171 0.718802 
0.419138 0.000528 0.000013 0.580321 
0.389878 0.009686 0.000020 0.600417 
0.785045 0.001512 0.000100 0.213343 
0.765480 0.004195 0.000144 0.230181 
0.845891 0.087942 0.001361 0.064806 
0.722457 0.002486 0.011174 0.263883 
0.533664 0.000538 0.008952 0.456846 
0.472903 0.000108 0.006839 0.520150 
0.620028 0.000145 0.006782 0.373046 
0.491170 0.000078 0.015238 0.493515 
0.848604 0.016563 0.041787 0.093046 
0.950970 0.020547 0.023663 0.004820 
0.951904 0.004132 0.002897 0.041067 
0.992610 0.006387 0.000968 0.000035 
0.955612 0.041652 0.002735 0.000001 
0.727343 0.239310 0.033347 0.000000 
0.408564 0.216284 0.375152 0.000000 
0.179621 0.384996 0.435383 0.000000 
0.390652 0.097817 0.511532 0.000000 
0.403008 0.503471 0.093521 0.000000 
0.642160 0.007787 0.350053 0.000000 
0.534350 0.028774 0.436875 0.000000 
0.485485 0.026241 0.488274 0.000000 
0.434262 0.216104 0.349634 0.000000 
0.340259 0.386493 0.273248 0.000000 
0.298374 0.368078 0.333548 0.000000 
0.345588 0.380654 0.273758 0.000000 
0.304587 0.332874 0.362539 0.000000 
0.270095 0.367661 0.362244 0.000000 
0.262077 0.361903 0.376020 0.000000 
0.248485 0.366172 0.385343 0.000000 
0.220460 0.399335 0.380205 0.000000 
0.280449 0.629314 0.090212 0.000024 
0.285218 0.669851 0.044618 0.000313 
0.151189 0.425851 0.422939 0.000021 
0.156164 0.421492 0.422273 0.000071 
0.322167 0.388233 0.289598 0.000002 
0.246343 0.543892 0.209765 0.000000 
0.463250 0.352213 0.184537 0.000000 
0.334755 0.052025 0.613220 0.000000 
0.294556 0.175927 0.529517 0.000000 
0.322037 0.252659 0.425305 0.000000 
0.354383 0.202482 0.443135 0.000000 
0.513932 0.005413 0.480655 0.000000 
0.699098 0.019137 0.281765 0.000000 
0.522115 0.048510 0.429375 0.000000 
0.967663 0.003166 0.029172 0.000000 
0.693298 0.305895 0.000807 0.000000 
0.671124 0.328766 0.000111 0.000000 
0.577183 0.422651 0.000167 0.000000 
0.337628 0.661969 0.000403 0.000000 
0.332417 0.665635 0.001948 0.000000 
0.353450 0.435550 0.211000 0.000000 
0.258265 0.372908 0.368827 0.000000 
0.292348 0.366470 0.341182 0.000000 
0.270874 0.367224 0.361901 0.000000 
0.252635 0.372610 0.374756 0.000000 
0.321025 0.526442 0.152534 0.000000 
0.323815 0.216126 0.460059 0.000000 
0.551413 0.205035 0.243552 0.000000 
0.244362 0.194903 0.560735 0.000000 
0.279799 0.251590 0.468610 0.000000 
0.525775 0.116977 0.357248 0.000000 
0.555954 0.010242 0.433804 0.000000 
0.348631 0.080059 0.571310 0.000000 
0.211888 0.075412 0.712700 0.000000 
0.320329 0.338317 0.341354 0.000000 
0.263362 0.369766 0.366873 0.000000 
0.390738 0.366696 0.242566 0.000000 
0.221662 0.356314 0.422025 0.000000 
0.237507 0.419438 0.343055 0.000000 
0.345270 0.470000 0.184730 0.000000 
0.213323 0.252830 0.533825 0.000022 
0.202074 0.337539 0.460372 0.000015 
0.273183 0.249584 0.476383 0.000850 
0.277088 0.468583 0.142373 0.111955 
0.140674 0.352636 0.027420 0.479270 
0.136518 0.230568 0.203452 0.429462 
0.155544 0.248055 0.314858 0.281543 
0.534447 0.383044 0.068804 0.013706 
0.563800 0.194114 0.221419 0.020668 
0.646975 0.313226 0.037537 0.002261 
0.401158 0.322985 0.275857 0.000000 
0.331094 0.338361 0.330544 0.000000 
0.352929 0.290334 0.356738 0.000000 
0.383616 0.361333 0.255050 0.000000 
0.331833 0.334833 0.333335 0.000000 
0.344846 0.316659 0.338495 0.000000 
0.406840 0.382497 0.210652 0.000011 
0.492132 0.398448 0.109420 0.000000 
0.512015 0.229482 0.258503 0.000000 
0.389902 0.224071 0.386009 0.000018 
0.354825 0.315625 0.329421 0.000129 
0.380750 0.382328 0.236756 0.000166 
0.467106 0.372568 0.160326 0.000000 
0.561804 0.311530 0.126664 0.000002 
0.441295 0.478156 0.080550 0.000000 
0.345614 0.341157 0.313086 0.000143 
0.520040 0.200258 0.279312 0.000389 
0.616160 0.361356 0.022103 0.000380 
0.660439 0.288403 0.040059 0.011098 
0.573628 0.255975 0.014550 0.155846 
0.383258 0.047973 0.233778 0.334990 
0.371094 0.183741 0.087954 0.357211 
0.339353 0.209822 0.159928 0.290897 
0.353232 0.084706 0.207088 0.354974 
0.355791 0.267602 0.134095 0.242512 
0.341818 0.356200 0.214258 0.087724 
0.213854 0.299776 0.215051 0.271319 
0.261504 0.512851 0.119738 0.105907 
0.268383 0.293325 0.368503 0.069789 
0.239436 0.478840 0.277263 0.004461 
0.242486 0.488719 0.268391 0.000405 
0.278980 0.374109 0.345854 0.001057 
0.390168 0.165965 0.443370 0.000498 
0.433137 0.355507 0.211032 0.000324 
0.159474 0.418597 0.421758 0.000171 
0.212375 0.414682 0.370050 0.002893 
0.201846 0.474582 0.301410 0.022161 
0.310866 0.600819 0.083221 0.005094 
0.276578 0.632910 0.001636 0.088876 
0.243346 0.583591 0.000000 0.173063 
0.163402 0.427459 0.000000 0.409140 
0.149907 0.292373 0.000000 0.557719 
0.239033 0.549698 0.000002 0.211268 
0.191897 0.644946 0.000095 0.163063 
0.314551 0.685340 0.000000 0.000109 
0.292277 0.701609 0.000000 0.006113 
0.324656 0.669341 0.000001 0.006003 
0.431960 0.541071 0.000000 0.026968 
0.230772 0.751590 0.000000 0.017637 
0.405645 0.591674 0.000267 0.002414 
0.038238 0.752394 0.004058 0.205309 
0.090469 0.833038 0.000000 0.076493 
0.082683 0.305373 0.282518 0.329426 
0.034142 0.520061 0.108378 0.337418 
0.477534 0.397639 0.058553 0.066274 
0.423521 0.568564 0.001982 0.005932 
0.285500 0.296147 0.055519 0.362834 
0.057254 0.335939 0.352914 0.253893 
0.183862 0.332167 0.131847 0.352124 
0.172665 0.332119 0.131044 0.364171 
0.130005 0.449861 0.044544 0.375590 
0.190022 0.341236 0.191263 0.277479 
0.033165 0.421552 0.138185 0.407098 
0.216933 0.366126 0.049692 0.367250 
0.214148 0.334330 0.123535 0.327986 
0.119529 0.438139 0.219002 0.223330 
0.070920 0.406529 0.408041 0.114510 
0.099936 0.406671 0.300572 0.192821 
0.193631 0.366352 0.179451 0.260567 
0.401753 0.466179 0.107968 0.024099 
0.361594 0.528079 0.109478 0.000848 
0.475245 0.435271 0.089478 0.000006 
0.350344 0.307232 0.342410 0.000014 
0.405151 0.404463 0.189195 0.001192 
0.335447 0.446324 0.215362 0.002868 
0.514726 0.483618 0.001398 0.000258 
0.500672 0.496831 0.000573 0.001923 
0.508416 0.484622 0.000225 0.006737 
0.469527 0.431466 0.005999 0.093007 
0.457532 0.452917 0.086657 0.002894 
0.314454 0.611100 0.074178 0.000268 
0.233134 0.587823 0.178529 0.000513 
0.298561 0.620476 0.068557 0.012406 
0.289106 0.491000 0.219650 0.000244 
0.308887 0.537423 0.152760 0.000929 
0.448389 0.536364 0.014979 0.000268 
0.420106 0.477777 0.102022 0.000096 
0.455216 0.470154 0.074618 0.000012 
0.535958 0.446718 0.017277 0.000047 
0.503287 0.481522 0.015103 0.000088 
0.481839 0.513238 0.004887 0.000036 
0.376261 0.559158 0.064580 0.000001 
0.197990 0.523543 0.278463 0.000005 
0.433011 0.484230 0.082748 0.000010 
0.386765 0.561984 0.051132 0.000120 
0.486924 0.512306 0.000769 0.000001 
0.495970 0.503943 0.000078 0.000009 
0.498067 0.485431 0.015967 0.000535 
0.181573 0.448804 0.367258 0.002365 
0.281441 0.638323 0.067211 0.013025 
0.035482 0.784693 0.179674 0.000151 
0.093357 0.894128 0.012448 0.000067 
0.120411 0.878649 0.000802 0.000138 
0.470209 0.529351 0.000036 0.000405 
0.517009 0.469343 0.012943 0.000704 
0.482873 0.479902 0.037000 0.000224 
0.453671 0.468480 0.071454 0.006394 
0.219639 0.660540 0.089187 0.030634 
0.127855 0.419630 0.061591 0.390924 
0.032116 0.415305 0.359821 0.192757 
0.421125 0.549092 0.026033 0.003751 
0.391012 0.367953 0.238343 0.002692 
0.317637 0.314216 0.320120 0.048027 
0.104307 0.345283 0.234848 0.315563 
0.135841 0.414131 0.373432 0.076595 
0.259061 0.324559 0.177365 0.239015 
0.346752 0.556064 0.015582 0.081601 
0.414532 0.569488 0.000242 0.015738 
0.196677 0.531621 0.106470 0.165232 
0.158486 0.491165 0.145067 0.205281 
0.210591 0.247895 0.333805 0.207709 
0.206822 0.332128 0.316458 0.144592 
0.137555 0.366344 0.061018 0.435083 
0.071543 0.318126 0.321103 0.289228 
0.106930 0.222684 0.428530 0.241856 
0.014972 0.242799 0.436431 0.305798 
0.025806 0.359046 0.229806 0.385342 
0.170518 0.319255 0.035195 0.475033 
0.304870 0.294578 0.127543 0.273008 
0.283882 0.177054 0.246779 0.292284 
0.331205 0.256338 0.058050 0.354407 
0.344714 0.264969 0.101421 0.288897 
0.399498 0.156858 0.331618 0.112026 
0.312033 0.152071 0.289517 0.246379 
0.318233 0.108951 0.193904 0.378913 
0.437530 0.175592 0.083154 0.303725 
0.474657 0.244531 0.254409 0.026403 
0.304480 0.226535 0.441454 0.027530 
0.243787 0.254648 0.458477 0.043088 
0.160822 0.083382 0.649392 0.106403 
0.166360 0.066061 0.526114 0.241465 
0.174446 0.068639 0.437013 0.319902 
0.131799 0.048865 0.460176 0.359160 
0.140374 0.106777 0.540733 0.212117 
0.585620 0.231812 0.100481 0.082087 
