0.252846 0.252454 0.241852 0.252848 
0.256216 0.252420 0.254403 0.236961 
0.271149 0.271146 0.186563 0.271142 
0.267250 0.213015 0.254999 0.264736 
0.252980 0.247952 0.252808 0.246260 
0.249849 0.247512 0.251295 0.251344 
0.273087 0.277456 0.192362 0.257096 
0.271901 0.262851 0.238600 0.226648 
0.295264 0.277676 0.212160 0.214900 
0.295036 0.229847 0.171958 0.303159 
0.324927 0.326488 0.020801 0.327784 
0.327906 0.330712 0.010675 0.330707 
0.328739 0.330884 0.009610 0.330768 
0.336023 0.333981 0.000305 0.329692 
0.333150 0.334481 0.000032 0.332337 
0.332682 0.333601 0.000011 0.333706 
0.333395 0.333904 0.000000 0.332702 
0.335290 0.332531 0.000000 0.332179 
0.337114 0.336562 0.000000 0.326324 
0.347035 0.340044 0.000000 0.312921 
0.342959 0.336743 0.000000 0.320298 
0.351163 0.352903 0.000000 0.295934 
0.344029 0.343386 0.000000 0.312585 
0.347059 0.327258 0.000000 0.325683 
0.349216 0.322933 0.000000 0.327851 
0.352376 0.333858 0.000000 0.313766 
0.354082 0.335639 0.000000 0.310279 
0.348264 0.322988 0.000000 0.328748 
0.340775 0.321493 0.000000 0.337732 
0.342330 0.314683 0.000000 0.342987 
0.342459 0.314593 0.000000 0.342949 
0.347747 0.305762 0.000000 0.346491 
0.353233 0.293415 0.000000 0.353353 
0.357298 0.285038 0.000000 0.357663 
0.363134 0.273783 0.000000 0.363084 
0.363825 0.271088 0.000000 0.365088 
0.361185 0.288402 0.000000 0.350413 
0.361628 0.299279 0.000000 0.339093 
0.356648 0.306693 0.000000 0.336659 
0.372706 0.318550 0.000000 0.308744 
0.370481 0.340093 0.000000 0.289426 
0.388238 0.371786 0.000025 0.239951 
0.403508 0.391430 0.000498 0.204563 
0.398864 0.387293 0.000446 0.213396 
0.411009 0.408872 0.001944 0.178175 
0.415520 0.414677 0.017593 0.152209 
0.406413 0.405463 0.187410 0.000714 
0.410552 0.408113 0.179336 0.001999 
0.412179 0.410345 0.174582 0.002894 
0.420711 0.419797 0.137446 0.022045 
0.413755 0.410355 0.037267 0.138623 
0.424596 0.422502 0.101481 0.051422 
0.422774 0.417938 0.083350 0.075937 
0.424791 0.421225 0.079532 0.074452 
0.422282 0.416811 0.061761 0.099146 
0.424914 0.421681 0.090722 0.062683 
0.421216 0.413680 0.097677 0.067428 
0.414320 0.403097 0.009165 0.173418 
0.401166 0.388802 0.000337 0.209696 
0.419210 0.415637 0.029429 0.135725 
0.423640 0.419502 0.088370 0.068487 
0.409848 0.397069 0.003007 0.190075 
0.404358 0.384306 0.006790 0.204545 
0.391554 0.328967 0.000011 0.279468 
0.410840 0.367119 0.039483 0.182558 
0.408905 0.332588 0.006825 0.251682 
0.405257 0.334478 0.001288 0.258977 
0.406863 0.343201 0.015082 0.234854 
0.409850 0.359799 0.053189 0.177162 
0.408056 0.347742 0.229412 0.014790 
0.413511 0.367337 0.160934 0.058217 
0.410274 0.352341 0.220676 0.016709 
0.413484 0.364517 0.145958 0.076042 
0.409312 0.351274 0.011026 0.228388 
0.412871 0.349771 0.159926 0.077432 
0.412777 0.326850 0.139985 0.120388 
0.413254 0.342739 0.117967 0.126040 
0.412753 0.331506 0.137744 0.117997 
0.412210 0.303427 0.204006 0.080357 
0.411533 0.268841 0.285261 0.034365 
0.411975 0.152482 0.265906 0.169637 
0.412673 0.144188 0.310273 0.132866 
0.412259 0.125430 0.286501 0.175809 
0.412777 0.134151 0.301924 0.151148 
0.412912 0.152244 0.274464 0.160380 
0.412895 0.234788 0.171117 0.181200 
0.412980 0.181661 0.180147 0.225213 
0.413063 0.190292 0.206210 0.190436 
0.412736 0.126726 0.268241 0.192297 
0.412910 0.168236 0.252875 0.165978 
0.409171 0.005698 0.283873 0.301257 
0.411747 0.029819 0.198774 0.359659 
0.414260 0.108441 0.111712 0.365586 
0.413389 0.101966 0.129601 0.355044 
0.412365 0.133183 0.159503 0.294949 
0.411357 0.061180 0.288532 0.238932 
0.411340 0.127006 0.315941 0.145713 
0.411942 0.105133 0.294307 0.188618 
0.412861 0.189845 0.230673 0.166621 
0.412996 0.187905 0.188205 0.210894 
0.412582 0.160091 0.198148 0.229180 
0.411864 0.160041 0.238066 0.190029 
0.411496 0.121055 0.265575 0.201874 
0.411709 0.152200 0.198417 0.237674 
0.411915 0.203801 0.207324 0.176960 
0.410386 0.157735 0.329468 0.102411 
0.408640 0.127643 0.210691 0.253026 
0.408421 0.144238 0.247057 0.200284 
0.408527 0.143562 0.263391 0.184520 
0.404390 0.072453 0.254295 0.268862 
0.389916 0.001711 0.276423 0.331950 
0.399776 0.064797 0.171144 0.364284 
0.397525 0.034560 0.303029 0.264886 
0.398231 0.194298 0.273576 0.133895 
0.394239 0.214849 0.238384 0.152528 
0.372104 0.129548 0.341135 0.157213 
0.372890 0.098244 0.253811 0.275055 
0.307798 0.039279 0.376818 0.276105 
0.324335 0.009303 0.375160 0.291202 
0.317554 0.040505 0.381170 0.260772 
0.322532 0.025718 0.353569 0.298182 
0.307354 0.005835 0.355132 0.331679 
0.288975 0.016677 0.350584 0.343763 
0.248839 0.103450 0.275824 0.371887 
0.295997 0.104055 0.251162 0.348786 
0.265457 0.160310 0.284519 0.289714 
0.315043 0.203178 0.169601 0.312177 
0.345447 0.218165 0.215542 0.220845 
0.267680 0.210499 0.287911 0.233910 
0.235982 0.229638 0.226960 0.307421 
0.222307 0.199215 0.241024 0.337455 
0.264202 0.240692 0.238477 0.256629 
0.257858 0.180178 0.234564 0.327399 
0.271134 0.193090 0.293266 0.242510 
0.281037 0.206054 0.257777 0.255132 
0.264868 0.182162 0.300400 0.252570 
0.218916 0.185457 0.315145 0.280483 
0.212611 0.214398 0.354368 0.218624 
0.217502 0.208457 0.363667 0.210374 
0.191076 0.191419 0.295244 0.322261 
0.168383 0.168067 0.384562 0.278989 
0.153471 0.145888 0.372482 0.328158 
0.160316 0.149913 0.362538 0.327232 
0.169682 0.129628 0.375195 0.325494 
0.260277 0.084949 0.386913 0.267861 
0.173081 0.078605 0.402078 0.346235 
0.096343 0.087545 0.421967 0.394144 
0.099767 0.089460 0.421295 0.389477 
0.084890 0.119627 0.414925 0.380558 
0.105206 0.147641 0.414581 0.332573 
0.105610 0.149199 0.411228 0.333963 
0.107908 0.128630 0.414519 0.348942 
0.108846 0.135629 0.397423 0.358101 
0.115532 0.114332 0.331458 0.438677 
0.107917 0.105538 0.257629 0.528915 
0.090190 0.085541 0.346092 0.478177 
0.115504 0.105562 0.346031 0.432903 
0.113340 0.106203 0.365538 0.414918 
0.102015 0.115402 0.343678 0.438905 
0.129765 0.131855 0.330556 0.407824 
0.132522 0.114597 0.414419 0.338462 
0.157824 0.106909 0.395875 0.339392 
0.125357 0.123027 0.405267 0.346349 
0.223974 0.067124 0.353922 0.354979 
0.179768 0.163712 0.287363 0.369157 
0.211912 0.168264 0.236058 0.383766 
0.228786 0.064327 0.322334 0.384554 
0.195194 0.105409 0.348036 0.351361 
0.167076 0.094037 0.371806 0.367081 
0.178925 0.110143 0.331786 0.379146 
0.143251 0.135550 0.355341 0.365858 
0.144678 0.150824 0.346711 0.357787 
0.142430 0.142503 0.351886 0.363181 
0.137247 0.138666 0.349494 0.374593 
0.201136 0.163536 0.261588 0.373740 
0.256527 0.160034 0.206320 0.377119 
0.243195 0.178084 0.182339 0.396382 
0.209131 0.184228 0.214621 0.392019 
0.197176 0.171758 0.235654 0.395412 
0.148379 0.153060 0.339556 0.359004 
0.169715 0.136607 0.342306 0.351371 
0.228512 0.104285 0.338223 0.328980 
0.170000 0.139958 0.336729 0.353314 
0.166513 0.120891 0.337292 0.375304 
0.118924 0.125039 0.363692 0.392345 
0.157322 0.103269 0.346888 0.392521 
0.148423 0.105559 0.339283 0.406734 
0.140454 0.115185 0.344289 0.400072 
0.136667 0.135992 0.330225 0.397116 
0.140515 0.142080 0.328299 0.389105 
0.134445 0.117235 0.357040 0.391280 
0.182940 0.078666 0.342778 0.395616 
0.249284 0.092292 0.250735 0.407689 
0.255381 0.142213 0.193217 0.409190 
0.308245 0.142116 0.151858 0.397781 
0.350539 0.099434 0.162779 0.387249 
0.314192 0.047713 0.254205 0.383890 
0.262877 0.055012 0.298466 0.383644 
0.178926 0.099682 0.338677 0.382715 
0.109784 0.109852 0.389731 0.390632 
0.193297 0.023414 0.417668 0.365620 
0.122372 0.082488 0.415175 0.379966 
0.117613 0.103922 0.416797 0.361668 
0.160059 0.101628 0.376992 0.361321 
0.129822 0.133582 0.372434 0.364162 
0.145821 0.102786 0.391424 0.359969 
0.151210 0.089569 0.391863 0.367358 
0.198746 0.048257 0.379168 0.373829 
0.294388 0.024104 0.311613 0.369896 
0.279823 0.047897 0.281151 0.391129 
0.286729 0.017234 0.320963 0.375074 
0.252492 0.070496 0.298826 0.378186 
0.260166 0.180195 0.168328 0.391312 
0.232669 0.128558 0.248800 0.389973 
0.243579 0.110016 0.259140 0.387264 
0.288346 0.162197 0.161136 0.388320 
0.338347 0.049435 0.244059 0.368159 
0.337966 0.099845 0.205053 0.357136 
0.352357 0.081570 0.218257 0.347816 
0.370322 0.117398 0.168150 0.344129 
0.342232 0.088231 0.201312 0.368224 
0.359188 0.144880 0.132168 0.363764 
0.334003 0.065486 0.246146 0.354365 
0.329691 0.098880 0.211466 0.359963 
0.326689 0.003642 0.331259 0.338411 
0.274487 0.019959 0.377271 0.328283 
0.263139 0.032394 0.381236 0.323231 
0.317786 0.180740 0.253774 0.247699 
0.297533 0.179461 0.344398 0.178608 
0.290423 0.215286 0.291898 0.202393 
0.280772 0.152296 0.390151 0.176781 
0.224201 0.187724 0.364890 0.223186 
0.238020 0.187955 0.369660 0.204365 
0.245494 0.204051 0.356149 0.194306 
0.296278 0.221078 0.236047 0.246598 
0.291448 0.212882 0.266209 0.229461 
0.190906 0.238610 0.337507 0.232976 
0.255234 0.262983 0.263131 0.218652 
0.257078 0.222233 0.341324 0.179365 
0.240431 0.232965 0.253360 0.273244 
0.247299 0.246901 0.245613 0.260187 
0.259749 0.222474 0.258898 0.258879 
0.221274 0.243954 0.273927 0.260845 
0.220146 0.281389 0.256167 0.242298 
0.245652 0.251070 0.238511 0.264767 
0.225925 0.275878 0.202202 0.295996 
0.195128 0.274136 0.223266 0.307470 
0.256778 0.282842 0.265990 0.194390 
0.268853 0.275644 0.283243 0.172261 
0.152226 0.279777 0.320420 0.247576 
0.230090 0.293075 0.244956 0.231879 
0.263282 0.293411 0.214644 0.228663 
0.255953 0.285842 0.227322 0.230884 
0.344099 0.201645 0.292778 0.161478 
0.223209 0.254919 0.336172 0.185700 
0.222763 0.248724 0.308182 0.220331 
0.230167 0.251768 0.313580 0.204486 
0.201864 0.242293 0.359209 0.196634 
0.278854 0.264885 0.253018 0.203243 
0.232470 0.233056 0.217579 0.316894 
0.241677 0.220686 0.230948 0.306689 
0.244199 0.243852 0.264227 0.247723 
0.255381 0.236459 0.224958 0.283201 
0.191262 0.191237 0.309801 0.307701 
0.196247 0.231078 0.301916 0.270758 
0.201129 0.243097 0.312057 0.243717 
0.297597 0.220085 0.261885 0.220432 
0.304882 0.250372 0.221350 0.223396 
0.223723 0.238406 0.322917 0.214955 
0.208794 0.235861 0.323608 0.231737 
0.225746 0.260021 0.267344 0.246889 
0.249889 0.276155 0.222944 0.251013 
0.196427 0.247935 0.306034 0.249604 
0.227290 0.258156 0.275283 0.239271 
0.173909 0.230810 0.265201 0.330080 
0.208655 0.202957 0.257393 0.330995 
0.148764 0.239585 0.262541 0.349110 
0.083771 0.203484 0.361118 0.351628 
0.121300 0.185040 0.374276 0.319384 
0.126740 0.176487 0.372996 0.323777 
0.176870 0.115071 0.368409 0.339650 
0.103257 0.215054 0.380236 0.301453 
0.165573 0.250015 0.381485 0.202926 
0.184025 0.274147 0.372234 0.169594 
0.145277 0.231263 0.393820 0.229640 
0.206327 0.177761 0.381265 0.234647 
0.186890 0.136521 0.341666 0.334923 
0.188134 0.207624 0.290147 0.314094 
0.261597 0.114446 0.311750 0.312207 
0.292510 0.049865 0.346161 0.311464 
0.243404 0.071612 0.376073 0.308911 
0.288000 0.092735 0.385208 0.234057 
0.301275 0.144028 0.358605 0.196092 
0.348540 0.119677 0.285491 0.246292 
0.254524 0.195742 0.251094 0.298640 
0.309234 0.200531 0.263063 0.227172 
0.198562 0.168993 0.325468 0.306977 
0.244837 0.177888 0.320331 0.256944 
0.237968 0.193554 0.341119 0.227359 
0.216079 0.229067 0.329929 0.224925 
0.203555 0.202427 0.344858 0.249159 
0.273120 0.166315 0.347275 0.213290 
0.170636 0.237947 0.356084 0.235333 
0.241857 0.194976 0.367636 0.195531 
0.204077 0.201727 0.378682 0.215514 
0.219075 0.202327 0.373413 0.205186 
0.206870 0.201925 0.396276 0.194928 
0.281033 0.164821 0.399899 0.154247 
0.343052 0.127168 0.405044 0.124735 
0.381083 0.102821 0.408958 0.107138 
0.351946 0.120713 0.408246 0.119094 
0.367536 0.110644 0.409239 0.112582 
0.221317 0.185347 0.409952 0.183384 
0.332821 0.183995 0.408686 0.074498 
0.162169 0.256522 0.408633 0.172675 
0.213709 0.234430 0.408559 0.143303 
0.212356 0.191912 0.411748 0.183984 
0.209182 0.194551 0.410752 0.185515 
0.254990 0.168840 0.409104 0.167065 
0.196875 0.195284 0.411307 0.196533 
0.189421 0.213818 0.410874 0.185887 
0.217070 0.209401 0.407506 0.166022 
0.151752 0.281543 0.404396 0.162310 
0.153261 0.292690 0.404881 0.149168 
0.164451 0.254881 0.389852 0.190816 
0.181334 0.240815 0.385909 0.191941 
0.187232 0.237319 0.375125 0.200323 
0.174659 0.267020 0.378677 0.179644 
0.302787 0.260893 0.388469 0.047850 
0.174645 0.230043 0.384624 0.210687 
0.270045 0.179933 0.365263 0.184758 
0.315168 0.157393 0.360018 0.167421 
0.275702 0.212700 0.298541 0.213057 
0.255570 0.256542 0.263513 0.224374 
0.304185 0.220015 0.255898 0.219902 
0.226821 0.228101 0.313437 0.231641 
0.226713 0.227477 0.290786 0.255023 
0.195960 0.237463 0.345315 0.221262 
0.171449 0.288483 0.330004 0.210065 
0.235947 0.292576 0.234144 0.237333 
0.168266 0.288420 0.344218 0.199096 
0.133166 0.296628 0.392097 0.178108 
0.304017 0.142317 0.391343 0.162323 
0.327647 0.116975 0.384839 0.170539 
0.318082 0.086741 0.390755 0.204422 
0.224559 0.129439 0.398194 0.247808 
0.250178 0.205924 0.396958 0.146941 
0.308814 0.088404 0.397880 0.204902 
0.131447 0.202473 0.407881 0.258199 
0.240981 0.112462 0.390433 0.256123 
0.190053 0.131309 0.410014 0.268624 
0.162477 0.182242 0.406652 0.248629 
0.188484 0.158959 0.413613 0.238944 
0.323867 0.083829 0.413982 0.178322 
0.297470 0.073539 0.412459 0.216531 
0.178996 0.168306 0.413141 0.239557 
0.219786 0.141439 0.413361 0.225415 
0.141407 0.181011 0.412668 0.264913 
0.335610 0.069605 0.414459 0.180327 
0.200450 0.150191 0.398277 0.251082 
0.181578 0.168454 0.392528 0.257440 
0.320029 0.069506 0.374456 0.236009 
0.244072 0.130748 0.363066 0.262113 
0.140417 0.245396 0.332199 0.281988 
0.142601 0.235211 0.365811 0.256378 
0.172567 0.159690 0.383564 0.284179 
0.104543 0.216452 0.386910 0.292094 
0.131921 0.213481 0.361272 0.293326 
0.146342 0.221249 0.360743 0.271666 
0.340891 0.179807 0.293264 0.186038 
0.286659 0.192657 0.317003 0.203680 
0.322644 0.267633 0.285312 0.124411 
0.238782 0.254432 0.259845 0.246941 
0.226785 0.284264 0.227024 0.261927 
0.208717 0.346409 0.213551 0.231323 
0.319232 0.349194 0.145643 0.185931 
0.196455 0.344081 0.228395 0.231069 
0.264548 0.348197 0.199805 0.187450 
0.149275 0.338899 0.283517 0.228309 
0.129946 0.347079 0.307646 0.215329 
0.205803 0.370227 0.194134 0.229836 
0.310346 0.374854 0.133990 0.180809 
0.307144 0.367628 0.160044 0.165184 
0.161887 0.387626 0.222267 0.228221 
0.202082 0.391204 0.219187 0.187527 
0.288716 0.370970 0.154421 0.185892 
0.146280 0.361607 0.333114 0.158999 
0.181040 0.349867 0.357776 0.111317 
0.128144 0.338966 0.372538 0.160352 
0.152256 0.288534 0.388780 0.170430 
0.142761 0.319056 0.392646 0.145537 
0.213739 0.251373 0.376822 0.158066 
0.240223 0.202546 0.377686 0.179545 
0.197549 0.203225 0.391079 0.208146 
0.234773 0.240609 0.303095 0.221524 
0.221920 0.239581 0.304441 0.234059 
0.239750 0.236047 0.284229 0.239974 
0.207883 0.230024 0.349164 0.212928 
0.336638 0.175342 0.309957 0.178064 
0.325367 0.209148 0.263830 0.201655 
0.245987 0.255802 0.246752 0.251459 
0.240117 0.248011 0.257077 0.254795 
0.239543 0.247263 0.269170 0.244025 
0.224081 0.262217 0.268097 0.245605 
0.225611 0.239376 0.297122 0.237892 
0.240635 0.274881 0.271184 0.213300 
0.260423 0.198917 0.337988 0.202672 
0.201475 0.317606 0.328457 0.152462 
0.184341 0.338114 0.316207 0.161339 
0.203359 0.328996 0.251587 0.216058 
0.254374 0.350023 0.200150 0.195453 
0.279748 0.304708 0.209165 0.206379 
0.207493 0.373759 0.213845 0.204903 
0.253006 0.248063 0.249962 0.248969 
0.301878 0.227541 0.239451 0.231130 
0.287954 0.234325 0.251853 0.225868 
0.247020 0.244848 0.265878 0.242253 
0.276082 0.213619 0.300797 0.209502 
0.278936 0.236723 0.282092 0.202249 
0.215477 0.385191 0.213639 0.185693 
0.213276 0.389630 0.225269 0.171825 
0.176570 0.405953 0.249382 0.168094 
0.305641 0.355815 0.171921 0.166624 
0.330864 0.219733 0.227459 0.221944 
0.333077 0.230763 0.238004 0.198156 
0.331500 0.281498 0.201274 0.185727 
0.246575 0.244559 0.255516 0.253350 
0.250290 0.247014 0.261893 0.240802 
0.237314 0.275262 0.242265 0.245159 
0.290013 0.331400 0.203103 0.175484 
0.333266 0.265927 0.206966 0.193841 
0.359485 0.218060 0.220396 0.202059 
0.363713 0.333885 0.199684 0.102718 
0.340942 0.372143 0.181635 0.105280 
0.195345 0.397908 0.267948 0.138799 
0.139371 0.397873 0.307946 0.154809 
0.306668 0.411298 0.215629 0.066405 
0.253424 0.373028 0.338422 0.035126 
0.145329 0.336006 0.356132 0.162533 
0.264672 0.231158 0.333322 0.170848 
0.177907 0.379142 0.260800 0.182152 
0.202882 0.385886 0.205975 0.205257 
0.253819 0.371124 0.188546 0.186512 
0.229108 0.293369 0.249207 0.228316 
0.231876 0.239603 0.305104 0.223416 
0.265176 0.242487 0.280919 0.211419 
0.274992 0.224492 0.338444 0.162072 
0.309909 0.266519 0.240682 0.182890 
0.246515 0.252511 0.271041 0.229933 
0.230368 0.218691 0.362800 0.188142 
0.267638 0.291404 0.342537 0.098420 
0.176697 0.315626 0.343827 0.163850 
0.234993 0.212928 0.341056 0.211023 
0.220594 0.250802 0.346098 0.182506 
0.228333 0.317850 0.313624 0.140193 
0.263087 0.346696 0.208669 0.181548 
0.308835 0.314194 0.202730 0.174241 
0.323679 0.179591 0.317191 0.179539 
0.283971 0.268957 0.331079 0.115994 
0.173438 0.311255 0.347019 0.168288 
0.225326 0.232974 0.333237 0.208463 
0.310535 0.222878 0.240016 0.226571 
0.331424 0.272505 0.199789 0.196282 
0.322746 0.350118 0.164391 0.162744 
0.259643 0.388683 0.175581 0.176093 
0.355508 0.259369 0.195395 0.189728 
0.325667 0.292032 0.211785 0.170516 
0.239442 0.341299 0.219849 0.199410 
0.280531 0.250972 0.231635 0.236862 
0.209810 0.298672 0.303680 0.187838 
0.212952 0.297421 0.334229 0.155399 
0.285140 0.198480 0.333142 0.183238 
0.258028 0.194251 0.343143 0.204578 
0.281891 0.214665 0.321584 0.181860 
0.342080 0.230218 0.216693 0.211010 
0.339474 0.210222 0.226471 0.223832 
0.346523 0.239840 0.175040 0.238597 
0.234748 0.223592 0.239000 0.302660 
0.227847 0.227987 0.239017 0.305149 
0.231083 0.235483 0.237609 0.295825 
0.249661 0.259080 0.225979 0.265279 
0.192173 0.279895 0.238601 0.289331 
0.348955 0.180257 0.183281 0.287507 
0.283539 0.175951 0.243562 0.296948 
0.245655 0.228928 0.203979 0.321439 
0.095935 0.313408 0.305504 0.285153 
0.187169 0.307162 0.227998 0.277671 
0.227733 0.177979 0.312652 0.281637 
0.170437 0.219844 0.337194 0.272526 
0.371995 0.162377 0.293251 0.172376 
0.378682 0.113169 0.281728 0.226421 
0.350346 0.170704 0.265862 0.213087 
0.214512 0.244493 0.294143 0.246852 
0.312879 0.263512 0.277515 0.146093 
0.322990 0.288429 0.237930 0.150651 
0.389140 0.161090 0.268768 0.181002 
0.324439 0.232235 0.255100 0.188226 
0.221363 0.208094 0.320669 0.249875 
0.264980 0.215876 0.261701 0.257442 
0.322820 0.113294 0.327745 0.236141 
0.290281 0.100384 0.329769 0.279566 
0.246883 0.212668 0.325977 0.214473 
0.341211 0.082011 0.323480 0.253298 
0.348105 0.103388 0.286845 0.261662 
0.356735 0.107361 0.317572 0.218331 
0.365790 0.268554 0.304166 0.061490 
0.368543 0.149254 0.336107 0.146097 
0.385347 0.129452 0.346700 0.138501 
0.398228 0.127080 0.347671 0.127021 
0.378234 0.190860 0.343430 0.087476 
0.373724 0.148223 0.349586 0.128467 
0.390149 0.176366 0.347436 0.086050 
0.389776 0.159196 0.354986 0.096042 
0.393184 0.109999 0.357015 0.139802 
0.390732 0.102885 0.350876 0.155507 
0.381049 0.221492 0.343160 0.054300 
0.367749 0.187992 0.343381 0.100878 
0.369993 0.247984 0.320522 0.061500 
0.387815 0.150593 0.303237 0.158355 
0.390326 0.136574 0.320551 0.152548 
0.390529 0.159994 0.329029 0.120448 
0.389230 0.309641 0.286737 0.014391 
0.400020 0.098016 0.310010 0.191954 
0.407410 0.111863 0.302682 0.178045 
0.401982 0.134297 0.311069 0.152651 
0.405860 0.140731 0.310573 0.142837 
0.392530 0.195332 0.293012 0.119126 
0.385018 0.339251 0.211091 0.064639 
0.381117 0.051179 0.311434 0.256270 
0.394887 0.098611 0.282935 0.223567 
0.398169 0.109511 0.303006 0.189314 
0.389904 0.040142 0.276583 0.293371 
0.393384 0.068913 0.291318 0.246386 
0.382205 0.066346 0.303090 0.248359 
0.393706 0.098474 0.300060 0.207760 
0.393367 0.130059 0.311579 0.164995 
0.399517 0.076359 0.299726 0.224398 
0.400293 0.084599 0.306531 0.208577 
0.401897 0.099204 0.289483 0.209416 
0.399992 0.146183 0.297853 0.155972 
0.380665 0.095054 0.295590 0.228691 
0.381513 0.128330 0.231941 0.258216 
0.384920 0.058054 0.272295 0.284731 
0.381359 0.134556 0.296510 0.187575 
0.380811 0.155517 0.260878 0.202794 
0.389649 0.174664 0.182013 0.253674 
0.394862 0.180681 0.245420 0.179037 
0.374678 0.114852 0.239823 0.270647 
0.352535 0.115856 0.247914 0.283695 
0.284258 0.243973 0.162067 0.309702 
0.342951 0.202028 0.151176 0.303846 
0.377114 0.224983 0.188559 0.209344 
0.335665 0.319161 0.178202 0.166971 
0.224811 0.353690 0.223482 0.198016 
0.201242 0.362315 0.217898 0.218545 
0.214146 0.309361 0.223586 0.252908 
0.228238 0.314165 0.221980 0.235618 
0.226252 0.336904 0.204050 0.232793 
0.304413 0.362734 0.140152 0.192702 
0.328018 0.290350 0.190778 0.190854 
0.319983 0.346123 0.154188 0.179707 
0.352480 0.337270 0.167494 0.142756 
0.262007 0.269897 0.234077 0.234019 
0.330522 0.350442 0.070175 0.248861 
0.247627 0.368402 0.091864 0.292107 
0.294375 0.331582 0.116211 0.257832 
0.146150 0.359484 0.185819 0.308547 
0.165994 0.388733 0.151132 0.294142 
0.191978 0.380863 0.146531 0.280628 
0.283289 0.368323 0.080592 0.267796 
0.327355 0.277815 0.124383 0.270446 
0.210297 0.345443 0.076512 0.367748 
0.231981 0.322811 0.082287 0.362920 
0.309133 0.322885 0.005908 0.362074 
0.275253 0.323913 0.035578 0.365255 
0.171337 0.276387 0.152639 0.399637 
0.238137 0.277564 0.097199 0.387100 
0.102576 0.339821 0.171827 0.385776 
0.074246 0.412959 0.099500 0.413295 
0.103970 0.419926 0.082334 0.393769 
0.040002 0.359573 0.110588 0.489837 
0.014679 0.339974 0.154862 0.490485 
0.006039 0.401966 0.087700 0.504295 
0.014836 0.391679 0.181613 0.411872 
0.028756 0.415920 0.155338 0.399985 
0.013219 0.394158 0.130744 0.461880 
0.014809 0.403738 0.161990 0.419463 
0.013881 0.421973 0.171140 0.393006 
0.066955 0.408119 0.048422 0.476504 
0.108413 0.437425 0.012088 0.442074 
0.016881 0.413105 0.102423 0.467591 
0.108305 0.427751 0.016592 0.447351 
0.021945 0.377191 0.110307 0.490557 
0.016388 0.337220 0.092140 0.554252 
0.012141 0.380340 0.075826 0.531693 
0.029113 0.370335 0.060696 0.539855 
0.019351 0.445285 0.045974 0.489391 
0.042176 0.422239 0.079820 0.455765 
0.128021 0.423121 0.001861 0.446997 
0.038420 0.449189 0.061923 0.450468 
0.047275 0.402868 0.152329 0.397528 
0.051805 0.410026 0.207339 0.330829 
0.060493 0.370635 0.240128 0.328744 
0.031799 0.360553 0.286771 0.320877 
0.031138 0.398361 0.246927 0.323574 
0.119646 0.410060 0.295546 0.174749 
0.184080 0.298130 0.327963 0.189827 
0.097960 0.341147 0.339696 0.221198 
0.145272 0.194250 0.345571 0.314907 
0.217672 0.162691 0.353267 0.266370 
0.152168 0.156284 0.347534 0.344014 
0.251449 0.088317 0.356710 0.303524 
0.273063 0.213808 0.356775 0.156353 
0.282440 0.200346 0.363702 0.153513 
0.187333 0.168471 0.365745 0.278451 
0.180067 0.148921 0.362369 0.308643 
0.181324 0.173330 0.363849 0.281497 
0.244475 0.213656 0.365171 0.176699 
0.246105 0.167696 0.358032 0.228167 
0.185161 0.331733 0.340702 0.142404 
0.155537 0.286384 0.346570 0.211510 
0.192286 0.342158 0.344304 0.121252 
0.222144 0.207877 0.365365 0.204613 
0.280250 0.198147 0.361552 0.160052 
0.287737 0.094315 0.347879 0.270069 
0.264996 0.159454 0.343380 0.232170 
0.179737 0.309918 0.335604 0.174741 
0.290652 0.296081 0.317400 0.095867 
0.325292 0.200953 0.333399 0.140356 
0.230687 0.226188 0.328155 0.214970 
0.240376 0.224748 0.329926 0.204950 
0.171171 0.317515 0.319393 0.191920 
0.199560 0.220897 0.338710 0.240833 
0.219585 0.215390 0.343457 0.221568 
0.221048 0.216342 0.325614 0.236996 
0.209990 0.202600 0.303314 0.284096 
0.208401 0.198631 0.306394 0.286574 
0.212142 0.182003 0.290754 0.315101 
0.152494 0.219917 0.318563 0.309025 
0.217179 0.138895 0.336484 0.307443 
0.093872 0.356437 0.320172 0.229519 
0.075082 0.268147 0.334256 0.322515 
0.175333 0.159872 0.332494 0.332302 
0.115057 0.212556 0.342232 0.330156 
0.158257 0.166822 0.345364 0.329556 
0.166828 0.150887 0.323341 0.358944 
0.139384 0.175715 0.343570 0.341331 
0.136219 0.168720 0.323615 0.371446 
0.089904 0.235006 0.292588 0.382502 
0.121672 0.304289 0.188059 0.385980 
0.162560 0.255132 0.211974 0.370334 
0.049356 0.385607 0.250619 0.314419 
0.066485 0.351600 0.304111 0.277804 
0.175614 0.166357 0.330834 0.327195 
0.227693 0.118462 0.335502 0.318343 
0.122195 0.251076 0.292016 0.334714 
0.052452 0.321307 0.299432 0.326809 
0.033636 0.295805 0.309788 0.360771 
0.010603 0.327269 0.308395 0.353733 
0.016181 0.354298 0.292467 0.337054 
0.009974 0.382835 0.311615 0.295576 
0.014893 0.372257 0.320708 0.292141 
0.153005 0.313641 0.342209 0.191146 
0.247684 0.193733 0.363929 0.194653 
0.204993 0.219008 0.366970 0.209029 
0.154184 0.187932 0.354055 0.303830 
0.176405 0.153077 0.324821 0.345697 
0.167229 0.108626 0.310170 0.413975 
0.174719 0.119665 0.307854 0.397761 
0.127428 0.170496 0.295267 0.406809 
0.027659 0.345729 0.262629 0.363983 
0.028678 0.336302 0.279032 0.355987 
0.125287 0.320108 0.242592 0.312013 
0.157009 0.221262 0.250853 0.370877 
0.192382 0.284450 0.259672 0.263496 
0.163559 0.263664 0.278242 0.294535 
0.209196 0.229891 0.268597 0.292316 
0.228482 0.287044 0.241563 0.242911 
0.252970 0.192213 0.245144 0.309673 
0.241559 0.292085 0.259051 0.207305 
0.337077 0.203765 0.241071 0.218086 
0.321090 0.117051 0.241961 0.319897 
0.300783 0.177718 0.208131 0.313368 
0.215351 0.338614 0.141791 0.304243 
0.157176 0.360410 0.226742 0.255673 
0.199414 0.342961 0.206644 0.250981 
0.164645 0.361040 0.213834 0.260480 
0.164645 0.367088 0.201509 0.266758 
0.236492 0.354618 0.221061 0.187830 
0.225772 0.329701 0.187071 0.257456 
0.226837 0.286200 0.259521 0.227441 
0.214439 0.339661 0.231028 0.214872 
0.171206 0.338903 0.218279 0.271612 
0.249792 0.237012 0.244146 0.269050 
0.242238 0.227383 0.238942 0.291437 
0.249195 0.173796 0.207627 0.369383 
0.224504 0.226480 0.226869 0.322147 
0.169193 0.297917 0.192703 0.340186 
0.210825 0.344334 0.233446 0.211396 
0.191516 0.346766 0.225950 0.235769 
0.199141 0.212431 0.262227 0.326201 
0.204565 0.194621 0.250229 0.350585 
0.123830 0.315508 0.192377 0.368286 
0.132389 0.337971 0.157179 0.372461 
0.137221 0.366422 0.130365 0.365991 
0.130289 0.326530 0.159415 0.383767 
0.149941 0.319876 0.138921 0.391261 
0.198813 0.201315 0.212590 0.387282 
0.178443 0.222466 0.208315 0.390776 
0.199961 0.195303 0.201624 0.403112 
0.185990 0.239345 0.175177 0.399488 
0.195468 0.184307 0.230419 0.389807 
0.116013 0.234003 0.257820 0.392165 
0.133075 0.206374 0.277978 0.382573 
0.177869 0.170955 0.268677 0.382499 
0.177809 0.222622 0.224626 0.374944 
0.171164 0.215178 0.264482 0.349176 
0.156158 0.190156 0.324591 0.329095 
0.203377 0.211694 0.332943 0.251986 
0.212986 0.239177 0.322951 0.224885 
0.199176 0.224762 0.323852 0.252210 
0.205110 0.207801 0.260302 0.326786 
0.138985 0.295705 0.240552 0.324757 
0.152774 0.314067 0.203491 0.329668 
0.229343 0.229518 0.228960 0.312179 
0.219087 0.210548 0.209730 0.360635 
0.205724 0.203312 0.216956 0.374008 
0.200276 0.200055 0.223479 0.376189 
0.177774 0.186066 0.244492 0.391668 
0.141535 0.161300 0.295961 0.401205 
0.104213 0.169933 0.328903 0.396951 
0.147261 0.189384 0.253565 0.409790 
0.196136 0.188048 0.204411 0.411405 
0.222600 0.203546 0.161069 0.412785 
0.225346 0.192593 0.169066 0.412996 
0.232406 0.205811 0.149455 0.412327 
0.178237 0.141666 0.267509 0.412588 
0.068280 0.271698 0.248505 0.411517 
0.038932 0.333672 0.216298 0.411098 
0.045882 0.348436 0.195619 0.410063 
0.083780 0.362434 0.145535 0.408252 
0.143565 0.346968 0.101184 0.408284 
0.109823 0.315942 0.166272 0.407963 
0.154622 0.284557 0.149012 0.411808 
0.194519 0.211359 0.182466 0.411656 
0.206549 0.163146 0.220900 0.409404 
0.203729 0.173483 0.212535 0.410254 
0.126634 0.237032 0.228363 0.407970 
0.066135 0.254314 0.282920 0.396631 
0.102394 0.228878 0.276101 0.392627 
0.175470 0.209006 0.242908 0.372616 
0.270039 0.067014 0.317555 0.345392 
0.224863 0.108535 0.318603 0.348000 
0.266190 0.067700 0.324993 0.341117 
0.244418 0.066584 0.337553 0.351445 
0.070577 0.299416 0.299603 0.330404 
0.093628 0.361201 0.214751 0.330419 
0.132317 0.379937 0.142398 0.345348 
0.080799 0.256075 0.299921 0.363204 
0.213161 0.113895 0.342797 0.330147 
0.062446 0.292128 0.344416 0.301010 
0.038495 0.363542 0.298555 0.299407 
0.146111 0.377970 0.240993 0.234926 
0.278611 0.292137 0.286002 0.143251 
0.253168 0.158714 0.324734 0.263385 
0.283357 0.144086 0.344218 0.228339 
0.261236 0.133938 0.262873 0.341953 
0.244960 0.313035 0.296730 0.145276 
0.137531 0.305985 0.328787 0.227696 
0.141800 0.341615 0.347438 0.169147 
0.193036 0.340437 0.361455 0.105072 
0.125060 0.340906 0.358080 0.175954 
0.211896 0.339687 0.368359 0.080058 
0.155797 0.354338 0.378479 0.111387 
0.174479 0.332473 0.380174 0.112874 
0.059207 0.347556 0.368028 0.225209 
0.066157 0.341012 0.368164 0.224667 
0.046588 0.291760 0.358974 0.302679 
0.082595 0.354206 0.338524 0.224676 
0.136764 0.364186 0.339092 0.159957 
0.151563 0.372043 0.338787 0.137608 
0.108777 0.370278 0.338900 0.182045 
0.147873 0.374987 0.329968 0.147173 
0.046883 0.337672 0.320325 0.295120 
0.014732 0.322764 0.320208 0.342297 
0.014065 0.339712 0.343377 0.302847 
0.001984 0.306816 0.331086 0.360114 
0.011633 0.276119 0.325767 0.386481 
0.074906 0.215808 0.305249 0.404037 
0.171759 0.234559 0.182035 0.411647 
0.247745 0.178856 0.163517 0.409881 
0.175164 0.278587 0.139305 0.406945 
0.171465 0.141687 0.280576 0.406271 
0.093395 0.326055 0.173027 0.407523 
0.126797 0.309392 0.154274 0.409537 
0.139295 0.310662 0.138515 0.411528 
0.163640 0.234250 0.189650 0.412461 
0.193683 0.179182 0.215584 0.411551 
0.209646 0.187186 0.198182 0.404987 
0.193287 0.182243 0.216760 0.407710 
0.208912 0.199678 0.190172 0.401237 
0.218430 0.186711 0.188418 0.406441 
0.220937 0.188332 0.183898 0.406833 
0.227461 0.188692 0.182653 0.401194 
0.237981 0.178887 0.184887 0.398245 
0.217920 0.109896 0.289619 0.382564 
0.217928 0.098548 0.313983 0.369541 
0.267449 0.173613 0.174527 0.384410 
0.267576 0.176603 0.176356 0.379465 
0.205879 0.184581 0.216691 0.392849 
0.224032 0.131768 0.236864 0.407337 
0.154997 0.188844 0.245671 0.410488 
0.188733 0.297414 0.107840 0.406012 
0.206761 0.248212 0.135149 0.409878 
0.199343 0.222375 0.167148 0.411134 
0.188364 0.239326 0.161171 0.411138 
0.126054 0.330519 0.134987 0.408439 
0.080392 0.313833 0.197316 0.408459 
0.133387 0.299762 0.160174 0.406677 
0.008350 0.319270 0.278996 0.393383 
0.076946 0.179147 0.346016 0.397891 
0.076063 0.159542 0.359075 0.405319 
0.097890 0.135290 0.357363 0.409456 
0.158365 0.078754 0.350443 0.412438 
0.167467 0.081784 0.338049 0.412699 
0.188350 0.163164 0.235977 0.412509 
0.220326 0.183082 0.184355 0.412237 
0.209034 0.185224 0.193202 0.412540 
0.215894 0.184685 0.186352 0.413069 
0.221918 0.182836 0.182169 0.413077 
0.196614 0.134858 0.255767 0.412761 
0.197664 0.234023 0.155767 0.412545 
0.128290 0.236662 0.223064 0.411984 
0.222216 0.239802 0.125242 0.412740 
0.212176 0.221722 0.153326 0.412776 
0.134251 0.269239 0.184190 0.412320 
0.115817 0.323305 0.148892 0.411986 
0.184364 0.283477 0.119537 0.412622 
0.226280 0.282349 0.079480 0.411890 
0.199967 0.194191 0.193223 0.412618 
0.219100 0.184552 0.185456 0.410892 
0.177714 0.185178 0.225869 0.411239 
0.233016 0.188287 0.168012 0.410685 
0.227587 0.168910 0.192600 0.410902 
0.191916 0.153740 0.246491 0.407853 
0.244543 0.230608 0.140573 0.384276 
0.248688 0.202202 0.163164 0.385946 
0.230255 0.238507 0.163186 0.368052 
0.238222 0.172964 0.288248 0.300565 
0.285601 0.209002 0.338464 0.166932 
0.291534 0.255860 0.265841 0.186765 
0.284819 0.250281 0.226593 0.238307 
0.146386 0.195438 0.312493 0.345682 
0.139104 0.264265 0.254204 0.342427 
0.107307 0.212395 0.322078 0.358220 
0.176019 0.200683 0.216203 0.407095 
0.196173 0.193845 0.196350 0.413632 
0.189166 0.209459 0.187962 0.413413 
0.179216 0.186157 0.220968 0.413659 
0.195978 0.195015 0.195495 0.413512 
0.191753 0.200806 0.193776 0.413665 
0.179810 0.187546 0.245436 0.387208 
0.144512 0.172275 0.273083 0.410130 
0.141974 0.231193 0.221174 0.405659 
0.185868 0.241434 0.187112 0.385586 
0.200327 0.213341 0.208730 0.377602 
0.191864 0.191351 0.240507 0.376279 
0.155783 0.184722 0.257217 0.402278 
0.129074 0.206228 0.272634 0.392064 
0.157046 0.146330 0.283958 0.412667 
0.203512 0.204986 0.214350 0.377153 
0.147979 0.254160 0.226152 0.371709 
0.113522 0.191479 0.327465 0.367534 
0.105193 0.224601 0.324412 0.345795 
0.135245 0.240663 0.346435 0.277656 
0.200830 0.328916 0.252970 0.217284 
0.205857 0.272516 0.311034 0.210594 
0.217979 0.264134 0.283000 0.234888 
0.212062 0.312577 0.263897 0.211465 
0.212129 0.242952 0.292953 0.251966 
0.216097 0.211159 0.261373 0.311371 
0.263042 0.232144 0.262600 0.242215 
0.243083 0.157874 0.296651 0.302393 
0.241487 0.232670 0.206686 0.319156 
0.245329 0.164769 0.231972 0.357929 
0.239535 0.158203 0.230470 0.371791 
0.229207 0.197091 0.206474 0.367228 
0.189584 0.267460 0.172455 0.370501 
0.175649 0.200834 0.250557 0.372960 
0.267881 0.178766 0.177758 0.375595 
0.254335 0.184991 0.199707 0.360967 
0.262393 0.168635 0.226768 0.342204 
0.217661 0.124164 0.303530 0.354644 
0.226847 0.112831 0.362089 0.298232 
0.223515 0.119372 0.408332 0.248782 
0.252532 0.164576 0.412796 0.170096 
0.256117 0.205176 0.413266 0.125441 
0.231990 0.133586 0.392620 0.241804 
0.252428 0.107103 0.377235 0.263234 
0.164328 0.073241 0.403422 0.359008 
0.195474 0.080221 0.393093 0.331212 
0.187135 0.089621 0.390504 0.332740 
0.159340 0.127903 0.399185 0.313572 
0.218914 0.068327 0.394874 0.317885 
0.170402 0.115801 0.365487 0.348310 
0.321520 0.075535 0.353070 0.249875 
0.272078 0.046596 0.402535 0.278792 
0.313731 0.228867 0.236901 0.220501 
0.334062 0.153484 0.298509 0.213945 
0.167467 0.193839 0.321218 0.317476 
0.171726 0.127527 0.355504 0.345243 
0.234985 0.231244 0.325560 0.208211 
0.324718 0.217438 0.211612 0.246232 
0.273335 0.219995 0.293554 0.213116 
0.277469 0.219899 0.293755 0.208877 
0.290974 0.177411 0.329430 0.202185 
0.271639 0.217437 0.271173 0.239751 
0.335365 0.186343 0.287140 0.191152 
0.259109 0.206627 0.328019 0.206245 
0.262125 0.219336 0.297007 0.221533 
0.298171 0.183676 0.259870 0.258283 
0.317207 0.192546 0.192040 0.298207 
0.306131 0.194051 0.230446 0.269372 
0.270153 0.208686 0.275503 0.245657 
0.191680 0.170469 0.297984 0.339867 
0.198418 0.145304 0.289476 0.366802 
0.155218 0.167435 0.289091 0.388256 
0.198864 0.213076 0.201453 0.386606 
0.186432 0.186656 0.260814 0.366098 
0.211226 0.174630 0.253165 0.360979 
0.136875 0.145917 0.352222 0.364985 
0.143206 0.144339 0.361038 0.351417 
0.142205 0.149287 0.368333 0.340175 
0.166519 0.178816 0.354121 0.300544 
0.168949 0.170427 0.301447 0.359177 
0.210186 0.117280 0.300888 0.371645 
0.241818 0.126681 0.261740 0.369762 
0.223191 0.118797 0.311772 0.346240 
0.222381 0.156768 0.246673 0.374178 
0.216970 0.143144 0.273072 0.366814 
0.162719 0.136121 0.332293 0.368867 
0.176072 0.158037 0.288426 0.377465 
0.161419 0.156860 0.296155 0.385566 
0.134196 0.160796 0.327500 0.377508 
0.144412 0.150919 0.330279 0.374391 
0.146188 0.137076 0.340006 0.376731 
0.182411 0.127552 0.297163 0.392873 
0.247928 0.142268 0.219745 0.390058 
0.168425 0.152759 0.292540 0.386275 
0.184405 0.130480 0.310063 0.375052 
0.134203 0.127349 0.349844 0.388604 
0.128959 0.126850 0.365573 0.378618 
0.148933 0.152784 0.332896 0.365387 
0.264897 0.173234 0.199905 0.361964 
0.229000 0.113171 0.312302 0.345527 
0.314933 0.063301 0.250331 0.371435 
0.274097 0.030150 0.324609 0.371143 
0.254392 0.033088 0.349491 0.363029 
0.142816 0.126394 0.373479 0.357312 
0.143100 0.157620 0.335847 0.363433 
0.154553 0.155465 0.318427 0.371555 
0.171068 0.166309 0.309638 0.352986 
0.253390 0.107555 0.304709 0.334345 
0.292656 0.188093 0.321539 0.197712 
0.336587 0.188983 0.207639 0.266791 
0.177716 0.137553 0.330249 0.354482 
0.192856 0.200497 0.245054 0.361592 
0.223516 0.224703 0.222655 0.329126 
0.304721 0.215339 0.254311 0.225629 
0.290126 0.190496 0.204211 0.315166 
0.246443 0.223331 0.276550 0.253676 
0.208191 0.139999 0.344556 0.307254 
0.173036 0.126176 0.369397 0.331390 
0.266913 0.151900 0.302358 0.278828 
0.282244 0.165750 0.287492 0.264514 
0.264133 0.250504 0.220162 0.265201 
0.265080 0.220325 0.225769 0.288826 
0.288885 0.206131 0.321932 0.183052 
0.318487 0.224147 0.223113 0.234253 
0.303300 0.258431 0.186817 0.251452 
0.347430 0.246981 0.180790 0.224799 
0.340417 0.207750 0.252965 0.198868 
0.275000 0.221338 0.334576 0.169085 
0.229832 0.233447 0.295642 0.241079 
0.237658 0.276730 0.250924 0.234688 
0.219106 0.245394 0.324364 0.211136 
0.215557 0.243485 0.305963 0.234995 
0.196410 0.283023 0.219580 0.300986 
0.227549 0.286141 0.235456 0.250854 
0.224522 0.302588 0.269224 0.203666 
0.183189 0.275253 0.312807 0.228751 
0.169026 0.247369 0.243832 0.339772 
0.226456 0.254130 0.180148 0.339267 
0.248815 0.244917 0.175267 0.331001 
0.277950 0.309799 0.112425 0.299825 
0.277619 0.319512 0.153147 0.249722 
0.275260 0.319005 0.183012 0.222724 
0.290486 0.327364 0.174195 0.207955 
0.288298 0.301991 0.148764 0.260947 
0.133279 0.252298 0.303195 0.311228 
