0.462254 0.184495 0.176640 0.176611 
0.641019 0.122484 0.117813 0.118684 
0.650032 0.114932 0.096943 0.138092 
0.393647 0.322900 0.139541 0.143912 
0.175928 0.592045 0.120601 0.111427 
0.050089 0.219898 0.051190 0.678823 
0.004644 0.014375 0.004185 0.976796 
0.000913 0.001463 0.000963 0.996661 
0.000000 0.000000 0.000000 1.000000 
0.000000 0.000000 0.000000 1.000000 
0.000000 0.000000 0.000000 1.000000 
0.000000 0.000000 0.000000 1.000000 
0.000000 0.000000 0.000000 1.000000 
0.000000 0.000000 0.000000 1.000000 
0.000000 0.000000 0.000000 1.000000 
0.000000 0.000000 0.000000 1.000000 
0.000000 0.000000 0.000000 1.000000 
0.000000 0.000000 0.000000 1.000000 
0.000000 0.000000 0.000000 1.000000 
0.000000 0.000000 0.000000 1.000000 
0.000000 0.000000 0.000000 1.000000 
0.000000 0.000000 0.000000 1.000000 
0.000000 0.000000 0.000000 1.000000 
0.000000 0.000000 0.000000 1.000000 
0.000000 0.000000 0.000000 1.000000 
0.000000 0.000000 0.000000 1.000000 
0.000000 0.000000 0.000000 1.000000 
0.000000 0.000000 0.000000 1.000000 
0.000000 0.000000 0.000000 1.000000 
0.000001 0.000000 0.000000 0.999999 
0.000000 0.000000 0.000000 1.000000 
0.000001 0.000000 0.000000 0.999999 
0.000000 0.000000 0.000000 1.000000 
0.000000 0.000000 0.000000 1.000000 
0.000000 0.000000 0.000000 1.000000 
0.000001 0.000000 0.000000 0.999999 
0.000000 0.000000 0.000000 1.000000 
0.000000 0.000000 0.000000 1.000000 
0.000000 0.000000 0.000000 1.000000 
0.000000 0.000000 0.000000 1.000000 
0.000025 0.000000 0.000000 0.999975 
0.000019 0.000000 0.000000 0.999981 
0.000307 0.000000 0.000000 0.999693 
0.000050 0.000000 0.000000 0.999950 
0.000323 0.000000 0.000000 0.999677 
0.000034 0.000000 0.000000 0.999966 
0.001777 0.000000 0.000000 0.998223 
0.000044 0.000000 0.000000 0.999956 
0.000103 0.000000 0.000000 0.999897 
0.000006 0.000000 0.000000 0.999994 
0.000003 0.000000 0.000000 0.999997 
0.000000 0.000000 0.000000 1.000000 
0.000000 0.000000 0.000000 1.000000 
0.000000 0.000000 0.000000 1.000000 
0.000000 0.000000 0.000000 1.000000 
0.000003 0.000000 0.000000 0.999997 
0.000022 0.000000 0.000000 0.999978 
0.000124 0.000000 0.000000 0.999876 
0.000289 0.000000 0.000000 0.999711 
0.002606 0.000000 0.000000 0.997394 
0.087189 0.000000 0.000000 0.912811 
0.075447 0.000000 0.000000 0.924553 
0.101843 0.000000 0.000000 0.898157 
0.085022 0.000000 0.000000 0.914978 
0.026396 0.000000 0.000000 0.973604 
0.366698 0.000000 0.000000 0.633302 
0.435564 0.000000 0.000000 0.564436 
0.335359 0.000000 0.000000 0.664641 
0.520257 0.000000 0.000000 0.479743 
0.527418 0.000000 0.000000 0.472582 
0.372078 0.000000 0.000000 0.627922 
0.740840 0.000000 0.000000 0.259160 
0.854792 0.000000 0.000000 0.145208 
0.579885 0.000000 0.000000 0.420115 
0.651672 0.000000 0.000000 0.348328 
0.554151 0.000000 0.000000 0.445849 
0.554246 0.000000 0.000000 0.445754 
0.484879 0.000000 0.000000 0.515121 
0.151677 0.000000 0.000000 0.848323 
0.009833 0.000000 0.000000 0.990167 
0.260684 0.000001 0.000000 0.739316 
0.849024 0.000000 0.000000 0.150976 
0.581784 0.000000 0.000000 0.418216 
0.016944 0.000000 0.000000 0.983056 
0.000004 0.000000 0.000000 0.999996 
0.000000 0.000000 0.000000 1.000000 
0.000000 0.000000 0.000000 1.000000 
0.000000 0.000000 0.000000 1.000000 
0.000000 0.000000 0.000000 1.000000 
0.000000 0.000000 0.000000 1.000000 
0.000000 0.000000 0.000000 1.000000 
0.000003 0.000000 0.000000 0.999997 
0.000000 0.000002 0.000001 0.999997 
0.000000 0.000000 0.000000 1.000000 
0.000000 0.000000 0.000000 1.000000 
0.000000 0.000000 0.000000 1.000000 
0.000000 0.000000 0.000000 1.000000 
0.000000 0.000000 0.000000 1.000000 
0.000000 0.000000 0.000000 1.000000 
0.000000 0.000000 0.000000 1.000000 
0.181179 0.000000 0.000000 0.818821 
0.520854 0.000000 0.000000 0.479146 
0.390390 0.000000 0.000000 0.609610 
0.118417 0.000000 0.000000 0.881583 
0.554938 0.000000 0.000000 0.445062 
0.548959 0.000000 0.000000 0.451041 
0.501345 0.000000 0.000000 0.498655 
0.841377 0.000000 0.000000 0.158623 
0.795464 0.000000 0.000000 0.204536 
0.925338 0.000000 0.000000 0.074662 
0.382734 0.000000 0.000000 0.617266 
0.072168 0.000000 0.000000 0.927832 
0.059566 0.000000 0.000000 0.940434 
0.491436 0.000000 0.000000 0.508564 
0.446033 0.000000 0.000000 0.553967 
0.754386 0.000000 0.000000 0.245614 
0.999521 0.000000 0.000000 0.000479 
0.995592 0.000000 0.000000 0.004408 
0.995602 0.000000 0.000000 0.004398 
0.941406 0.000007 0.000056 0.058531 
0.000099 0.018989 0.643660 0.337252 
0.610001 0.000000 0.000000 0.389999 
0.923269 0.000000 0.000000 0.076731 
0.894112 0.000000 0.000000 0.105888 
0.926578 0.000000 0.000000 0.073422 
0.633162 0.000004 0.000082 0.366752 
0.969340 0.000000 0.000000 0.030660 
0.504032 0.000000 0.000000 0.495968 
0.533981 0.000000 0.000000 0.466019 
0.222860 0.000000 0.000000 0.777140 
0.758861 0.000000 0.000000 0.241139 
0.225406 0.000000 0.000000 0.774594 
0.424268 0.000000 0.000000 0.575732 
0.082749 0.000000 0.000000 0.917251 
0.046364 0.000000 0.000000 0.953636 
0.199373 0.000000 0.000000 0.800627 
0.301942 0.000000 0.000000 0.698058 
0.648752 0.000000 0.000000 0.351248 
0.041235 0.000000 0.000000 0.958765 
0.027935 0.000000 0.000000 0.972065 
0.057933 0.000000 0.000000 0.942067 
0.037279 0.000000 0.000000 0.962721 
0.234704 0.000000 0.000000 0.765296 
0.617953 0.000000 0.000000 0.382047 
0.040735 0.000000 0.000000 0.959265 
0.480452 0.000000 0.000000 0.519548 
0.486471 0.000000 0.000000 0.513529 
0.474040 0.000000 0.000000 0.525960 
0.736921 0.000000 0.000000 0.263079 
0.060922 0.000000 0.000000 0.939077 
0.559861 0.000000 0.000000 0.440139 
0.445653 0.000000 0.000000 0.554347 
0.524309 0.000000 0.000000 0.475691 
0.497753 0.000000 0.000000 0.502247 
0.025045 0.000000 0.000000 0.974954 
0.349480 0.000018 0.000000 0.650502 
0.589562 0.000031 0.000000 0.410407 
0.746871 0.000016 0.000000 0.253113 
0.998033 0.000016 0.000000 0.001951 
0.982739 0.000072 0.000000 0.017189 
0.928037 0.000119 0.000000 0.071844 
0.982756 0.000001 0.000000 0.017244 
0.999982 0.000000 0.000000 0.000018 
0.999997 0.000000 0.000000 0.000003 
0.999988 0.000001 0.000000 0.000012 
0.999720 0.000003 0.000000 0.000278 
0.998716 0.000004 0.000000 0.001280 
0.983644 0.000000 0.000000 0.016356 
0.999336 0.000000 0.000000 0.000663 
0.318002 0.000501 0.000002 0.681494 
0.999207 0.000005 0.000000 0.000789 
0.869866 0.000034 0.000000 0.130100 
0.998067 0.000006 0.000000 0.001927 
0.983499 0.000001 0.000000 0.016500 
0.999502 0.000004 0.000000 0.000494 
0.195395 0.000198 0.000000 0.804407 
0.983840 0.000306 0.000000 0.015854 
0.987073 0.000014 0.000000 0.012912 
0.999504 0.000000 0.000000 0.000496 
0.982675 0.000001 0.000000 0.017324 
0.937927 0.000014 0.000000 0.062059 
0.995397 0.000000 0.000000 0.004603 
0.993816 0.000000 0.000000 0.006184 
0.996255 0.000000 0.000000 0.003745 
0.955476 0.000015 0.000000 0.044509 
0.333074 0.000035 0.000000 0.666891 
0.938445 0.000000 0.000000 0.061555 
0.981367 0.000000 0.000000 0.018632 
0.931638 0.000001 0.000000 0.068361 
0.968790 0.000001 0.000000 0.031209 
0.949922 0.000151 0.000000 0.049927 
0.000000 0.012694 0.000001 0.987306 
0.118684 0.000126 0.000000 0.881190 
0.973633 0.000007 0.000000 0.026361 
0.989963 0.000009 0.000000 0.010028 
0.969023 0.000019 0.000000 0.030957 
0.999148 0.000006 0.000000 0.000846 
0.991136 0.000013 0.000000 0.008851 
0.962495 0.000041 0.000000 0.037464 
0.999899 0.000008 0.000000 0.000093 
0.999961 0.000005 0.000000 0.000033 
0.999987 0.000006 0.000000 0.000007 
0.999547 0.000009 0.000000 0.000444 
0.996779 0.000014 0.000000 0.003206 
0.994525 0.000013 0.000000 0.005463 
0.992557 0.000010 0.000000 0.007433 
0.998031 0.000024 0.000000 0.001945 
0.999815 0.000012 0.000000 0.000173 
0.996887 0.000129 0.000000 0.002984 
0.995772 0.000079 0.000000 0.004148 
0.994188 0.000225 0.000000 0.005587 
0.996641 0.000073 0.000000 0.003286 
0.997644 0.000116 0.000000 0.002240 
0.894124 0.001669 0.000000 0.104207 
0.233481 0.015845 0.000000 0.750674 
0.440587 0.009034 0.000000 0.550379 
0.967525 0.003135 0.000000 0.029339 
0.887111 0.019919 0.000000 0.092970 
0.051589 0.034057 0.000000 0.914354 
0.119252 0.002862 0.000000 0.877886 
0.620345 0.000349 0.000000 0.379307 
0.452004 0.000912 0.000000 0.547084 
0.369396 0.002456 0.000000 0.628148 
0.751204 0.004567 0.000000 0.244229 
0.294848 0.009285 0.000000 0.695867 
0.615065 0.004685 0.000000 0.380250 
0.804336 0.005369 0.000000 0.190294 
0.846174 0.009414 0.000000 0.144412 
0.862568 0.025312 0.000000 0.112119 
0.868122 0.014762 0.000000 0.117116 
0.606484 0.013953 0.000000 0.379563 
0.736272 0.014846 0.000000 0.248883 
0.755967 0.012341 0.000000 0.231691 
0.808252 0.020543 0.000000 0.171205 
0.771884 0.034703 0.000000 0.193412 
0.606731 0.034865 0.000000 0.358404 
0.581043 0.064120 0.000000 0.354837 
0.470824 0.039891 0.000000 0.489285 
0.093813 0.032266 0.000000 0.873922 
0.408689 0.028188 0.000000 0.563123 
0.469004 0.014580 0.000000 0.516415 
0.607960 0.037389 0.000000 0.354652 
0.616399 0.042251 0.000000 0.341350 
0.358408 0.029795 0.000000 0.611797 
0.741739 0.047562 0.000000 0.210698 
0.285100 0.168472 0.000000 0.546427 
0.765696 0.103042 0.000000 0.131262 
0.648395 0.114955 0.000000 0.236650 
0.502786 0.063868 0.000000 0.433345 
0.016187 0.144094 0.000000 0.839719 
0.009869 0.174706 0.000000 0.815424 
0.179765 0.273194 0.000000 0.547041 
0.002929 0.582613 0.000000 0.414459 
0.003465 0.317573 0.000000 0.678962 
0.333288 0.270116 0.000000 0.396596 
0.520123 0.259244 0.000000 0.220634 
0.402463 0.255888 0.000000 0.341648 
0.319060 0.111841 0.000000 0.569099 
0.391365 0.077256 0.000000 0.531379 
0.473030 0.058281 0.000000 0.468689 
0.213803 0.091812 0.000000 0.694385 
0.008011 0.107153 0.000000 0.884836 
0.480946 0.070668 0.000000 0.448386 
0.480158 0.092173 0.000000 0.427669 
0.083159 0.260520 0.000000 0.656321 
0.341174 0.179905 0.000000 0.478921 
0.457627 0.362732 0.000000 0.179641 
0.516567 0.239500 0.000000 0.243933 
0.738199 0.227286 0.000000 0.034516 
0.907812 0.087627 0.000000 0.004561 
0.476953 0.456426 0.000000 0.066621 
0.571550 0.181957 0.000000 0.246493 
0.351481 0.262835 0.000000 0.385684 
0.494895 0.185493 0.000000 0.319612 
0.533943 0.178362 0.000000 0.287695 
0.157487 0.342975 0.000000 0.499538 
0.431692 0.191398 0.000000 0.376910 
0.404376 0.216746 0.000000 0.378877 
0.407343 0.210157 0.000000 0.382500 
0.115816 0.381805 0.000000 0.502379 
0.362844 0.253955 0.000000 0.383201 
0.241392 0.285265 0.000000 0.473343 
0.182635 0.676022 0.000000 0.141343 
0.510589 0.456230 0.000000 0.033181 
0.337341 0.649093 0.000000 0.013566 
0.485149 0.429348 0.000000 0.085502 
0.450680 0.543062 0.000000 0.006258 
0.452543 0.537467 0.000000 0.009990 
0.067396 0.845477 0.000000 0.087127 
0.447387 0.487064 0.000000 0.065549 
0.117208 0.723556 0.000000 0.159236 
0.315363 0.497765 0.000000 0.186872 
0.419875 0.408326 0.000000 0.171799 
0.313799 0.433388 0.000000 0.252813 
0.003022 0.695618 0.000000 0.301360 
0.000926 0.608235 0.000000 0.390839 
0.137795 0.484807 0.000000 0.377398 
0.289920 0.411061 0.000000 0.299018 
0.347305 0.340655 0.000001 0.312039 
0.278708 0.512890 0.000000 0.208402 
0.394885 0.573891 0.000000 0.031224 
0.195461 0.746584 0.000000 0.057954 
0.159867 0.649885 0.000016 0.190231 
0.009291 0.701599 0.000043 0.289067 
0.004862 0.841832 0.000002 0.153304 
0.000097 0.609590 0.000101 0.390212 
0.000086 0.680757 0.071815 0.247342 
0.000009 0.691579 0.040440 0.267971 
0.000164 0.811600 0.006116 0.182121 
0.000386 0.624346 0.238156 0.137111 
0.005060 0.524120 0.170734 0.300087 
0.006115 0.692171 0.064821 0.236894 
0.002347 0.441125 0.114191 0.442337 
0.179756 0.495524 0.011262 0.313458 
0.071943 0.641100 0.010362 0.276595 
0.062397 0.605146 0.014856 0.317600 
0.049252 0.504013 0.319727 0.127008 
0.322166 0.538264 0.032979 0.106591 
0.312423 0.325286 0.257787 0.104504 
0.279464 0.377850 0.046116 0.296571 
0.293516 0.420427 0.003602 0.282455 
0.217086 0.481071 0.112826 0.189017 
0.361673 0.362720 0.045276 0.230331 
0.284564 0.302215 0.237827 0.175394 
0.164116 0.323414 0.295379 0.217091 
0.185239 0.346231 0.240435 0.228095 
0.243031 0.504051 0.108953 0.143964 
0.017564 0.519229 0.034715 0.428492 
0.001404 0.351892 0.282430 0.364274 
0.000073 0.422162 0.410816 0.166949 
0.057439 0.569914 0.357216 0.015432 
0.116140 0.442189 0.438270 0.003400 
0.048389 0.681276 0.269654 0.000681 
0.038595 0.600045 0.350431 0.010928 
0.004397 0.606263 0.247555 0.141785 
0.052740 0.710133 0.197430 0.039697 
0.367677 0.354231 0.015055 0.263037 
0.367630 0.367836 0.025148 0.239386 
0.116462 0.567649 0.030560 0.285329 
0.161189 0.585248 0.001993 0.251570 
0.406498 0.327999 0.000593 0.264910 
0.194152 0.286309 0.239651 0.279888 
0.261895 0.235182 0.210527 0.292395 
0.272376 0.335671 0.117852 0.274101 
0.363183 0.352364 0.112571 0.171882 
0.256836 0.488838 0.003844 0.250482 
0.341799 0.411699 0.000286 0.246216 
0.393116 0.388862 0.052767 0.165255 
0.343690 0.347339 0.002558 0.306413 
0.007201 0.605191 0.041590 0.346017 
0.146658 0.576602 0.112368 0.164372 
0.403154 0.502231 0.026810 0.067805 
0.518032 0.450086 0.014793 0.017090 
0.496256 0.407955 0.079521 0.016268 
0.549281 0.408226 0.039065 0.003428 
0.468930 0.390363 0.137844 0.002863 
0.731065 0.159967 0.096567 0.012402 
0.084755 0.175716 0.683687 0.055841 
0.564536 0.087646 0.219139 0.128680 
0.527201 0.087556 0.296713 0.088531 
0.421241 0.079767 0.339845 0.159147 
0.729847 0.077315 0.014912 0.177925 
0.584641 0.086148 0.007662 0.321549 
0.284654 0.108549 0.002430 0.604366 
0.422133 0.071781 0.046759 0.459327 
0.224602 0.079411 0.225751 0.470236 
0.576900 0.078490 0.006629 0.337981 
0.529313 0.069609 0.023636 0.377442 
0.395751 0.066145 0.095319 0.442785 
0.157800 0.027962 0.002275 0.811963 
0.012194 0.004886 0.594289 0.388631 
0.307081 0.002604 0.359428 0.330887 
0.479589 0.003080 0.244818 0.272513 
0.546779 0.001840 0.087288 0.364093 
0.577761 0.000757 0.086862 0.334620 
0.329324 0.000265 0.272044 0.398366 
0.072641 0.000104 0.465516 0.461739 
0.209132 0.000062 0.451317 0.339488 
0.239972 0.000046 0.071312 0.688669 
0.514559 0.000227 0.044692 0.440522 
0.456737 0.000029 0.000777 0.542458 
0.249258 0.000103 0.320852 0.429787 
0.000865 0.000066 0.493463 0.505606 
0.223366 0.000011 0.207482 0.569141 
0.323805 0.000008 0.131774 0.544413 
0.008267 0.000024 0.428728 0.562980 
0.110664 0.000003 0.468416 0.420917 
0.471431 0.000026 0.488041 0.040503 
0.264302 0.000279 0.462745 0.272674 
0.533972 0.000075 0.000017 0.465936 
0.575024 0.000075 0.004970 0.419931 
0.618088 0.000220 0.000679 0.381013 
0.380174 0.000124 0.325386 0.294316 
0.303430 0.000146 0.558002 0.138422 
0.600831 0.000508 0.006795 0.391866 
0.494081 0.001958 0.126332 0.377629 
0.242052 0.005120 0.451716 0.301112 
0.117763 0.003648 0.501441 0.377149 
0.365076 0.003166 0.263023 0.368735 
0.337634 0.000670 0.492237 0.169459 
0.336209 0.001185 0.539546 0.123060 
0.313397 0.000964 0.510433 0.175206 
0.231552 0.001563 0.530234 0.236651 
0.211261 0.002614 0.737609 0.048516 
0.490638 0.001860 0.349803 0.157698 
0.472497 0.002211 0.047197 0.478096 
0.329858 0.001119 0.219852 0.449171 
0.345417 0.001842 0.362945 0.289796 
0.333935 0.002697 0.329450 0.333918 
0.448472 0.002807 0.290833 0.257889 
0.550933 0.007050 0.426988 0.015029 
0.680986 0.002110 0.194681 0.122222 
0.967782 0.005790 0.000100 0.026328 
0.982006 0.009725 0.000000 0.008269 
0.985300 0.003405 0.000001 0.011294 
0.987064 0.012806 0.000082 0.000047 
0.988803 0.011191 0.000003 0.000003 
0.985566 0.014037 0.000001 0.000396 
0.972129 0.027849 0.000022 0.000000 
0.958135 0.040024 0.001841 0.000000 
0.874009 0.092810 0.033169 0.000012 
0.455345 0.345141 0.199513 0.000000 
0.564363 0.234202 0.201090 0.000344 
0.581783 0.360104 0.055331 0.002782 
0.612427 0.381597 0.005887 0.000089 
0.495280 0.501799 0.002920 0.000000 
0.716110 0.283570 0.000320 0.000000 
0.730709 0.269288 0.000003 0.000000 
0.687229 0.312759 0.000000 0.000011 
0.572409 0.427590 0.000000 0.000002 
0.588297 0.411642 0.000000 0.000061 
0.697732 0.302266 0.000002 0.000000 
0.489869 0.510121 0.000009 0.000000 
0.540373 0.459627 0.000000 0.000000 
0.568046 0.431954 0.000000 0.000000 
0.215255 0.759100 0.000000 0.025645 
0.185660 0.352729 0.000000 0.461611 
0.044861 0.371684 0.000000 0.583455 
0.003499 0.431552 0.010273 0.554675 
0.012393 0.400818 0.423276 0.163514 
0.007981 0.645002 0.125109 0.221908 
0.005253 0.609930 0.002837 0.381980 
0.224127 0.758209 0.000412 0.017252 
0.414073 0.355926 0.000000 0.230001 
0.558665 0.437754 0.000000 0.003581 
0.506512 0.493309 0.000000 0.000178 
0.307190 0.645968 0.000000 0.046842 
0.546698 0.369833 0.000000 0.083470 
0.517912 0.292701 0.000000 0.189386 
0.492297 0.502333 0.000000 0.005371 
0.561267 0.407752 0.000000 0.030981 
0.564086 0.371297 0.000001 0.064617 
0.603145 0.343386 0.000000 0.053469 
0.311221 0.321740 0.000034 0.367005 
0.338518 0.250922 0.000095 0.410466 
0.404549 0.279793 0.012317 0.303341 
0.712126 0.285586 0.000145 0.002143 
0.615981 0.364853 0.009324 0.009842 
0.600135 0.359949 0.001961 0.037955 
0.445891 0.416717 0.000004 0.137388 
0.042066 0.413333 0.000000 0.544601 
0.392242 0.534957 0.000000 0.072800 
0.645121 0.346126 0.000000 0.008753 
0.549669 0.396760 0.000000 0.053571 
0.297420 0.519741 0.000009 0.182830 
0.254933 0.642192 0.000000 0.102875 
0.306910 0.356797 0.000001 0.336292 
0.155976 0.407336 0.001086 0.435602 
0.085165 0.582099 0.004727 0.328009 
0.019968 0.500691 0.000552 0.478788 
0.007187 0.579661 0.000001 0.413150 
0.015058 0.481668 0.000001 0.503274 
0.109935 0.429135 0.000001 0.460930 
0.231013 0.347902 0.000001 0.421085 
0.438796 0.377046 0.000082 0.184076 
0.276850 0.356907 0.067603 0.298640 
0.237492 0.297126 0.268938 0.196444 
0.366851 0.344468 0.123847 0.164833 
0.286380 0.288094 0.179010 0.246517 
0.283430 0.355921 0.253025 0.107624 
0.142969 0.302706 0.245486 0.308839 
0.240177 0.264753 0.211140 0.283930 
0.340014 0.332839 0.110048 0.217099 
0.209821 0.297427 0.296812 0.195941 
0.107354 0.383550 0.356370 0.152725 
0.143820 0.453519 0.298478 0.104183 
0.148448 0.637653 0.075950 0.137949 
0.423841 0.417799 0.023308 0.135052 
0.493155 0.423327 0.045137 0.038381 
0.413967 0.395014 0.152063 0.038956 
0.338112 0.330779 0.331080 0.000028 
0.380073 0.364222 0.255408 0.000297 
0.361413 0.450857 0.073340 0.114390 
0.398418 0.405109 0.004585 0.191887 
0.495819 0.495633 0.001720 0.006828 
0.372487 0.375859 0.202603 0.049051 
0.393666 0.431346 0.057956 0.117032 
0.310112 0.310924 0.311833 0.067131 
0.158382 0.352274 0.375902 0.113442 
0.232526 0.375861 0.363630 0.027983 
0.207540 0.310474 0.302731 0.179254 
0.270512 0.314518 0.373298 0.041673 
0.241004 0.447837 0.302993 0.008167 
0.514512 0.358181 0.124654 0.002653 
0.592023 0.396110 0.000215 0.011652 
0.661108 0.338047 0.000000 0.000845 
0.512094 0.487672 0.000000 0.000234 
0.444603 0.553736 0.000000 0.001661 
0.419356 0.565847 0.000000 0.014798 
0.301066 0.265566 0.000000 0.433368 
0.282344 0.400663 0.000000 0.316993 
0.301910 0.265381 0.000000 0.432709 
0.361346 0.485929 0.000000 0.152725 
0.422249 0.531469 0.000000 0.046282 
0.434353 0.565419 0.000000 0.000228 
0.385951 0.608740 0.000032 0.005277 
0.288955 0.647080 0.001209 0.062756 
0.289271 0.488337 0.032438 0.189954 
0.398063 0.492440 0.017394 0.092104 
0.281100 0.395736 0.000127 0.323036 
0.390917 0.595378 0.000000 0.013705 
0.329395 0.164788 0.000614 0.505203 
0.228496 0.397768 0.000017 0.373719 
0.352858 0.349226 0.000483 0.297433 
0.420797 0.221111 0.004491 0.353601 
0.295912 0.084689 0.000010 0.619389 
0.320033 0.118732 0.001257 0.559978 
0.356017 0.112442 0.000024 0.531517 
0.215632 0.282056 0.014965 0.487347 
0.143272 0.282705 0.126798 0.447224 
0.142850 0.305302 0.286071 0.265777 
0.095044 0.103169 0.508883 0.292904 
0.139768 0.114519 0.535715 0.209998 
0.084160 0.361184 0.043598 0.511058 
0.108309 0.226224 0.035023 0.630444 
0.087261 0.428166 0.169078 0.315495 
0.095172 0.120450 0.607371 0.177007 
0.172804 0.230987 0.388081 0.208128 
0.228752 0.500202 0.249724 0.021323 
0.167113 0.410843 0.174363 0.247680 
0.256656 0.145820 0.471622 0.125902 
0.138505 0.233602 0.344541 0.283353 
0.310809 0.215268 0.161110 0.312813 
0.654995 0.122069 0.029188 0.193748 
0.443365 0.142252 0.009645 0.404738 
0.302179 0.186528 0.119977 0.391316 
0.397759 0.243995 0.170562 0.187684 
0.476530 0.054278 0.389291 0.079901 
0.526743 0.102413 0.366451 0.004394 
0.611476 0.039599 0.337073 0.011851 
0.499614 0.156643 0.343722 0.000020 
0.457281 0.047736 0.494982 0.000001 
0.392856 0.160111 0.447031 0.000003 
0.376569 0.088358 0.535074 0.000000 
0.310117 0.185234 0.504649 0.000000 
0.406288 0.115136 0.478575 0.000001 
0.388360 0.001801 0.609839 0.000000 
0.805179 0.085761 0.109059 0.000001 
0.597579 0.331595 0.070825 0.000000 
0.384248 0.387932 0.227815 0.000004 
0.328133 0.335360 0.336506 0.000001 
0.313309 0.355499 0.331188 0.000004 
0.326436 0.338990 0.334568 0.000006 
0.424697 0.509655 0.065623 0.000025 
0.447206 0.404811 0.147982 0.000001 
0.533453 0.082917 0.382865 0.000766 
0.507844 0.128387 0.340594 0.023175 
0.791635 0.011170 0.079262 0.117933 
0.904633 0.091259 0.002827 0.001281 
0.898705 0.099335 0.001215 0.000746 
0.787874 0.206780 0.004939 0.000407 
0.834402 0.144864 0.020703 0.000030 
0.803753 0.043169 0.152827 0.000251 
0.571873 0.014137 0.413978 0.000012 
0.527075 0.000029 0.472598 0.000298 
0.724380 0.000020 0.275576 0.000023 
0.999820 0.000003 0.000171 0.000006 
0.948568 0.000039 0.051393 0.000000 
0.661170 0.000075 0.338752 0.000003 
0.921800 0.000003 0.077361 0.000836 
0.893626 0.000000 0.105792 0.000583 
0.951331 0.000000 0.046995 0.001675 
0.571296 0.000000 0.428696 0.000008 
0.974284 0.000000 0.025427 0.000289 
0.530104 0.000000 0.467086 0.002809 
0.586391 0.000000 0.413073 0.000536 
0.543408 0.000000 0.456550 0.000042 
0.601786 0.000000 0.398213 0.000001 
0.921281 0.000000 0.078719 0.000000 
0.973781 0.000000 0.026219 0.000000 
0.977196 0.000000 0.022804 0.000000 
0.806696 0.000000 0.193304 0.000000 
0.758787 0.000000 0.241213 0.000000 
0.713595 0.000000 0.286405 0.000000 
0.505733 0.000000 0.494267 0.000000 
0.625341 0.000000 0.374659 0.000000 
0.648386 0.000000 0.351614 0.000000 
0.803974 0.000000 0.196025 0.000001 
0.682104 0.000000 0.317896 0.000000 
0.626394 0.000000 0.373606 0.000000 
0.571341 0.052573 0.376086 0.000000 
0.503368 0.036591 0.460041 0.000000 
0.442204 0.155643 0.402153 0.000000 
0.466550 0.164107 0.369343 0.000000 
0.595492 0.278872 0.125635 0.000000 
0.509283 0.428703 0.062014 0.000000 
0.590035 0.361209 0.048756 0.000000 
0.779055 0.051702 0.169243 0.000000 
0.461699 0.000585 0.537716 0.000000 
0.373171 0.094706 0.531783 0.000340 
0.382379 0.417648 0.199825 0.000148 
0.464972 0.150802 0.383927 0.000299 
0.325226 0.354147 0.320562 0.000065 
0.447034 0.450446 0.102512 0.000008 
0.396291 0.501355 0.102311 0.000042 
0.474420 0.336629 0.188151 0.000799 
0.418647 0.330129 0.249761 0.001463 
0.590117 0.127533 0.273016 0.009335 
0.412730 0.166461 0.420338 0.000471 
0.433039 0.230672 0.336267 0.000022 
0.690453 0.042883 0.266550 0.000115 
0.557453 0.106738 0.335252 0.000557 
0.432708 0.114388 0.433409 0.019494 
0.358592 0.074829 0.233197 0.333383 
0.385814 0.067642 0.287353 0.259191 
0.401236 0.011249 0.237763 0.349752 
0.756312 0.082797 0.105845 0.055046 
0.408251 0.254743 0.157983 0.179023 
0.470380 0.272611 0.200129 0.056880 
0.349501 0.221202 0.204538 0.224759 
0.333222 0.221088 0.155754 0.289936 
0.555797 0.124069 0.181687 0.138447 
0.774105 0.062500 0.082405 0.080989 
0.800477 0.086547 0.112455 0.000521 
0.388503 0.434630 0.091982 0.084884 
0.315743 0.224901 0.119750 0.339606 
0.375058 0.238526 0.222977 0.163439 
0.329937 0.473364 0.107215 0.089484 
0.274831 0.395158 0.316307 0.013704 
0.221886 0.215542 0.273016 0.289557 
0.281823 0.261800 0.431976 0.024400 
0.454335 0.298850 0.244328 0.002487 
0.551868 0.160564 0.286773 0.000796 
0.623312 0.007862 0.368826 0.000000 
0.380498 0.173185 0.446286 0.000032 
0.445301 0.115259 0.439440 0.000000 
0.358137 0.311577 0.330286 0.000000 
0.315961 0.350686 0.333353 0.000000 
0.369938 0.327271 0.302791 0.000000 
0.542328 0.397947 0.059725 0.000000 
0.380731 0.519325 0.099944 0.000000 
0.352474 0.371103 0.276423 0.000000 
0.276395 0.494598 0.229007 0.000000 
0.251101 0.393747 0.342676 0.012476 
0.271768 0.693594 0.014853 0.019785 
0.313040 0.676283 0.010043 0.000634 
0.295117 0.541952 0.141636 0.021295 
0.283637 0.314085 0.402224 0.000054 
0.397055 0.000959 0.599822 0.002164 
0.342562 0.232295 0.417544 0.007599 
0.342799 0.063814 0.569030 0.024357 
0.265624 0.119831 0.614542 0.000003 
0.237663 0.425075 0.336002 0.001260 
0.173572 0.373333 0.402378 0.050718 
0.222770 0.250468 0.471785 0.054977 
0.222836 0.008122 0.383866 0.385176 
0.182914 0.248706 0.379228 0.189153 
0.209157 0.265314 0.439388 0.086141 
0.106128 0.247355 0.295724 0.350793 
0.127002 0.307674 0.439808 0.125515 
0.156560 0.271176 0.305788 0.266476 
0.205418 0.363556 0.389629 0.041396 
0.199120 0.363253 0.337323 0.100305 
0.256127 0.062607 0.345130 0.336136 
0.216508 0.374111 0.361480 0.047901 
0.190777 0.167308 0.229366 0.412550 
0.171500 0.199103 0.329027 0.300371 
0.209089 0.207607 0.322656 0.260648 
0.308916 0.113176 0.409227 0.168681 
0.123546 0.404878 0.406047 0.065530 
0.132595 0.321213 0.319260 0.226933 
0.140083 0.400379 0.228638 0.230899 
0.120201 0.268306 0.139926 0.471567 
0.169610 0.178199 0.540447 0.111743 
0.120318 0.514232 0.249758 0.115692 
0.082939 0.103659 0.525190 0.288212 
0.057434 0.103355 0.826008 0.013203 
0.038585 0.243898 0.717514 0.000003 
0.037027 0.257533 0.705440 0.000000 
0.033594 0.468085 0.498321 0.000000 
0.053321 0.250369 0.696310 0.000000 
0.053309 0.460437 0.486254 0.000000 
0.081357 0.852722 0.065920 0.000000 
0.059200 0.638110 0.301785 0.000905 
0.299936 0.620561 0.079503 0.000000 
0.937963 0.050026 0.012006 0.000005 
0.990968 0.000769 0.008244 0.000020 
0.974505 0.000004 0.024941 0.000550 
0.710697 0.000009 0.233769 0.055525 
0.122337 0.370824 0.506839 0.000000 
0.036243 0.858653 0.104950 0.000154 
0.024542 0.912320 0.063134 0.000004 
0.068264 0.843693 0.086785 0.001258 
0.108784 0.814656 0.062530 0.014030 
0.418525 0.488912 0.058179 0.034384 
0.373371 0.608629 0.017903 0.000098 
0.958805 0.000263 0.035026 0.005906 
0.930239 0.002137 0.067619 0.000005 
0.805619 0.004505 0.189846 0.000030 
0.643818 0.126754 0.227090 0.002338 
0.214292 0.580661 0.204976 0.000071 
0.514080 0.298547 0.122229 0.065144 
0.606357 0.164408 0.077348 0.151887 
0.164534 0.721245 0.111619 0.002602 
0.028965 0.594967 0.071491 0.304577 
0.074958 0.787510 0.135704 0.001828 
0.766112 0.064147 0.149979 0.019762 
0.405276 0.442577 0.056175 0.095973 
0.773252 0.041706 0.149942 0.035100 
0.121383 0.668953 0.068865 0.140800 
0.568444 0.285432 0.138445 0.007680 
0.380172 0.562293 0.057522 0.000012 
0.253838 0.669591 0.076570 0.000000 
0.588330 0.216235 0.195052 0.000383 
0.419503 0.102487 0.085190 0.392821 
0.271153 0.374405 0.065177 0.289265 
0.140477 0.329681 0.075045 0.454796 
0.348083 0.028363 0.069207 0.554347 
0.501432 0.025194 0.243446 0.229929 
0.048797 0.336383 0.171627 0.443194 
0.430569 0.335407 0.125484 0.108540 
0.057363 0.662383 0.057197 0.223057 
0.145289 0.731434 0.065031 0.058246 
0.250141 0.560355 0.078301 0.111203 
0.375678 0.331015 0.051931 0.241376 
0.421659 0.427174 0.077061 0.074106 
0.372924 0.228517 0.078265 0.320295 
0.425060 0.422696 0.111538 0.040706 
0.528864 0.297362 0.169352 0.004422 
0.368436 0.478654 0.129655 0.023255 
0.180313 0.627854 0.190431 0.001403 
0.072317 0.754997 0.172202 0.000484 
0.067043 0.719162 0.213602 0.000194 
0.066008 0.560493 0.373462 0.000037 
0.081818 0.213074 0.705021 0.000087 
0.217581 0.583336 0.199020 0.000063 
0.415782 0.200758 0.381838 0.001623 
0.590967 0.000668 0.408281 0.000084 
0.633291 0.000049 0.366659 0.000001 
0.540454 0.000018 0.459370 0.000158 
0.568366 0.023979 0.406270 0.001385 
0.376419 0.385522 0.237025 0.001034 
0.343790 0.476823 0.179373 0.000013 
0.353708 0.413142 0.233150 0.000000 
0.385984 0.424608 0.189408 0.000000 
0.409477 0.480911 0.109612 0.000000 
0.087358 0.675450 0.237192 0.000000 
0.416622 0.405818 0.177560 0.000000 
0.551155 0.314814 0.134031 0.000000 
0.642620 0.197498 0.159881 0.000000 
0.800695 0.036115 0.163190 0.000000 
0.657247 0.192297 0.150456 0.000000 
0.584791 0.264581 0.150628 0.000000 
0.782759 0.032534 0.184708 0.000000 
0.665998 0.236310 0.097693 0.000000 
0.936944 0.000589 0.062467 0.000000 
0.924670 0.000004 0.075326 0.000000 
0.880832 0.035092 0.084076 0.000000 
0.816552 0.000114 0.183334 0.000000 
0.693377 0.005611 0.301012 0.000000 
0.586457 0.324913 0.088630 0.000000 
0.623844 0.276263 0.099893 0.000000 
0.758536 0.138093 0.103370 0.000000 
0.461077 0.425149 0.113774 0.000000 
0.384283 0.502767 0.112950 0.000000 
0.554393 0.374260 0.071346 0.000000 
0.574533 0.290910 0.134557 0.000000 
0.424621 0.450876 0.124503 0.000000 
0.617340 0.239560 0.143100 0.000000 
0.527631 0.135019 0.337350 0.000000 
0.593230 0.000328 0.406442 0.000000 
0.598096 0.000000 0.401903 0.000000 
0.088810 0.000001 0.911174 0.000015 
0.064841 0.037709 0.897445 0.000004 
0.446561 0.077775 0.475384 0.000279 
0.541650 0.010269 0.447852 0.000230 
0.474700 0.119829 0.380303 0.025168 
0.237344 0.488449 0.268901 0.005306 
0.409243 0.398190 0.191956 0.000612 
0.554118 0.205812 0.210400 0.029670 
0.452030 0.141556 0.302408 0.104005 
0.366759 0.283737 0.090118 0.259386 
0.238058 0.221368 0.119349 0.421225 
0.333894 0.189325 0.148810 0.327971 
0.137817 0.356524 0.089198 0.416461 
0.248282 0.337168 0.059490 0.355061 
0.404951 0.230105 0.059368 0.305576 
0.441969 0.111888 0.072183 0.373960 
0.541542 0.012635 0.197547 0.248276 
0.171270 0.183926 0.112227 0.532577 
0.167560 0.268061 0.084374 0.480006 
0.023711 0.431123 0.140347 0.404819 
0.010518 0.416608 0.154122 0.418752 
0.000386 0.515302 0.127932 0.356380 
0.000866 0.476096 0.143247 0.379791 
0.027129 0.488921 0.091397 0.392553 
0.042970 0.473092 0.042566 0.441371 
0.005931 0.124023 0.092404 0.777642 
0.111930 0.328760 0.084143 0.475167 
0.033051 0.292045 0.136755 0.538150 
0.291480 0.100341 0.149388 0.458790 
0.129167 0.246541 0.189980 0.434313 
0.142731 0.327055 0.137329 0.392885 
0.136580 0.198930 0.176138 0.488352 
0.315585 0.206151 0.107571 0.370693 
0.240217 0.270372 0.143060 0.346350 
0.277923 0.199212 0.167285 0.355579 
0.326887 0.192636 0.191127 0.289350 
0.159944 0.347323 0.148099 0.344635 
0.296458 0.313921 0.091011 0.298611 
0.011830 0.366036 0.130803 0.491331 
0.001271 0.465047 0.028395 0.505287 
0.136515 0.404154 0.019114 0.440216 
0.006664 0.272549 0.027291 0.693496 
0.052163 0.459819 0.018668 0.469350 
0.058295 0.504377 0.012290 0.425039 
0.097124 0.426169 0.002820 0.473887 
0.034428 0.322645 0.004762 0.638165 
0.151713 0.406977 0.005736 0.435574 
0.259956 0.401844 0.005020 0.333180 
0.387940 0.358238 0.002011 0.251811 
0.481123 0.144117 0.011571 0.363189 
0.298705 0.439228 0.017453 0.244614 
0.057780 0.478770 0.031218 0.432231 
0.055933 0.538464 0.031114 0.374489 
0.087227 0.483747 0.008783 0.420243 
0.057729 0.445880 0.007996 0.488394 
0.027023 0.007587 0.005725 0.959665 
0.237385 0.034277 0.007388 0.720950 
0.075925 0.439703 0.012792 0.471581 
0.327643 0.335543 0.011576 0.325238 
0.158581 0.436764 0.015682 0.388974 
0.006118 0.490607 0.009683 0.493593 
0.002823 0.152200 0.012797 0.832180 
0.496660 0.009578 0.007610 0.486152 
0.372351 0.333617 0.001626 0.292405 
0.186560 0.549592 0.002467 0.261381 
0.335124 0.420612 0.003682 0.240582 
0.522812 0.393726 0.002495 0.080967 
0.659229 0.332068 0.000900 0.007803 
0.653350 0.337266 0.003025 0.006359 
0.016362 0.948688 0.000513 0.034437 
0.012749 0.933979 0.001284 0.051989 
0.000006 0.883507 0.000326 0.116162 
0.000040 0.800319 0.000094 0.199548 
0.000004 0.800281 0.000041 0.199673 
0.001942 0.644239 0.000194 0.353625 
0.000110 0.587556 0.000400 0.411935 
0.002682 0.098196 0.001845 0.897277 
0.002908 0.260440 0.003031 0.733621 
0.002040 0.497563 0.000385 0.500012 
0.000002 0.412283 0.000440 0.587275 
0.000055 0.267075 0.003775 0.729094 
0.000013 0.849045 0.001462 0.149480 
0.004647 0.938125 0.002363 0.054866 
0.002552 0.763969 0.000531 0.232948 
0.000422 0.744410 0.000840 0.254328 
0.002145 0.341801 0.003704 0.652350 
0.099067 0.028908 0.001944 0.870081 
0.000001 0.106458 0.001091 0.892450 
0.001029 0.235355 0.002468 0.761148 
0.000000 0.290044 0.009629 0.700326 
0.000050 0.338817 0.010249 0.650884 
0.000000 0.347784 0.010676 0.641540 
0.000000 0.014414 0.009806 0.975780 
0.000001 0.025917 0.005874 0.968208 
0.000000 0.506408 0.001000 0.492592 
0.000004 0.280886 0.001692 0.717418 
0.000012 0.384117 0.004702 0.611169 
0.006732 0.283435 0.008608 0.701225 
0.005428 0.327234 0.007556 0.659782 
0.205946 0.460779 0.005947 0.327329 
0.400759 0.400922 0.005727 0.192592 
0.129165 0.462150 0.012595 0.396091 
0.009035 0.531003 0.019808 0.440154 
0.003812 0.470934 0.003246 0.522008 
0.059580 0.450285 0.004974 0.485160 
0.005952 0.018906 0.005304 0.969838 
0.013124 0.149840 0.007717 0.829320 
0.000356 0.408587 0.009084 0.581973 
0.000127 0.174840 0.002625 0.822408 
0.006366 0.502474 0.002546 0.488614 
0.008269 0.459072 0.004479 0.528180 
0.002518 0.678631 0.004088 0.314763 
0.000024 0.005478 0.017179 0.977319 
0.000000 0.471715 0.002431 0.525853 
0.000001 0.899873 0.000165 0.099961 
0.000000 0.735639 0.000729 0.263632 
0.000000 0.941184 0.001997 0.056819 
0.000000 0.957186 0.004271 0.038542 
0.000000 0.497433 0.489103 0.013463 
0.000000 0.807642 0.176743 0.015615 
0.000000 0.541362 0.422601 0.036038 
0.000000 0.322443 0.610011 0.067546 
0.000000 0.711411 0.246171 0.042418 
0.000000 0.888659 0.094597 0.016744 
0.000000 0.837418 0.151305 0.011278 
0.000000 0.587569 0.396613 0.015818 
0.000000 0.415414 0.569420 0.015166 
0.000000 0.290941 0.685434 0.023625 
0.000000 0.277463 0.701147 0.021390 
0.000000 0.305685 0.682952 0.011363 
0.000000 0.471188 0.520686 0.008126 
0.000000 0.490854 0.500706 0.008440 
0.000000 0.469893 0.514081 0.016026 
0.000000 0.501699 0.474501 0.023801 
0.000000 0.498796 0.453403 0.047801 
0.000000 0.421254 0.536972 0.041774 
0.000000 0.572868 0.376067 0.051065 
0.000000 0.372821 0.590314 0.036865 
0.000000 0.467166 0.479890 0.052944 
0.000000 0.262258 0.684639 0.053103 
0.000000 0.292033 0.662157 0.045811 
0.000000 0.516301 0.462062 0.021636 
0.000000 0.506429 0.469747 0.023825 
0.000000 0.357773 0.585181 0.057046 
0.000000 0.536815 0.434586 0.028599 
0.000000 0.476568 0.495693 0.027739 
0.000000 0.138869 0.744455 0.116677 
0.000000 0.278497 0.545542 0.175962 
0.000000 0.043573 0.761866 0.194560 
0.000000 0.041003 0.753547 0.205450 
0.000000 0.179356 0.618193 0.202450 
0.000000 0.460568 0.391047 0.148385 
0.000000 0.086605 0.637534 0.275861 
0.000000 0.490365 0.315770 0.193866 
0.000000 0.443464 0.395994 0.160542 
0.000001 0.383459 0.374298 0.242242 
0.000001 0.401172 0.455195 0.143632 
0.000152 0.481427 0.333931 0.184489 
0.000023 0.631734 0.215094 0.153149 
0.004445 0.066139 0.506173 0.423244 
0.365937 0.081757 0.243694 0.308612 
0.272713 0.233638 0.200372 0.293277 
0.224131 0.058303 0.202565 0.515001 
0.033318 0.017299 0.554351 0.395032 
0.411939 0.156977 0.171138 0.259946 
0.355169 0.164126 0.205531 0.275173 
0.316527 0.038708 0.335121 0.309645 
0.215797 0.068758 0.260912 0.454532 
0.021146 0.371920 0.263855 0.343078 
0.029942 0.370038 0.345830 0.254190 
0.089068 0.229780 0.176704 0.504448 
0.092836 0.388554 0.217713 0.300897 
0.404188 0.144178 0.187650 0.263984 
0.272596 0.217146 0.221877 0.288381 
0.314035 0.314150 0.219177 0.152637 
0.192912 0.348684 0.307970 0.150433 
0.086158 0.394368 0.393496 0.125979 
0.115834 0.348367 0.364731 0.171068 
0.292951 0.315211 0.235545 0.156294 
0.015986 0.475844 0.177974 0.330197 
0.050841 0.372068 0.316577 0.260514 
0.009946 0.629739 0.100191 0.260124 
0.071294 0.511396 0.297319 0.119990 
0.418177 0.452289 0.011856 0.117679 
0.356614 0.329814 0.039861 0.273711 
0.002550 0.000387 0.700775 0.296289 
0.096845 0.096865 0.615474 0.190816 
0.168886 0.428853 0.324127 0.078134 
0.030978 0.487630 0.385988 0.095404 
0.049673 0.266237 0.573544 0.110545 
0.011335 0.455591 0.403918 0.129156 
0.167458 0.400117 0.381131 0.051293 
0.452173 0.354057 0.149586 0.044184 
0.000483 0.588650 0.333639 0.077228 
0.018450 0.327458 0.563471 0.090621 
0.001258 0.426175 0.526467 0.046100 
0.000008 0.267499 0.628243 0.104250 
0.000068 0.474428 0.466218 0.059286 
0.001056 0.474538 0.432551 0.091854 
0.003505 0.489270 0.454142 0.053083 
0.000091 0.364674 0.484862 0.150374 
0.043193 0.433450 0.442987 0.080369 
0.010159 0.597508 0.291733 0.100599 
0.000619 0.007841 0.891881 0.099659 
0.023922 0.317115 0.574073 0.084890 
0.048171 0.240127 0.617506 0.094196 
0.000311 0.498645 0.454894 0.046150 
0.000055 0.158032 0.786145 0.055769 
0.000707 0.454520 0.515561 0.029212 
0.000200 0.052540 0.905781 0.041480 
0.001612 0.491310 0.495112 0.011966 
0.032911 0.582412 0.369103 0.015574 
0.384917 0.395535 0.187484 0.032064 
0.091378 0.395225 0.461297 0.052099 
0.279189 0.464356 0.189841 0.066614 
0.503243 0.140122 0.302789 0.053846 
0.314004 0.352077 0.302360 0.031559 
0.404214 0.184071 0.337750 0.073964 
