0.276801 0.277892 0.166285 0.279021 
0.256989 0.264567 0.212708 0.265736 
0.288132 0.289814 0.135134 0.286921 
0.331290 0.331297 0.008742 0.328670 
0.320031 0.319742 0.167982 0.192244 
0.340478 0.340371 0.302173 0.016977 
0.343151 0.343870 0.311762 0.001217 
0.348638 0.349660 0.300242 0.001460 
0.369294 0.369708 0.041911 0.219087 
0.400553 0.401213 0.155504 0.042731 
0.414353 0.418379 0.033749 0.133519 
0.415762 0.420762 0.115974 0.047502 
0.387687 0.407389 0.202922 0.002002 
0.398879 0.412047 0.151145 0.037929 
0.389373 0.411847 0.009686 0.189094 
0.393603 0.416057 0.036162 0.154179 
0.389021 0.413440 0.015423 0.182116 
0.398121 0.418673 0.091770 0.091435 
0.393801 0.417628 0.081565 0.107006 
0.391920 0.417395 0.082868 0.107817 
0.396515 0.415142 0.042256 0.146086 
0.402955 0.418137 0.039955 0.138952 
0.386736 0.413580 0.178495 0.021189 
0.396898 0.417202 0.060712 0.125188 
0.395131 0.416213 0.034394 0.154262 
0.403085 0.419715 0.088808 0.088393 
0.409737 0.420648 0.057133 0.112482 
0.405502 0.419593 0.075250 0.099655 
0.387236 0.414062 0.155088 0.043613 
0.400175 0.416036 0.020723 0.163066 
0.407848 0.420091 0.108438 0.063623 
0.405728 0.419462 0.114939 0.059871 
0.406636 0.419903 0.112017 0.061444 
0.410109 0.421119 0.073978 0.094795 
0.400435 0.417656 0.087759 0.094150 
0.410824 0.420817 0.053567 0.114792 
0.398638 0.417996 0.124672 0.058695 
0.392793 0.416487 0.142612 0.048108 
0.409098 0.421047 0.077757 0.092098 
0.412386 0.420897 0.085610 0.081108 
0.412409 0.421103 0.048747 0.117740 
0.411950 0.419741 0.028389 0.139920 
0.414003 0.417777 0.112472 0.055749 
0.417997 0.420895 0.128973 0.032136 
0.420169 0.423720 0.044610 0.111501 
0.426044 0.426984 0.078954 0.068018 
0.424205 0.425560 0.043444 0.106790 
0.421630 0.422722 0.025181 0.130467 
0.414532 0.414800 0.003173 0.167496 
0.426515 0.426626 0.040917 0.105943 
0.419158 0.420720 0.143974 0.016147 
0.426551 0.427131 0.080110 0.066208 
0.424161 0.425043 0.111994 0.038802 
0.427779 0.428257 0.071988 0.071975 
0.420813 0.421882 0.100222 0.057083 
0.419923 0.422663 0.032606 0.124808 
0.411078 0.416048 0.164649 0.008225 
0.414436 0.419350 0.133029 0.033186 
0.415433 0.421185 0.061103 0.102279 
0.422206 0.424628 0.056570 0.096596 
0.420621 0.424046 0.100744 0.054589 
0.419121 0.423188 0.081402 0.076290 
0.394956 0.406873 0.189374 0.008797 
0.401495 0.410045 0.003151 0.185308 
0.396914 0.410034 0.178464 0.014588 
0.407607 0.419751 0.065225 0.107417 
0.401205 0.418494 0.107427 0.072875 
0.401393 0.418335 0.067995 0.112277 
0.407974 0.420332 0.079552 0.092142 
0.414637 0.421863 0.090283 0.073217 
0.413504 0.419681 0.093910 0.072905 
0.412915 0.419599 0.126359 0.041127 
0.398908 0.411570 0.183015 0.006507 
0.414599 0.421019 0.113952 0.050429 
0.403190 0.415298 0.020900 0.160611 
0.398523 0.415497 0.036115 0.149864 
0.407265 0.418017 0.122804 0.051914 
0.393687 0.405501 0.197148 0.003664 
0.408934 0.416540 0.021100 0.153425 
0.423674 0.425449 0.075305 0.075572 
0.424406 0.425843 0.073884 0.075867 
0.425114 0.426378 0.082296 0.066212 
0.420884 0.423575 0.107765 0.047777 
0.420262 0.424102 0.077564 0.078073 
0.421812 0.424481 0.073207 0.080500 
0.423335 0.425575 0.079681 0.071409 
0.422962 0.425187 0.070582 0.081270 
0.421985 0.424438 0.064125 0.089452 
0.401136 0.410307 0.003391 0.185165 
0.410005 0.417835 0.024236 0.147924 
0.415371 0.420961 0.057167 0.106501 
0.410876 0.421198 0.082964 0.084962 
0.411021 0.420142 0.048930 0.119907 
0.407937 0.419285 0.092719 0.080060 
0.403665 0.418682 0.106743 0.070910 
0.375158 0.408346 0.210284 0.006212 
0.393546 0.415589 0.049384 0.141481 
0.407941 0.419600 0.068402 0.104058 
0.412209 0.419860 0.095885 0.072046 
0.409657 0.420396 0.083559 0.086388 
0.408644 0.420259 0.086764 0.084332 
0.407457 0.418898 0.087059 0.086586 
0.404296 0.418126 0.079166 0.098413 
0.380626 0.404077 0.214646 0.000651 
0.376650 0.402050 0.220815 0.000485 
0.386474 0.406721 0.205419 0.001385 
0.405576 0.418144 0.135802 0.040479 
0.406388 0.418433 0.141269 0.033910 
0.406097 0.417710 0.039615 0.136578 
0.396233 0.411956 0.179316 0.012495 
0.389593 0.401560 0.205871 0.002976 
0.384405 0.397685 0.216447 0.001463 
0.370120 0.388827 0.240995 0.000059 
0.388933 0.402658 0.207499 0.000911 
0.402204 0.409417 0.158823 0.029557 
0.413884 0.415238 0.085850 0.085027 
0.410042 0.408608 0.089958 0.091392 
0.407514 0.397450 0.098330 0.096706 
0.406607 0.391400 0.116500 0.085493 
0.408077 0.393542 0.083469 0.114912 
0.408577 0.397588 0.120786 0.073049 
0.407913 0.391865 0.075716 0.124507 
0.407859 0.386121 0.115223 0.090797 
0.396776 0.359618 0.236090 0.007516 
0.399506 0.378176 0.185876 0.036442 
0.400067 0.361933 0.212018 0.025981 
0.396055 0.364854 0.177646 0.061445 
0.390309 0.353209 0.254889 0.001593 
0.359010 0.303866 0.337124 0.000001 
0.397411 0.362117 0.216830 0.023642 
0.392327 0.340294 0.003078 0.264302 
0.399134 0.352230 0.029687 0.218949 
0.403580 0.339538 0.121750 0.135132 
0.403061 0.350009 0.107425 0.139505 
0.397980 0.320506 0.260264 0.021250 
0.393658 0.303644 0.006078 0.296620 
0.403610 0.316508 0.140858 0.139024 
0.402599 0.280795 0.220952 0.095654 
0.400195 0.303930 0.145784 0.150090 
0.399892 0.309528 0.159705 0.130874 
0.400790 0.266924 0.231758 0.100528 
0.402377 0.268964 0.183495 0.145164 
0.402404 0.262089 0.213819 0.121687 
0.401714 0.178852 0.273989 0.145445 
0.401613 0.278895 0.227105 0.092386 
0.402460 0.333830 0.133889 0.129820 
0.401935 0.341410 0.078200 0.178455 
0.396804 0.346769 0.041709 0.214719 
0.400274 0.352826 0.066442 0.180457 
0.401139 0.352682 0.107027 0.139152 
0.402297 0.349124 0.137412 0.111166 
0.402185 0.359032 0.105461 0.133321 
0.394500 0.317424 0.007031 0.281044 
0.388242 0.290517 0.001489 0.319752 
0.376081 0.281378 0.000358 0.342182 
0.382012 0.291260 0.001066 0.325663 
0.389215 0.326178 0.025658 0.258950 
0.395324 0.316542 0.057800 0.230335 
0.389835 0.273611 0.026295 0.310260 
0.388972 0.314231 0.235870 0.060926 
0.396796 0.333350 0.193345 0.076509 
0.397218 0.342572 0.166295 0.093915 
0.397256 0.332070 0.019751 0.250923 
0.399840 0.317415 0.133204 0.149541 
0.398276 0.307445 0.259803 0.034476 
0.395333 0.358796 0.059461 0.186410 
0.385387 0.332652 0.010410 0.271551 
0.392870 0.324422 0.014273 0.268435 
0.388446 0.323306 0.002189 0.286059 
0.394235 0.326740 0.003158 0.275866 
0.390314 0.308027 0.000750 0.300909 
0.385534 0.307046 0.000187 0.307233 
0.389988 0.287910 0.002375 0.319726 
0.394181 0.297344 0.002497 0.305978 
0.398166 0.263803 0.012278 0.325754 
0.395291 0.275468 0.008790 0.320451 
0.399300 0.223009 0.015960 0.361730 
0.397739 0.274722 0.002962 0.324577 
0.396787 0.290848 0.002440 0.309925 
0.395669 0.290948 0.001093 0.312290 
0.401835 0.283481 0.006278 0.308406 
0.398327 0.283953 0.001338 0.316382 
0.398948 0.268928 0.005041 0.327083 
0.394437 0.246062 0.003299 0.356202 
0.398221 0.289166 0.010895 0.301718 
0.400588 0.324812 0.004554 0.270046 
0.406161 0.338255 0.118313 0.137270 
0.407093 0.352214 0.090653 0.150039 
0.407560 0.342995 0.067952 0.181493 
0.405982 0.350019 0.058673 0.185326 
0.399066 0.335946 0.006877 0.258111 
0.390247 0.321408 0.000265 0.288079 
0.392459 0.294859 0.000381 0.312301 
0.386998 0.279002 0.000852 0.333147 
0.386818 0.268520 0.000126 0.344535 
0.372116 0.269055 0.000011 0.358819 
0.391624 0.244232 0.000993 0.363151 
0.383978 0.257035 0.000109 0.358877 
0.376724 0.243082 0.000030 0.380164 
0.368325 0.267216 0.000006 0.364454 
0.381226 0.245783 0.000176 0.372815 
0.402958 0.169052 0.047787 0.380203 
0.405178 0.157226 0.042803 0.394794 
0.408602 0.044704 0.142089 0.404605 
0.402782 0.031410 0.174695 0.391113 
0.406227 0.097034 0.123340 0.373398 
0.407118 0.102154 0.143377 0.347351 
0.406680 0.142605 0.120657 0.330058 
0.406477 0.150960 0.097514 0.345050 
0.407516 0.132378 0.130034 0.330072 
0.409841 0.189179 0.202951 0.198029 
0.409403 0.203239 0.190630 0.196728 
0.406682 0.198479 0.075295 0.319544 
0.407835 0.161439 0.152923 0.277803 
0.408140 0.173306 0.257517 0.161037 
0.408799 0.172296 0.207605 0.211300 
0.409334 0.198488 0.181643 0.210535 
0.409386 0.200518 0.123538 0.266558 
0.409878 0.135348 0.144377 0.310397 
0.406728 0.210159 0.038086 0.345028 
0.408968 0.142086 0.122797 0.326149 
0.409300 0.130495 0.137285 0.322920 
0.409341 0.101065 0.125495 0.364100 
0.409712 0.161129 0.046584 0.382576 
0.409756 0.143695 0.066768 0.379781 
0.411427 0.105337 0.100120 0.383117 
0.409135 0.112103 0.116039 0.362723 
0.412826 0.078357 0.108595 0.400222 
0.409658 0.057628 0.159095 0.373619 
0.411890 0.143918 0.063413 0.380780 
0.407768 0.186538 0.009233 0.396461 
0.410959 0.097204 0.115997 0.375840 
0.409155 0.130259 0.095684 0.364902 
0.408892 0.125293 0.105776 0.360039 
0.408336 0.113893 0.121081 0.356690 
0.408694 0.156275 0.120855 0.314175 
0.402230 0.315886 0.002973 0.278912 
0.405732 0.214343 0.030245 0.349680 
0.409480 0.114789 0.108645 0.367086 
0.408233 0.167793 0.077284 0.346689 
0.407913 0.110677 0.121101 0.360310 
0.408969 0.100439 0.143639 0.346952 
0.406688 0.032786 0.192925 0.367601 
0.408729 0.043523 0.168205 0.379542 
0.411980 0.147890 0.040289 0.399842 
0.411294 0.042662 0.144875 0.401168 
0.404965 0.007715 0.191674 0.395646 
0.403433 0.027469 0.166219 0.402879 
0.391744 0.198756 0.019632 0.389867 
0.409271 0.019875 0.172929 0.397925 
0.403063 0.003628 0.199967 0.393342 
0.405014 0.142447 0.064757 0.387782 
0.405085 0.177737 0.034780 0.382398 
0.412268 0.051297 0.130714 0.405721 
0.415434 0.057434 0.116402 0.410731 
0.413104 0.139120 0.033650 0.414126 
0.398881 0.199955 0.002836 0.398327 
0.413519 0.136598 0.035043 0.414840 
0.419295 0.079253 0.081092 0.420359 
0.413872 0.128381 0.040683 0.417064 
0.419695 0.106921 0.051491 0.421893 
0.420480 0.096155 0.060500 0.422865 
0.422953 0.071277 0.081041 0.424729 
0.420234 0.055337 0.102525 0.421905 
0.416059 0.117786 0.049793 0.416362 
0.418207 0.116131 0.046590 0.419071 
0.420538 0.080114 0.079374 0.419975 
0.420539 0.072104 0.087329 0.420028 
0.419890 0.055266 0.104953 0.419891 
0.419173 0.076534 0.083553 0.420740 
0.422357 0.067474 0.084929 0.425240 
0.422903 0.077664 0.074454 0.424979 
0.420779 0.086412 0.068955 0.423854 
0.418672 0.088967 0.071737 0.420625 
0.413586 0.088869 0.091841 0.405705 
0.411824 0.102480 0.091545 0.394151 
0.412036 0.074025 0.116520 0.397419 
0.408748 0.088644 0.115657 0.386951 
0.408873 0.135847 0.050641 0.404639 
0.408813 0.121664 0.074794 0.394730 
0.403193 0.166905 0.041607 0.388295 
0.409679 0.109668 0.076662 0.403990 
0.411687 0.062591 0.116525 0.409197 
0.410554 0.045359 0.136706 0.407381 
0.404626 0.017710 0.171043 0.406620 
0.407562 0.029726 0.149095 0.413617 
0.408272 0.116999 0.061073 0.413656 
0.403710 0.025389 0.158028 0.412873 
0.404474 0.081255 0.100859 0.413412 
0.401221 0.050285 0.136516 0.411978 
0.398634 0.163088 0.029312 0.408966 
0.404488 0.130961 0.052988 0.411563 
0.413146 0.096466 0.071230 0.419157 
0.407335 0.130710 0.045395 0.416561 
0.413145 0.090055 0.076427 0.420374 
0.399658 0.176177 0.014950 0.409215 
0.416950 0.046948 0.113587 0.422515 
0.413979 0.052383 0.114137 0.419501 
0.374791 0.234235 0.000224 0.390750 
0.414042 0.023903 0.142210 0.419845 
0.414458 0.019816 0.147232 0.418494 
0.413345 0.046152 0.123890 0.416613 
0.409835 0.074373 0.097766 0.418027 
0.405544 0.052189 0.124852 0.417415 
0.407353 0.042045 0.131978 0.418624 
0.405057 0.045729 0.130256 0.418959 
0.395785 0.048292 0.139628 0.416294 
0.397541 0.039491 0.146191 0.416777 
0.384497 0.067077 0.134154 0.414273 
0.370366 0.053453 0.165406 0.410775 
0.351112 0.139627 0.098634 0.410628 
0.346262 0.026701 0.218375 0.408662 
0.321001 0.031633 0.237300 0.410066 
0.304451 0.030421 0.254482 0.410646 
0.258568 0.106622 0.223197 0.411613 
0.124187 0.249176 0.215032 0.411605 
0.204770 0.151707 0.231609 0.411913 
0.228046 0.121432 0.240670 0.409853 
0.136723 0.191470 0.262017 0.409790 
0.156731 0.172255 0.260089 0.410925 
0.178360 0.144066 0.272857 0.404717 
0.201358 0.136907 0.262161 0.399574 
0.188146 0.146743 0.256921 0.408191 
0.133061 0.304135 0.162176 0.400627 
0.203613 0.268670 0.147114 0.380604 
0.231190 0.189852 0.199602 0.379355 
0.233864 0.160096 0.215920 0.390119 
0.296998 0.061219 0.265148 0.376635 
0.320777 0.023682 0.306548 0.348993 
0.098417 0.229451 0.310943 0.361188 
0.100499 0.253650 0.288630 0.357222 
0.053113 0.323143 0.284053 0.339691 
0.061195 0.312551 0.282486 0.343768 
0.067974 0.329813 0.277203 0.325010 
0.176863 0.176696 0.294305 0.352135 
0.079810 0.319515 0.253270 0.347405 
0.202885 0.217837 0.249231 0.330046 
0.164940 0.228382 0.246659 0.360020 
0.127799 0.332998 0.218028 0.321174 
0.185706 0.211018 0.251410 0.351866 
0.233624 0.211864 0.197806 0.356705 
0.262684 0.159407 0.209560 0.368349 
0.211235 0.186917 0.233508 0.368340 
0.245402 0.174112 0.230005 0.350481 
0.334641 0.183065 0.175933 0.306361 
0.217073 0.221618 0.228581 0.332728 
0.220579 0.289571 0.213036 0.276815 
0.265140 0.230131 0.274580 0.230149 
0.281203 0.336441 0.218350 0.164006 
0.248487 0.238495 0.274492 0.238526 
0.223531 0.251324 0.235540 0.289605 
0.164034 0.331114 0.198636 0.306217 
0.214574 0.322107 0.245480 0.217839 
0.213594 0.327403 0.231238 0.227765 
0.240480 0.265294 0.262916 0.231310 
0.249279 0.228742 0.291081 0.230898 
0.292615 0.249382 0.275123 0.182880 
0.200710 0.344212 0.233757 0.221320 
0.232099 0.349653 0.229629 0.188619 
0.325391 0.248860 0.271041 0.154708 
0.308802 0.349246 0.227469 0.114484 
0.341698 0.262007 0.273770 0.122525 
0.352806 0.299762 0.235558 0.111875 
0.369579 0.171685 0.311956 0.146779 
0.354100 0.033894 0.293938 0.318068 
0.295026 0.177670 0.305056 0.222248 
0.237796 0.258794 0.243319 0.260091 
0.277595 0.182484 0.325180 0.214741 
0.176682 0.152807 0.328885 0.341627 
0.248901 0.111362 0.325758 0.313980 
0.256528 0.087996 0.309819 0.345657 
0.151274 0.205363 0.288596 0.354768 
0.140449 0.209692 0.285956 0.363903 
0.127367 0.269955 0.309904 0.292774 
0.096981 0.336247 0.306716 0.260056 
0.149643 0.306789 0.306984 0.236584 
0.192051 0.205177 0.316563 0.286209 
0.264482 0.154793 0.307410 0.273315 
0.283881 0.326337 0.299572 0.090210 
0.274772 0.208862 0.247591 0.268774 
0.192328 0.244227 0.214797 0.348648 
0.315300 0.228349 0.207132 0.249219 
0.321212 0.205842 0.263987 0.208959 
0.263551 0.249785 0.269595 0.217070 
0.167179 0.336965 0.187654 0.308201 
0.201272 0.356925 0.135149 0.306653 
0.221089 0.345446 0.080416 0.353049 
0.117327 0.372037 0.167394 0.343241 
0.166672 0.354396 0.171625 0.307308 
0.278135 0.321727 0.224046 0.176092 
0.304716 0.160223 0.247140 0.287921 
0.315574 0.122923 0.209757 0.351746 
0.316783 0.126803 0.220761 0.335653 
0.316318 0.244910 0.145168 0.293604 
0.357026 0.124011 0.186327 0.332636 
0.372356 0.183876 0.265346 0.178421 
0.368406 0.167948 0.242593 0.221053 
0.382215 0.111585 0.257906 0.248294 
0.362543 0.073115 0.235469 0.328873 
0.354550 0.204425 0.261812 0.179213 
0.367873 0.176997 0.237277 0.217853 
0.345034 0.131964 0.198549 0.324453 
0.365009 0.162213 0.164579 0.308199 
0.371739 0.168154 0.149674 0.310434 
0.364742 0.339278 0.058409 0.237571 
0.344316 0.110940 0.282166 0.262578 
0.339545 0.125673 0.296623 0.238160 
0.175696 0.257270 0.306383 0.260651 
0.271225 0.180725 0.279810 0.268240 
0.130182 0.331250 0.275748 0.262819 
0.120774 0.313053 0.310794 0.255379 
0.187106 0.157160 0.320306 0.335428 
0.188197 0.157152 0.322729 0.331922 
0.153008 0.210120 0.320109 0.316763 
0.073032 0.288872 0.315139 0.322957 
0.138633 0.334869 0.251461 0.275037 
0.196305 0.254274 0.293254 0.256166 
0.331576 0.194270 0.271000 0.203153 
0.299406 0.307631 0.283484 0.109479 
0.344576 0.271088 0.320949 0.063387 
0.292259 0.195005 0.318901 0.193835 
0.252519 0.256056 0.330960 0.160465 
0.307622 0.283017 0.310207 0.099153 
0.320996 0.066307 0.322764 0.289934 
0.328861 0.133353 0.319515 0.218271 
0.180078 0.225625 0.339333 0.254964 
0.164946 0.252195 0.322866 0.259994 
0.094465 0.308953 0.273056 0.323526 
0.340684 0.344036 0.248469 0.066812 
0.361162 0.273131 0.275651 0.090056 
0.369960 0.327735 0.253675 0.048631 
0.378080 0.189880 0.155482 0.276558 
0.376463 0.132389 0.178646 0.312502 
0.363955 0.158868 0.215786 0.261391 
0.365309 0.278449 0.106143 0.250099 
0.360565 0.085678 0.271984 0.281772 
0.318524 0.181629 0.235315 0.264532 
0.145291 0.330219 0.233557 0.290932 
0.121395 0.362034 0.260664 0.255907 
0.212442 0.370069 0.145656 0.271833 
0.162222 0.342936 0.230391 0.264451 
0.209511 0.309459 0.189761 0.291269 
0.191607 0.264585 0.214106 0.329703 
0.165706 0.347802 0.142699 0.343793 
0.147479 0.343458 0.174935 0.334128 
0.148557 0.329240 0.186132 0.336071 
0.179262 0.320179 0.155156 0.345403 
0.281092 0.243498 0.157169 0.318240 
0.348473 0.182835 0.181397 0.287295 
0.207731 0.266491 0.189027 0.336751 
0.157325 0.300909 0.200078 0.341688 
0.201558 0.335626 0.121513 0.341303 
0.289686 0.268575 0.126169 0.315571 
0.178094 0.252904 0.243956 0.325046 
0.165775 0.258203 0.258553 0.317469 
0.217191 0.193486 0.274804 0.314518 
0.210456 0.213288 0.294036 0.282219 
0.215845 0.224039 0.281931 0.278186 
0.189234 0.273662 0.228078 0.309027 
0.182149 0.344377 0.149137 0.324337 
0.261629 0.304204 0.192099 0.242068 
0.191497 0.208907 0.279515 0.320081 
0.181862 0.181386 0.293933 0.342819 
0.197889 0.286800 0.207979 0.307331 
0.263776 0.172983 0.259143 0.304097 
0.190713 0.189049 0.273641 0.346597 
0.268064 0.168812 0.261973 0.301151 
0.276792 0.148620 0.254804 0.319784 
0.325256 0.118417 0.245902 0.310425 
0.356609 0.132270 0.218466 0.292656 
0.318528 0.249196 0.180613 0.251662 
0.315687 0.342294 0.084361 0.257658 
0.345194 0.233369 0.173389 0.248048 
0.347427 0.149931 0.176303 0.326338 
0.257574 0.182264 0.215222 0.344941 
0.302141 0.219041 0.136083 0.342735 
0.305715 0.178259 0.174761 0.341265 
0.247001 0.247451 0.234580 0.270968 
0.257909 0.228210 0.234654 0.279227 
0.257148 0.253375 0.266948 0.222529 
0.249189 0.363305 0.197329 0.190177 
0.288464 0.355322 0.207019 0.149196 
0.260271 0.298786 0.242982 0.197962 
0.242045 0.291064 0.250466 0.216425 
0.338642 0.193748 0.242173 0.225437 
0.352365 0.289560 0.100013 0.258061 
0.330139 0.254986 0.117160 0.297715 
0.361619 0.300306 0.159007 0.179068 
0.322098 0.280920 0.100603 0.296379 
0.331126 0.231601 0.248256 0.189017 
0.353548 0.234139 0.218592 0.193721 
0.347541 0.302616 0.199740 0.150103 
0.316541 0.336758 0.201229 0.145472 
0.339758 0.207458 0.247630 0.205154 
0.363315 0.293388 0.202476 0.140821 
0.371224 0.217447 0.228709 0.182620 
0.349205 0.216788 0.249801 0.184205 
0.343153 0.230442 0.269748 0.156657 
0.389720 0.177424 0.249409 0.183447 
0.380644 0.328352 0.178759 0.112245 
0.383161 0.294548 0.185693 0.136598 
0.339407 0.332113 0.286275 0.042205 
0.158955 0.371980 0.305236 0.163829 
0.247001 0.292227 0.296499 0.164273 
0.176511 0.344202 0.320620 0.158668 
0.188808 0.279491 0.340382 0.191319 
0.273279 0.187885 0.355293 0.183543 
0.285682 0.183873 0.332520 0.197925 
0.196092 0.258998 0.339293 0.205617 
0.241656 0.245463 0.331390 0.181491 
0.227381 0.202628 0.351767 0.218224 
0.215658 0.225408 0.345299 0.213635 
0.216245 0.305614 0.323017 0.155124 
0.274094 0.225130 0.272438 0.228338 
0.340703 0.257726 0.257706 0.143865 
0.241709 0.222676 0.253197 0.282418 
0.342958 0.202825 0.205555 0.248662 
0.267164 0.231875 0.231782 0.269179 
0.268726 0.257701 0.228456 0.245117 
0.232812 0.303701 0.220111 0.243376 
0.225495 0.315406 0.275109 0.183990 
0.247893 0.214220 0.305069 0.232818 
0.284610 0.177676 0.308427 0.229287 
0.346195 0.128205 0.313240 0.212360 
0.382902 0.166849 0.188687 0.261562 
0.349674 0.217519 0.144385 0.288423 
0.200670 0.295711 0.216633 0.286986 
0.315651 0.242218 0.169770 0.272361 
0.226911 0.345031 0.126041 0.302017 
0.195990 0.322337 0.161688 0.319985 
0.184290 0.324063 0.167494 0.324153 
0.237978 0.334626 0.118686 0.308710 
0.172229 0.315914 0.185235 0.326622 
0.202341 0.266874 0.214819 0.315966 
0.250964 0.204929 0.229285 0.314822 
0.169419 0.289050 0.238633 0.302898 
0.193780 0.295133 0.204209 0.306878 
0.331121 0.187193 0.207972 0.273714 
0.324714 0.197089 0.202919 0.275277 
0.360092 0.202654 0.193162 0.244092 
0.346625 0.183255 0.269024 0.201096 
0.346000 0.160361 0.314374 0.179264 
0.337750 0.208947 0.300347 0.152956 
0.264154 0.231798 0.322652 0.181397 
0.276430 0.210828 0.334367 0.178375 
0.220987 0.234597 0.316559 0.227857 
0.236564 0.213448 0.332952 0.217035 
0.209293 0.255102 0.332917 0.202688 
0.249836 0.191216 0.342466 0.216482 
0.223320 0.200065 0.336015 0.240600 
0.316404 0.161376 0.306626 0.215594 
0.217322 0.260058 0.285644 0.236976 
0.222056 0.211681 0.331256 0.235007 
0.218164 0.216824 0.326475 0.238537 
0.196046 0.315313 0.285126 0.203515 
0.337875 0.248323 0.270463 0.143338 
0.339403 0.249480 0.191324 0.219793 
0.218161 0.316204 0.216923 0.248712 
0.246945 0.243001 0.229906 0.280148 
0.361865 0.182583 0.199583 0.255969 
0.302736 0.266005 0.197670 0.233589 
0.343894 0.190709 0.283531 0.181867 
0.179905 0.299183 0.258592 0.262320 
0.216408 0.186713 0.297402 0.299477 
0.205446 0.204553 0.281818 0.308183 
0.287000 0.121782 0.279967 0.311251 
0.281492 0.112967 0.293483 0.312059 
0.229269 0.195470 0.249610 0.325651 
0.324345 0.159321 0.194333 0.322002 
0.314436 0.253371 0.109768 0.322425 
0.359336 0.323367 0.020313 0.296984 
0.367171 0.149278 0.160757 0.322793 
0.338857 0.168484 0.152074 0.340585 
0.333874 0.160087 0.179415 0.326624 
0.336525 0.174470 0.149667 0.339337 
0.311518 0.189532 0.150556 0.348393 
0.269121 0.187009 0.187409 0.356461 
0.306580 0.151591 0.190133 0.351696 
0.243917 0.166875 0.233091 0.356116 
0.098772 0.311334 0.228549 0.361345 
0.170730 0.238326 0.222704 0.368240 
0.152839 0.324394 0.162519 0.360247 
0.322891 0.252923 0.075382 0.348804 
0.344615 0.263117 0.055830 0.336438 
0.361179 0.129232 0.177019 0.332569 
0.309454 0.154720 0.194494 0.341332 
0.326199 0.205650 0.127136 0.341015 
0.315024 0.152608 0.192034 0.340333 
0.230009 0.312348 0.176428 0.281215 
0.115307 0.338347 0.300504 0.245843 
0.187066 0.273524 0.301383 0.238028 
0.271102 0.171129 0.261057 0.296712 
0.204931 0.328296 0.179678 0.287095 
0.194900 0.358830 0.156749 0.289521 
0.329744 0.288601 0.107300 0.274355 
0.312704 0.229575 0.162319 0.295401 
0.241948 0.232162 0.232698 0.293192 
0.232633 0.241111 0.233550 0.292705 
0.255682 0.230103 0.241180 0.273036 
0.202280 0.199215 0.320558 0.277947 
0.223989 0.174093 0.312157 0.289761 
0.289785 0.118073 0.306028 0.286115 
0.118434 0.306420 0.287389 0.287757 
0.097391 0.284329 0.316569 0.301711 
0.167993 0.232803 0.341939 0.257265 
0.101176 0.308187 0.364966 0.225670 
0.080228 0.291893 0.394130 0.233749 
0.319866 0.209545 0.404659 0.065930 
0.103779 0.277467 0.383602 0.235151 
0.237224 0.157921 0.363455 0.241400 
0.155029 0.222102 0.356734 0.266135 
0.253222 0.287933 0.198709 0.260136 
0.325637 0.265833 0.226543 0.181987 
0.316124 0.293290 0.292052 0.098534 
0.182090 0.326103 0.248524 0.243282 
0.199785 0.318601 0.253404 0.228210 
0.195585 0.271563 0.312624 0.220228 
0.255612 0.335121 0.208857 0.200409 
0.322955 0.297909 0.176291 0.202844 
0.324999 0.355371 0.148308 0.171322 
0.219399 0.350485 0.257572 0.172544 
0.227122 0.362677 0.196345 0.213856 
0.267661 0.374999 0.166308 0.191032 
0.188611 0.387503 0.210458 0.213428 
0.193762 0.391893 0.193425 0.220920 
0.208933 0.393270 0.286367 0.111430 
0.215872 0.387997 0.320189 0.075942 
0.224526 0.393033 0.299559 0.082881 
0.108214 0.396303 0.298816 0.196667 
0.141861 0.389344 0.237426 0.231370 
0.204074 0.385862 0.173636 0.236428 
0.200584 0.386075 0.171983 0.241357 
0.298273 0.387482 0.127299 0.186947 
0.208876 0.398235 0.204874 0.188016 
0.174067 0.401897 0.193112 0.230924 
0.191967 0.399996 0.185748 0.222289 
0.147794 0.398171 0.257942 0.196093 
0.158542 0.400010 0.244089 0.197358 
0.251512 0.396587 0.162539 0.189362 
0.233186 0.396835 0.155891 0.214088 
0.289176 0.395387 0.147042 0.168395 
0.202412 0.394195 0.273149 0.130243 
0.180908 0.397307 0.226104 0.195682 
0.158229 0.391928 0.288035 0.161807 
0.136572 0.396105 0.318505 0.148818 
0.243475 0.400493 0.314887 0.041145 
0.172044 0.401950 0.310944 0.115062 
0.132018 0.400957 0.340239 0.126785 
0.212541 0.399261 0.324651 0.063548 
0.176241 0.398209 0.333630 0.091920 
0.206162 0.395377 0.361720 0.036741 
0.105465 0.398461 0.399507 0.096568 
0.107335 0.403598 0.394585 0.094482 
0.107161 0.402244 0.410377 0.080219 
0.112242 0.404195 0.403894 0.079669 
0.102860 0.407308 0.393780 0.096051 
0.114151 0.396157 0.398461 0.091232 
0.122097 0.402512 0.406835 0.068555 
0.084668 0.410304 0.413607 0.091420 
0.081709 0.403324 0.409897 0.105069 
0.090387 0.393384 0.412900 0.103329 
0.098353 0.383198 0.408777 0.109673 
0.082024 0.386877 0.408001 0.123097 
0.137516 0.397595 0.407518 0.057371 
0.095582 0.397798 0.408846 0.097774 
0.136667 0.398963 0.413268 0.051102 
0.090652 0.400935 0.411715 0.096698 
0.105352 0.395798 0.411527 0.087323 
0.097179 0.405687 0.413677 0.083457 
0.104166 0.400706 0.408825 0.086303 
0.097813 0.389679 0.408693 0.103815 
0.108752 0.388554 0.410780 0.091914 
0.126203 0.371034 0.412154 0.090609 
0.195102 0.361768 0.403197 0.039933 
0.113515 0.389658 0.404599 0.092229 
0.102218 0.391196 0.400390 0.106196 
0.107421 0.395045 0.414132 0.083402 
0.102898 0.390732 0.413850 0.092519 
0.112521 0.378455 0.413281 0.095743 
0.127636 0.382832 0.414584 0.074948 
0.110241 0.372025 0.414325 0.103409 
0.148235 0.358013 0.413080 0.080672 
0.278636 0.323997 0.397171 0.000195 
0.100003 0.377332 0.414871 0.107794 
0.125391 0.379282 0.414104 0.081223 
0.228601 0.352916 0.403283 0.015199 
0.196724 0.359664 0.407739 0.035872 
0.256203 0.333353 0.405684 0.004760 
0.115512 0.359757 0.409091 0.115640 
0.114171 0.353957 0.411870 0.120002 
0.116382 0.356662 0.412844 0.114112 
0.112144 0.369784 0.412863 0.105209 
0.102320 0.377867 0.414369 0.105444 
0.200325 0.356180 0.409908 0.033587 
0.120584 0.364551 0.413048 0.101818 
0.093065 0.389018 0.414398 0.103519 
0.192545 0.383653 0.406214 0.017588 
0.091868 0.395649 0.415401 0.097081 
0.100956 0.396365 0.409235 0.093444 
0.079231 0.401253 0.411665 0.107852 
0.167506 0.395508 0.395875 0.041112 
0.237873 0.396310 0.348049 0.017768 
0.191618 0.406636 0.308894 0.092852 
0.302591 0.411362 0.173136 0.112911 
0.223120 0.412529 0.172052 0.192299 
0.288837 0.412407 0.149942 0.148814 
0.304709 0.412454 0.169284 0.113553 
0.337793 0.412768 0.144310 0.105129 
0.335064 0.410035 0.236837 0.018064 
0.339570 0.412677 0.095833 0.151921 
0.234452 0.412703 0.149176 0.203669 
0.184731 0.412956 0.190904 0.211409 
0.200543 0.411093 0.316249 0.072115 
0.288647 0.412323 0.155200 0.143829 
0.179746 0.412189 0.213812 0.194253 
0.176188 0.412120 0.230730 0.180962 
0.125978 0.409605 0.307244 0.157172 
0.189464 0.410927 0.188479 0.211129 
0.192786 0.411117 0.191842 0.204255 
0.242979 0.410015 0.163212 0.183794 
0.288180 0.410623 0.130739 0.170458 
0.174366 0.410961 0.250619 0.164054 
0.212342 0.409252 0.261822 0.116585 
0.142759 0.407582 0.290977 0.158682 
0.137816 0.411106 0.282016 0.169062 
0.175435 0.411145 0.222437 0.190983 
0.162546 0.411994 0.242422 0.183038 
0.193337 0.412661 0.192720 0.201283 
0.187098 0.413068 0.207664 0.192170 
0.288803 0.412721 0.174622 0.123854 
0.374802 0.415269 0.111782 0.098148 
0.225649 0.411902 0.306912 0.055538 
0.272465 0.412539 0.189932 0.125065 
0.271252 0.412740 0.194758 0.121250 
0.165471 0.412956 0.255213 0.166360 
0.220572 0.412873 0.198820 0.167735 
0.262526 0.412772 0.184827 0.139875 
0.239217 0.412982 0.174774 0.173027 
0.252767 0.412931 0.163498 0.170803 
0.260605 0.412709 0.165670 0.161016 
0.182618 0.412845 0.179371 0.225167 
0.173698 0.412919 0.174639 0.238745 
0.117196 0.411831 0.295362 0.175611 
0.117418 0.412503 0.277768 0.192311 
0.175692 0.412495 0.212081 0.199732 
0.188928 0.409566 0.186539 0.214967 
0.199144 0.409539 0.186832 0.204485 
0.198463 0.405384 0.188574 0.207579 
0.184644 0.403165 0.203198 0.208993 
0.205172 0.402236 0.182350 0.210242 
0.170061 0.402076 0.233394 0.194469 
0.230503 0.403725 0.173382 0.192389 
0.165588 0.393074 0.332722 0.108616 
0.238251 0.399108 0.191072 0.171570 
0.251106 0.395023 0.204050 0.149821 
0.184160 0.391484 0.240832 0.183524 
0.254057 0.397270 0.180397 0.168276 
0.237095 0.394102 0.187732 0.181071 
0.199775 0.396321 0.202516 0.201388 
0.218079 0.384969 0.315226 0.081726 
0.277144 0.387091 0.167952 0.167813 
0.280342 0.395180 0.162742 0.161736 
0.318586 0.389545 0.193283 0.098586 
0.312098 0.381577 0.169802 0.136523 
0.242154 0.375203 0.315840 0.066804 
0.189467 0.382906 0.306306 0.121320 
0.187166 0.381280 0.300889 0.130665 
0.306743 0.375814 0.163573 0.153870 
0.158138 0.383355 0.302318 0.156188 
0.140841 0.379818 0.328368 0.150973 
0.135185 0.368931 0.364120 0.131764 
0.112574 0.357352 0.371386 0.158688 
0.128340 0.354760 0.365939 0.150961 
0.170338 0.352989 0.345262 0.131410 
0.274452 0.363848 0.190875 0.170825 
0.319682 0.351532 0.159843 0.168942 
0.238657 0.360390 0.197092 0.203862 
0.299747 0.341173 0.167517 0.191563 
0.192707 0.357427 0.218056 0.231811 
0.293670 0.343778 0.276451 0.086100 
0.353408 0.328478 0.192406 0.125707 
0.254776 0.312001 0.338674 0.094550 
0.275849 0.296573 0.337981 0.089597 
0.214521 0.327456 0.218323 0.239700 
0.213103 0.301072 0.260817 0.225008 
0.283468 0.183548 0.348177 0.184807 
0.239502 0.210150 0.355021 0.195328 
0.209558 0.243634 0.343984 0.202824 
0.195233 0.309310 0.291929 0.203527 
0.205896 0.321433 0.250103 0.222568 
0.302516 0.309292 0.168272 0.219920 
0.267328 0.317750 0.205987 0.208935 
0.329145 0.305074 0.131469 0.234313 
0.310343 0.312554 0.126298 0.250804 
0.248390 0.277258 0.345836 0.128516 
0.368019 0.321395 0.066091 0.244495 
0.170294 0.304027 0.212293 0.313386 
0.099959 0.304982 0.281848 0.313211 
0.246335 0.255664 0.159674 0.338327 
0.245778 0.272361 0.141834 0.340027 
0.333708 0.248927 0.084246 0.333120 
0.339146 0.168993 0.167668 0.324193 
0.344607 0.161811 0.160816 0.332766 
0.342831 0.025895 0.341744 0.289530 
0.381100 0.036353 0.298765 0.283781 
0.367832 0.282206 0.052093 0.297868 
0.391332 0.089448 0.213499 0.305721 
0.366941 0.093916 0.281195 0.257948 
0.303126 0.102413 0.326861 0.267600 
0.210690 0.231838 0.280554 0.276918 
0.215572 0.334088 0.285927 0.164414 
0.100676 0.367242 0.285757 0.246325 
0.210441 0.358591 0.149245 0.281724 
0.207403 0.278533 0.210406 0.303658 
0.234377 0.241097 0.209662 0.314864 
0.259111 0.210020 0.204793 0.326076 
0.228721 0.115795 0.349544 0.305940 
0.135722 0.228143 0.335083 0.301053 
0.037625 0.309072 0.354148 0.299156 
0.049562 0.324647 0.332643 0.293148 
0.059262 0.360198 0.307581 0.272959 
0.137392 0.337324 0.280656 0.244627 
0.284930 0.104497 0.322141 0.288432 
0.299103 0.146268 0.291463 0.263166 
0.329074 0.112786 0.335478 0.222663 
0.273601 0.140591 0.340677 0.245131 
0.217707 0.150018 0.352902 0.279373 
0.208068 0.158203 0.351538 0.282192 
0.219102 0.261475 0.206982 0.312441 
0.185431 0.320372 0.182247 0.311951 
0.176269 0.279442 0.253447 0.290843 
0.202340 0.323618 0.193924 0.280118 
0.303765 0.342351 0.119504 0.234380 
0.277474 0.314568 0.126609 0.281348 
0.281020 0.261078 0.229426 0.228476 
0.202432 0.323706 0.342471 0.131391 
0.310713 0.375013 0.086785 0.227489 
0.324505 0.267345 0.148271 0.259880 
0.279398 0.233224 0.223710 0.263668 
0.330720 0.280076 0.255304 0.133900 
0.354057 0.243588 0.144752 0.257602 
0.362094 0.181917 0.174424 0.281565 
0.266913 0.213018 0.219405 0.300664 
0.222281 0.252516 0.228679 0.296524 
0.223079 0.245880 0.223343 0.307698 
0.212281 0.259348 0.211483 0.316888 
0.115904 0.330441 0.251420 0.302235 
0.200310 0.373154 0.150582 0.275954 
0.164406 0.346475 0.204715 0.284404 
0.199812 0.226946 0.245629 0.327613 
0.082976 0.341491 0.269107 0.306426 
0.138157 0.356928 0.193721 0.311195 
0.185557 0.357708 0.157984 0.298752 
0.216408 0.279277 0.205220 0.299095 
0.210295 0.256805 0.217041 0.315859 
0.203702 0.281515 0.197399 0.317385 
0.202667 0.302325 0.255409 0.239600 
0.187660 0.332593 0.198997 0.280750 
0.077073 0.365540 0.320802 0.236585 
0.060108 0.336482 0.323924 0.279486 
0.083242 0.281149 0.338235 0.297373 
0.206728 0.188704 0.312107 0.292461 
0.207222 0.270041 0.319171 0.203566 
0.194201 0.222993 0.340889 0.241917 
0.208895 0.176951 0.368369 0.245785 
0.142174 0.255351 0.360375 0.242099 
0.227083 0.146179 0.358164 0.268574 
0.184556 0.188837 0.360680 0.265927 
0.210855 0.206442 0.316881 0.265822 
0.199956 0.171434 0.360766 0.267844 
0.222689 0.208277 0.341577 0.227457 
0.179738 0.238976 0.314785 0.266501 
0.155690 0.233774 0.370364 0.240172 
0.167837 0.215750 0.350926 0.265488 
0.207467 0.190815 0.302508 0.299210 
0.169468 0.290308 0.258210 0.282014 
0.165573 0.326892 0.264643 0.242892 
0.214301 0.275508 0.238901 0.271290 
0.199060 0.236595 0.334569 0.229777 
0.262883 0.265910 0.197339 0.273868 
0.227780 0.282975 0.206277 0.282967 
0.195418 0.310120 0.233530 0.260932 
0.214902 0.263073 0.218524 0.303501 
0.251240 0.249654 0.201732 0.297374 
0.193527 0.202859 0.288926 0.314688 
0.165473 0.264398 0.284734 0.285394 
0.158770 0.348616 0.208142 0.284472 
0.045519 0.384010 0.307456 0.263015 
0.179822 0.360418 0.169886 0.289874 
0.095721 0.341016 0.251803 0.311459 
0.116039 0.234426 0.358061 0.291474 
0.137476 0.204579 0.348197 0.309748 
0.191852 0.171782 0.314480 0.321886 
0.226087 0.161655 0.286267 0.325991 
0.164075 0.167036 0.357086 0.311803 
0.157235 0.152614 0.369578 0.320573 
0.095390 0.219765 0.383676 0.301169 
0.103445 0.242128 0.386450 0.267977 
0.144718 0.187729 0.382827 0.284726 
0.030096 0.311826 0.353674 0.304404 
0.064601 0.353348 0.346011 0.236040 
0.156363 0.316154 0.372941 0.154542 
0.243718 0.336342 0.368783 0.051158 
0.267098 0.197491 0.367941 0.167469 
0.238697 0.342006 0.369749 0.049548 
0.270587 0.360742 0.326652 0.042019 
0.264689 0.331040 0.357389 0.046882 
0.275657 0.183854 0.389501 0.150988 
0.262212 0.166086 0.378744 0.192957 
0.263538 0.200746 0.387817 0.147899 
0.253823 0.195297 0.394053 0.156827 
0.239071 0.211049 0.402414 0.147466 
0.180951 0.339117 0.388542 0.091391 
0.262629 0.148704 0.400845 0.187822 
0.242980 0.269642 0.394426 0.092953 
0.197976 0.334161 0.398391 0.069472 
0.242371 0.168080 0.400037 0.189512 
0.239827 0.239604 0.396771 0.123798 
0.170299 0.320227 0.389345 0.120128 
0.200258 0.238479 0.389625 0.171638 
0.218824 0.203547 0.387192 0.190437 
0.226684 0.203685 0.366592 0.203040 
0.216543 0.232636 0.345478 0.205343 
0.096047 0.300673 0.313551 0.289729 
0.248398 0.078073 0.344146 0.329383 
0.266877 0.054334 0.339831 0.338959 
0.271470 0.060068 0.361237 0.307225 
0.219923 0.161790 0.369388 0.248899 
0.229363 0.191931 0.386354 0.192353 
0.243563 0.205863 0.397251 0.153323 
0.238711 0.163876 0.402315 0.195099 
0.237066 0.133190 0.398295 0.231449 
0.206783 0.214936 0.397500 0.180781 
0.170532 0.286548 0.388480 0.154440 
0.203870 0.216216 0.391755 0.188160 
0.197599 0.233627 0.381318 0.187457 
0.222780 0.200919 0.375695 0.200606 
0.219731 0.193552 0.356618 0.230100 
0.220332 0.195708 0.358075 0.225884 
0.204419 0.182498 0.367322 0.245761 
0.207652 0.213675 0.349358 0.229314 
0.227133 0.203221 0.364292 0.205354 
0.188564 0.228734 0.340783 0.241919 
0.203308 0.274634 0.294589 0.227469 
0.294170 0.235496 0.243021 0.227313 
0.300542 0.234950 0.232168 0.232341 
0.282572 0.371851 0.243970 0.101608 
0.322618 0.207870 0.219180 0.250332 
0.313760 0.243268 0.171055 0.271918 
0.217246 0.396225 0.103970 0.282559 
0.183173 0.413871 0.096330 0.306627 
0.223256 0.402763 0.055291 0.318690 
0.205813 0.394766 0.064870 0.334551 
0.176086 0.398380 0.084701 0.340834 
0.110834 0.379194 0.166679 0.343293 
0.194389 0.380137 0.081353 0.344121 
0.189336 0.403483 0.077386 0.329795 
0.242724 0.369473 0.063921 0.323882 
0.248901 0.298416 0.107111 0.345572 
0.258576 0.331087 0.058124 0.352213 
0.283141 0.287835 0.067678 0.361346 
0.251475 0.308639 0.081261 0.358625 
0.295709 0.247135 0.094014 0.363141 
0.319507 0.148919 0.164653 0.366921 
0.286223 0.196488 0.150415 0.366874 
0.303543 0.251872 0.076863 0.367722 
0.255844 0.159524 0.216123 0.368508 
0.194636 0.153133 0.301756 0.350475 
0.168208 0.144661 0.343286 0.343845 
0.077187 0.271774 0.349377 0.301662 
0.072374 0.265427 0.344701 0.317498 
0.069754 0.355389 0.358218 0.216639 
0.119619 0.378211 0.322369 0.179801 
0.035403 0.349588 0.326303 0.288705 
0.102214 0.321553 0.358092 0.218142 
0.074013 0.359271 0.344506 0.222210 
0.052779 0.334131 0.367190 0.245900 
0.028056 0.366964 0.360217 0.244763 
0.019753 0.390712 0.285189 0.304346 
0.018149 0.396014 0.263270 0.322566 
0.063109 0.391509 0.210865 0.334517 
0.004713 0.390889 0.270691 0.333706 
0.000493 0.367652 0.295759 0.336097 
0.000247 0.336492 0.324699 0.338562 
0.002593 0.309690 0.330286 0.357431 
0.002597 0.318393 0.322235 0.356775 
0.091410 0.355289 0.180148 0.373154 
0.203020 0.341893 0.084028 0.371059 
0.180381 0.264776 0.179973 0.374870 
0.192433 0.139063 0.305461 0.363043 
0.144342 0.254675 0.245018 0.355964 
0.011762 0.327107 0.342398 0.318734 
0.008344 0.328996 0.318631 0.344029 
0.014730 0.303942 0.335588 0.345740 
0.031691 0.286464 0.331888 0.349957 
0.004569 0.345730 0.349226 0.300475 
0.005553 0.373404 0.341602 0.279441 
0.011600 0.360848 0.346349 0.281202 
0.010563 0.364074 0.349577 0.275786 
0.003923 0.366458 0.367700 0.261919 
