0.269496 0.192419 0.268472 0.269614 
0.272474 0.180317 0.274671 0.272538 
0.274416 0.271830 0.278537 0.175217 
0.251025 0.247105 0.250733 0.251137 
0.263015 0.202166 0.269081 0.265739 
0.248775 0.247067 0.257863 0.246295 
0.251246 0.244853 0.259350 0.244551 
0.266792 0.224966 0.248497 0.259744 
0.307835 0.077756 0.306969 0.307440 
0.273043 0.223339 0.224205 0.279413 
0.255906 0.256226 0.218352 0.269516 
0.264874 0.230102 0.231360 0.273665 
0.286421 0.276806 0.146713 0.290061 
0.307988 0.307949 0.076691 0.307372 
0.282419 0.244286 0.188565 0.284730 
0.275297 0.272565 0.171657 0.280480 
0.296324 0.207810 0.197891 0.297975 
0.294517 0.294733 0.117913 0.292837 
0.302300 0.302191 0.107795 0.287713 
0.296088 0.304427 0.287800 0.111685 
0.306154 0.324524 0.351349 0.017973 
0.304013 0.306118 0.389848 0.000020 
0.300706 0.339775 0.359518 0.000000 
0.296598 0.334461 0.368941 0.000000 
0.268299 0.363986 0.367715 0.000000 
0.259007 0.413388 0.327604 0.000000 
0.216021 0.471745 0.311466 0.000768 
0.208178 0.434417 0.357403 0.000002 
0.223916 0.431632 0.344450 0.000001 
0.247357 0.402354 0.350289 0.000000 
0.231378 0.396393 0.372229 0.000000 
0.244436 0.382870 0.372694 0.000000 
0.228609 0.421479 0.349912 0.000000 
0.223439 0.433654 0.342907 0.000001 
0.239488 0.386183 0.374329 0.000000 
0.241839 0.393143 0.365018 0.000000 
0.261354 0.355975 0.382671 0.000000 
0.256929 0.356560 0.386511 0.000000 
0.264182 0.395578 0.340240 0.000000 
0.247638 0.362435 0.389927 0.000000 
0.213209 0.446599 0.340191 0.000001 
0.206228 0.474223 0.319522 0.000027 
0.178099 0.554656 0.266807 0.000438 
0.159928 0.561892 0.270892 0.007288 
0.117179 0.327250 0.252846 0.302724 
0.115314 0.286907 0.238908 0.358871 
0.116926 0.286246 0.232503 0.364325 
0.125824 0.050070 0.275091 0.549015 
0.123159 0.167698 0.275686 0.433457 
0.116920 0.350420 0.254923 0.277738 
0.114869 0.426963 0.262974 0.195193 
0.122348 0.377354 0.199096 0.301203 
0.121224 0.370885 0.194356 0.313536 
0.116964 0.391643 0.228320 0.263073 
0.129650 0.578349 0.230747 0.061254 
0.124481 0.502512 0.211028 0.161978 
0.162016 0.544512 0.292879 0.000593 
0.152469 0.504545 0.342598 0.000389 
0.157674 0.424433 0.417813 0.000080 
0.178923 0.288304 0.532331 0.000442 
0.115632 0.045727 0.360471 0.478170 
0.100740 0.199582 0.344527 0.355151 
0.096876 0.202406 0.368872 0.331846 
0.101484 0.439521 0.392007 0.066987 
0.117580 0.424347 0.313720 0.144353 
0.131078 0.465574 0.382156 0.021193 
0.131567 0.504511 0.355999 0.007923 
0.128958 0.512950 0.334776 0.023316 
0.148266 0.519925 0.330142 0.001668 
0.159090 0.492740 0.347800 0.000371 
0.258941 0.171061 0.569993 0.000006 
0.190156 0.425822 0.384001 0.000021 
0.189530 0.411416 0.399038 0.000016 
0.185637 0.399577 0.413952 0.000835 
0.184689 0.367343 0.447895 0.000073 
0.267104 0.146940 0.585939 0.000017 
0.213890 0.298633 0.487448 0.000029 
0.264952 0.086267 0.648614 0.000167 
0.203454 0.238836 0.556574 0.001136 
0.247478 0.018390 0.656473 0.077659 
0.232877 0.069815 0.694856 0.002452 
0.230602 0.022509 0.743617 0.003272 
0.241401 0.013399 0.743531 0.001669 
0.237857 0.058312 0.700103 0.003729 
0.229941 0.053490 0.713222 0.003346 
0.199925 0.339176 0.460773 0.000125 
0.212661 0.300557 0.486744 0.000038 
0.255005 0.218923 0.526053 0.000019 
0.260332 0.223907 0.515705 0.000057 
0.255162 0.305319 0.439513 0.000006 
0.243224 0.329690 0.427082 0.000004 
0.184756 0.349409 0.460528 0.005307 
0.174350 0.370091 0.452297 0.003261 
0.117995 0.353326 0.385321 0.143359 
0.113508 0.297962 0.376260 0.212270 
0.111176 0.281882 0.382357 0.224584 
0.129745 0.402135 0.391884 0.076236 
0.121348 0.424117 0.415997 0.038539 
0.108367 0.359462 0.390209 0.141963 
0.112543 0.152042 0.348356 0.387060 
0.112873 0.190401 0.381725 0.315001 
0.108514 0.232620 0.385436 0.273430 
0.122499 0.328457 0.384146 0.164898 
0.115188 0.247573 0.383284 0.253955 
0.105406 0.204159 0.375474 0.314961 
0.114778 0.246589 0.362744 0.275889 
0.127301 0.301158 0.350356 0.221184 
0.122728 0.287400 0.367237 0.222635 
0.117143 0.223714 0.373609 0.285533 
0.154954 0.096269 0.369255 0.379521 
0.163758 0.246577 0.363974 0.225692 
0.195849 0.229591 0.348511 0.226049 
0.233222 0.212530 0.333347 0.220902 
0.286689 0.256398 0.308961 0.147952 
0.295331 0.101962 0.301352 0.301355 
0.260212 0.252885 0.288125 0.198777 
0.206283 0.295874 0.291693 0.206150 
0.262339 0.190736 0.287228 0.259697 
0.109465 0.294711 0.293728 0.302096 
0.061271 0.250733 0.344127 0.343869 
0.042993 0.245421 0.370709 0.340877 
0.193011 0.258716 0.264862 0.283412 
0.297478 0.200381 0.316043 0.186098 
0.350646 0.073727 0.351817 0.223810 
0.276684 0.120947 0.302989 0.299380 
0.267853 0.186297 0.289961 0.255889 
0.210640 0.217964 0.283912 0.287484 
0.237474 0.243843 0.288143 0.230540 
0.276392 0.217436 0.289995 0.216177 
0.220074 0.256038 0.288146 0.235742 
0.199261 0.229957 0.290542 0.280240 
0.157938 0.254065 0.294550 0.293447 
0.074831 0.306098 0.309246 0.309825 
0.273125 0.267104 0.175138 0.284633 
0.301355 0.270216 0.126070 0.302359 
0.307321 0.289023 0.219872 0.183784 
0.280714 0.313096 0.308999 0.097191 
0.295338 0.260446 0.295374 0.148842 
0.291277 0.189873 0.293033 0.225816 
0.296777 0.125774 0.294278 0.283170 
0.338932 0.036744 0.355096 0.269228 
0.309956 0.099495 0.305683 0.284866 
0.218984 0.251230 0.267952 0.261834 
0.193299 0.256574 0.303234 0.246893 
0.295815 0.228314 0.244555 0.231316 
0.331660 0.084951 0.330317 0.253072 
0.328913 0.063936 0.328033 0.279119 
0.250464 0.303759 0.151864 0.293913 
0.262571 0.310260 0.307641 0.119528 
0.260531 0.242102 0.320623 0.176745 
0.298965 0.273995 0.300153 0.126888 
0.289827 0.206468 0.307161 0.196545 
0.306703 0.202435 0.290490 0.200372 
0.306987 0.150980 0.287355 0.254678 
0.276810 0.151323 0.287764 0.284103 
0.191841 0.214363 0.297244 0.296552 
0.199573 0.203940 0.307922 0.288565 
0.200352 0.200150 0.300309 0.299189 
0.190212 0.290992 0.292625 0.226170 
0.072625 0.321677 0.322801 0.282897 
0.073690 0.330092 0.343529 0.252688 
0.175520 0.239857 0.302052 0.282570 
0.169377 0.268970 0.271432 0.290221 
0.238225 0.195957 0.315235 0.250583 
0.206454 0.215944 0.292841 0.284762 
0.158590 0.289864 0.263803 0.287744 
0.235334 0.249251 0.234990 0.280425 
0.331158 0.308233 0.129928 0.230680 
0.304845 0.314071 0.085231 0.295853 
0.293670 0.276157 0.146056 0.284117 
0.289793 0.295521 0.128611 0.286075 
0.223868 0.288892 0.217691 0.269550 
0.305878 0.300234 0.096361 0.297527 
0.294186 0.276043 0.139772 0.289999 
0.288785 0.218185 0.222780 0.270250 
0.288029 0.269950 0.219210 0.222812 
0.286102 0.212540 0.230620 0.270739 
0.280593 0.253207 0.221134 0.245066 
0.282958 0.212042 0.219394 0.285605 
0.286495 0.212791 0.229408 0.271306 
0.285578 0.220049 0.210783 0.283590 
0.264163 0.258867 0.187332 0.289638 
0.220310 0.289930 0.208116 0.281644 
0.247687 0.300649 0.165724 0.285940 
0.237496 0.243321 0.256741 0.262442 
0.249409 0.228014 0.272245 0.250332 
0.245637 0.212375 0.262928 0.279060 
0.244559 0.255738 0.285140 0.214563 
0.135712 0.352045 0.318515 0.193728 
0.093495 0.291232 0.323977 0.291295 
0.159024 0.252723 0.296738 0.291515 
0.145446 0.283190 0.279063 0.292301 
0.077009 0.310316 0.317903 0.294771 
0.110476 0.298720 0.311631 0.279174 
0.164700 0.243808 0.294985 0.296506 
0.204310 0.296084 0.296193 0.203413 
0.097816 0.302913 0.306703 0.292568 
0.261413 0.191240 0.289549 0.257798 
0.216714 0.216039 0.279449 0.287797 
0.133906 0.278219 0.284382 0.303492 
0.091402 0.297450 0.303190 0.307957 
0.231446 0.175823 0.285290 0.307440 
0.200977 0.207214 0.281754 0.310055 
0.113805 0.299427 0.300177 0.286591 
0.213808 0.285289 0.287909 0.212993 
0.311880 0.295073 0.314972 0.078074 
0.242000 0.295752 0.295431 0.166817 
0.280710 0.207074 0.289624 0.222592 
0.174965 0.279520 0.288965 0.256551 
0.237796 0.253509 0.288348 0.220348 
0.260492 0.287393 0.292970 0.159145 
0.307200 0.304986 0.307341 0.080473 
0.291810 0.209156 0.292996 0.206037 
0.233641 0.227496 0.285294 0.253569 
0.198583 0.258853 0.284815 0.257750 
0.224506 0.292250 0.298615 0.184629 
0.231435 0.236533 0.288251 0.243781 
0.230448 0.229333 0.288438 0.251780 
0.275936 0.202619 0.288806 0.232640 
0.257328 0.281064 0.288330 0.173278 
0.261709 0.211237 0.287409 0.239645 
0.242207 0.212096 0.288260 0.257437 
0.261641 0.219987 0.279686 0.238686 
0.245825 0.152599 0.309179 0.292397 
0.292316 0.217467 0.300138 0.190078 
0.248399 0.258380 0.327644 0.165577 
0.264844 0.200668 0.315553 0.218935 
0.184422 0.361050 0.342750 0.111778 
0.171839 0.195403 0.348391 0.284367 
0.210718 0.081829 0.356319 0.351134 
0.285742 0.184108 0.283042 0.247108 
0.229765 0.267109 0.288045 0.215081 
0.368398 0.189091 0.366048 0.076463 
0.273579 0.346199 0.322967 0.057255 
0.167502 0.263540 0.335865 0.233094 
0.194816 0.251609 0.324844 0.228732 
0.109805 0.300897 0.370534 0.218763 
0.175997 0.256249 0.350947 0.216807 
0.315382 0.316566 0.316308 0.051744 
0.313316 0.075196 0.293834 0.317654 
0.311809 0.095686 0.277249 0.315256 
0.255531 0.200126 0.307957 0.236386 
0.233437 0.170977 0.312845 0.282741 
0.195597 0.161512 0.351131 0.291760 
0.249266 0.080409 0.310310 0.360015 
0.308738 0.208486 0.276591 0.206185 
0.299762 0.055656 0.289476 0.355105 
0.248853 0.060676 0.312918 0.377553 
0.290140 0.180489 0.292820 0.236551 
0.306544 0.059394 0.303086 0.330976 
0.207113 0.214307 0.330885 0.247695 
0.135259 0.285146 0.360470 0.219125 
0.189002 0.205675 0.334643 0.270681 
0.253399 0.239861 0.306380 0.200360 
0.311743 0.233675 0.280396 0.174187 
0.274910 0.253411 0.274288 0.197392 
0.311721 0.177996 0.281613 0.228671 
0.293904 0.290459 0.283818 0.131819 
0.272392 0.226900 0.309735 0.190973 
0.255462 0.247450 0.267316 0.229772 
0.241349 0.224370 0.280264 0.254017 
0.209470 0.289798 0.290879 0.209853 
0.118630 0.287049 0.296714 0.297608 
0.259917 0.144740 0.313599 0.281744 
0.193410 0.215947 0.314305 0.276338 
0.318261 0.057800 0.317559 0.306380 
0.279728 0.129424 0.295958 0.294889 
0.286546 0.279700 0.231789 0.201966 
0.131687 0.296797 0.296246 0.275271 
0.058679 0.292333 0.324594 0.324394 
0.031608 0.299911 0.345385 0.323096 
0.054942 0.301582 0.346154 0.297322 
0.289495 0.131650 0.210719 0.368136 
0.280887 0.219062 0.162720 0.337331 
0.177908 0.305483 0.228355 0.288255 
0.329145 0.268095 0.084661 0.318100 
0.324273 0.217675 0.124077 0.333974 
0.333355 0.296923 0.059788 0.309934 
0.202071 0.304013 0.213016 0.280900 
0.237253 0.220892 0.215199 0.326656 
0.065799 0.330674 0.330189 0.273339 
0.060996 0.103223 0.531466 0.304314 
0.132541 0.291275 0.334859 0.241325 
0.128176 0.339708 0.331762 0.200353 
0.038218 0.345555 0.362684 0.253543 
0.317009 0.099527 0.299104 0.284361 
0.211037 0.208719 0.321306 0.258938 
0.235645 0.191375 0.305049 0.267931 
0.254011 0.175832 0.331095 0.239062 
0.220814 0.237021 0.326966 0.215199 
0.172488 0.293601 0.310782 0.223129 
0.322411 0.309325 0.128921 0.239343 
0.107422 0.326021 0.331426 0.235131 
0.080440 0.328004 0.324248 0.267309 
0.117582 0.324508 0.308870 0.249040 
0.199690 0.261809 0.317416 0.221085 
0.141152 0.309294 0.318296 0.231259 
0.070610 0.217228 0.372260 0.339902 
0.135127 0.160938 0.350571 0.353364 
0.394246 0.121506 0.090380 0.393868 
0.300621 0.029703 0.346024 0.323652 
0.233809 0.060874 0.352772 0.352545 
0.289277 0.136629 0.293694 0.280400 
0.244951 0.145502 0.327926 0.281621 
0.229781 0.105628 0.341916 0.322675 
0.226795 0.245543 0.285066 0.242595 
0.273710 0.260476 0.289992 0.175821 
0.243129 0.243348 0.282901 0.230622 
0.212630 0.259696 0.284383 0.243291 
0.267051 0.218029 0.279610 0.235311 
0.207120 0.261749 0.277793 0.253337 
0.189777 0.283663 0.285324 0.241235 
0.150714 0.307688 0.290683 0.250915 
0.089326 0.307738 0.296655 0.306281 
0.123885 0.288167 0.310772 0.277177 
0.220616 0.256709 0.276926 0.245749 
0.089761 0.306032 0.291729 0.312478 
0.208002 0.208227 0.283212 0.300559 
0.291899 0.188505 0.270791 0.248805 
0.317037 0.112593 0.274971 0.295399 
0.221858 0.239748 0.259881 0.278513 
0.257877 0.259279 0.257524 0.225320 
0.288602 0.235133 0.291916 0.184349 
0.261256 0.276563 0.263018 0.199163 
0.243077 0.266292 0.267702 0.222929 
0.171459 0.284365 0.275341 0.268835 
0.123298 0.279027 0.295360 0.302315 
0.082727 0.304683 0.306107 0.306483 
0.202369 0.201391 0.289058 0.307182 
0.298123 0.118081 0.297275 0.286522 
0.060800 0.316662 0.304825 0.317713 
0.026726 0.287837 0.343338 0.342099 
0.089575 0.258081 0.320579 0.331766 
0.318249 0.017630 0.395798 0.268323 
0.299774 0.114702 0.306202 0.279322 
0.280008 0.159311 0.311509 0.249171 
0.274846 0.026985 0.333558 0.364611 
0.320323 0.059846 0.296232 0.323599 
0.251410 0.172030 0.277326 0.299235 
0.244400 0.159891 0.298068 0.297641 
0.190785 0.215270 0.284728 0.309218 
0.281971 0.277556 0.260099 0.180374 
0.246589 0.252144 0.249241 0.252026 
0.322487 0.294947 0.264506 0.118061 
0.280389 0.252561 0.241630 0.225420 
0.325457 0.211636 0.251097 0.211810 
0.326576 0.197996 0.249327 0.226101 
0.269205 0.250681 0.270741 0.209374 
0.297626 0.363315 0.269959 0.069100 
0.313812 0.306310 0.249480 0.130397 
0.301431 0.308892 0.244340 0.145337 
0.222641 0.340065 0.218017 0.219276 
0.258987 0.286066 0.207398 0.247549 
0.337660 0.282724 0.220822 0.158793 
0.273476 0.253963 0.196064 0.276498 
0.251892 0.253217 0.200484 0.294407 
0.239656 0.229032 0.208081 0.323230 
0.243645 0.248143 0.206918 0.301294 
0.254813 0.229170 0.225352 0.290665 
0.219716 0.308536 0.224347 0.247400 
0.327219 0.265295 0.232833 0.174653 
0.215500 0.326737 0.243466 0.214297 
0.215951 0.281244 0.238649 0.264156 
0.130303 0.309128 0.273630 0.286940 
0.097908 0.230264 0.319519 0.352309 
0.219075 0.258898 0.300155 0.221872 
0.227133 0.146148 0.342137 0.284581 
0.428146 0.168959 0.370433 0.032462 
0.425093 0.144888 0.422583 0.007436 
0.244522 0.157142 0.331854 0.266481 
0.347814 0.142332 0.361990 0.147864 
0.397144 0.077471 0.390277 0.135108 
0.366226 0.106115 0.375145 0.152514 
0.304349 0.039812 0.394044 0.261795 
0.272208 0.030653 0.397354 0.299785 
0.328044 0.114077 0.365686 0.192194 
0.280100 0.214952 0.333060 0.171889 
0.378271 0.140421 0.373888 0.107420 
0.282843 0.085813 0.389581 0.241764 
0.223515 0.107981 0.377135 0.291370 
0.425386 0.066390 0.412265 0.095958 
0.344974 0.023514 0.412671 0.218841 
0.429437 0.022960 0.426213 0.121390 
0.283085 0.056900 0.394198 0.265817 
0.238820 0.034676 0.401683 0.324820 
0.274359 0.059179 0.387568 0.278895 
0.094053 0.118108 0.376711 0.411128 
0.075299 0.192329 0.338051 0.394320 
0.034023 0.248037 0.341840 0.376099 
0.059769 0.315543 0.297436 0.327253 
0.050527 0.330665 0.290057 0.328751 
0.054480 0.246564 0.328729 0.370227 
0.065756 0.320526 0.292097 0.321620 
0.369451 0.018813 0.350459 0.261277 
0.113294 0.282456 0.308843 0.295407 
0.311160 0.023527 0.325191 0.340122 
0.204036 0.262783 0.262793 0.270387 
0.232717 0.272448 0.236298 0.258537 
0.252477 0.257216 0.236694 0.253614 
0.251955 0.259170 0.231864 0.257010 
0.326994 0.084886 0.260584 0.327535 
0.322074 0.114188 0.270400 0.293338 
0.206448 0.248852 0.256943 0.287757 
0.285447 0.223180 0.254860 0.236513 
0.232546 0.271011 0.255703 0.240740 
0.242902 0.237499 0.260403 0.259195 
0.210435 0.256702 0.271236 0.261627 
0.219962 0.291668 0.280237 0.208132 
0.242384 0.272564 0.275250 0.209802 
0.243647 0.254998 0.278976 0.222379 
0.212848 0.306565 0.290795 0.189791 
0.297248 0.306167 0.303151 0.093434 
0.299203 0.311818 0.308027 0.080952 
0.287330 0.224543 0.301069 0.187058 
0.298113 0.067843 0.313119 0.320925 
0.289139 0.014672 0.355420 0.340769 
0.248631 0.230272 0.273331 0.247767 
0.214030 0.206781 0.293456 0.285733 
0.171268 0.231335 0.296760 0.300637 
0.268375 0.181325 0.342357 0.207943 
0.244762 0.176431 0.284944 0.293864 
0.314866 0.062800 0.310788 0.311546 
0.307240 0.078732 0.304500 0.309528 
0.187124 0.225609 0.285030 0.302237 
0.173714 0.250478 0.321049 0.254758 
0.325519 0.084973 0.328584 0.260923 
0.377181 0.122655 0.393926 0.106239 
0.469915 0.018182 0.477693 0.034211 
0.403312 0.027539 0.439803 0.129346 
0.445838 0.064227 0.427680 0.062255 
0.424135 0.035980 0.392069 0.147816 
0.365999 0.056461 0.353160 0.224380 
0.323146 0.044559 0.297959 0.334336 
0.270612 0.003381 0.392479 0.333529 
0.407662 0.007843 0.416478 0.168017 
0.309715 0.006888 0.352819 0.330577 
0.303044 0.225114 0.262398 0.209444 
0.319128 0.278155 0.273187 0.129530 
0.320594 0.246450 0.253175 0.179782 
0.327045 0.083276 0.271509 0.318170 
0.222682 0.243787 0.248813 0.284718 
0.222441 0.235724 0.242457 0.299377 
0.170340 0.273879 0.247035 0.308746 
0.294182 0.118438 0.271026 0.316354 
0.282403 0.136274 0.256628 0.324695 
0.247492 0.246569 0.242996 0.262943 
0.230761 0.217438 0.242008 0.309793 
0.237087 0.298104 0.231697 0.233112 
0.217251 0.275488 0.237801 0.269460 
0.225856 0.222592 0.238996 0.312556 
0.325526 0.139438 0.243518 0.291518 
0.255901 0.215873 0.232896 0.295330 
0.257769 0.258306 0.233565 0.250360 
0.213885 0.257995 0.243309 0.284811 
0.262012 0.287731 0.245303 0.204954 
0.280207 0.255107 0.236938 0.227747 
0.244241 0.285016 0.228225 0.242517 
0.251488 0.250950 0.231915 0.265647 
0.256388 0.255135 0.244158 0.244319 
0.214612 0.210389 0.259194 0.315805 
0.267061 0.225201 0.300866 0.206872 
0.231261 0.200112 0.253888 0.314739 
0.232632 0.220617 0.267387 0.279363 
0.105260 0.314399 0.251308 0.329033 
0.023098 0.427932 0.313021 0.235949 
0.010672 0.466054 0.362888 0.160386 
0.007610 0.415629 0.324583 0.252178 
0.004110 0.397696 0.341819 0.256376 
0.010682 0.344589 0.292385 0.352345 
0.045174 0.366178 0.283071 0.305577 
0.108867 0.339814 0.322742 0.228577 
0.046253 0.377088 0.300621 0.276039 
0.035996 0.346568 0.303713 0.313724 
0.067392 0.343326 0.308595 0.280686 
0.177617 0.280719 0.289116 0.252548 
0.037751 0.315180 0.312885 0.334184 
0.331569 0.295361 0.314393 0.058676 
0.261335 0.285847 0.296352 0.156466 
0.134293 0.289484 0.294316 0.281907 
0.030965 0.343543 0.299541 0.325951 
0.262516 0.257453 0.273719 0.206313 
0.266190 0.134950 0.290172 0.308689 
0.189577 0.221266 0.292875 0.296282 
0.330457 0.096742 0.317912 0.254889 
0.288163 0.188849 0.267360 0.255628 
0.311194 0.204363 0.279633 0.204810 
0.209901 0.197144 0.284926 0.308030 
0.237462 0.164607 0.293095 0.304836 
0.224268 0.183677 0.292236 0.299819 
0.227831 0.230525 0.282352 0.259292 
0.200865 0.242798 0.286109 0.270227 
0.226172 0.174051 0.303291 0.296487 
0.203194 0.197211 0.298057 0.301538 
0.220905 0.189024 0.300655 0.289417 
0.223394 0.178620 0.292284 0.305702 
0.234773 0.216201 0.275832 0.273194 
0.239294 0.237789 0.272186 0.250732 
0.266749 0.197379 0.283218 0.252654 
0.337404 0.032316 0.360641 0.269639 
0.308668 0.098605 0.326132 0.266595 
0.268827 0.184358 0.271939 0.274875 
0.264788 0.258676 0.239987 0.236549 
0.232319 0.254326 0.226484 0.286870 
0.223344 0.238329 0.250391 0.287937 
0.245683 0.225117 0.275751 0.253449 
0.215512 0.229509 0.275134 0.279845 
0.213065 0.222448 0.274704 0.289783 
0.254926 0.236589 0.275416 0.233069 
0.199399 0.230806 0.329752 0.240043 
0.242409 0.180277 0.325920 0.251394 
0.243387 0.216997 0.289875 0.249741 
0.257499 0.238192 0.257275 0.247035 
0.226887 0.242536 0.260792 0.269785 
0.239639 0.239922 0.256567 0.263872 
0.302508 0.204039 0.218036 0.275418 
0.275884 0.225447 0.254123 0.244546 
0.284868 0.233401 0.245932 0.235800 
0.235406 0.237860 0.238552 0.288183 
0.288880 0.215560 0.231857 0.263703 
0.284155 0.219605 0.261798 0.234442 
0.235328 0.192930 0.268961 0.302781 
0.270504 0.243272 0.244687 0.241538 
0.234039 0.240468 0.286323 0.239169 
0.287382 0.232077 0.230458 0.250083 
0.249961 0.251373 0.248311 0.250356 
0.272316 0.213398 0.230763 0.283523 
0.283462 0.199911 0.206130 0.310497 
0.286152 0.218813 0.233404 0.261630 
0.255810 0.238770 0.243585 0.261835 
0.279967 0.141824 0.292445 0.285764 
0.314132 0.170126 0.239340 0.276402 
0.252246 0.179476 0.277328 0.290950 
0.257776 0.200875 0.272754 0.268595 
0.295014 0.164879 0.245211 0.294897 
0.231193 0.217158 0.283068 0.268582 
0.309277 0.216666 0.216896 0.257161 
0.354334 0.162601 0.295800 0.187265 
0.330897 0.197734 0.248869 0.222500 
0.292223 0.198660 0.229925 0.279192 
0.237733 0.245042 0.269462 0.247763 
0.357025 0.207828 0.255145 0.180002 
0.330975 0.193480 0.261743 0.213803 
0.320935 0.246163 0.242399 0.190503 
0.272645 0.280211 0.280385 0.166759 
0.269598 0.268464 0.271492 0.190447 
0.280216 0.285027 0.296130 0.138627 
0.321999 0.268238 0.261119 0.148644 
0.293021 0.278006 0.265031 0.163942 
0.283971 0.296212 0.284589 0.135227 
0.248690 0.276979 0.371167 0.103164 
0.390463 0.115390 0.371988 0.122159 
0.339586 0.218515 0.313456 0.128443 
0.355882 0.252881 0.266949 0.124287 
0.348021 0.222232 0.244818 0.184929 
0.371594 0.235507 0.248075 0.144825 
0.373518 0.241169 0.246296 0.139017 
0.282816 0.280213 0.301991 0.134980 
0.360753 0.237374 0.241206 0.160667 
0.283692 0.255233 0.248046 0.213029 
0.348159 0.253632 0.222259 0.175950 
0.302231 0.258029 0.215568 0.224171 
0.266204 0.222344 0.302837 0.208615 
0.237880 0.250212 0.241759 0.270150 
0.297896 0.242937 0.242248 0.216919 
0.251636 0.235147 0.226255 0.286963 
0.283101 0.223505 0.210225 0.283169 
0.219227 0.218014 0.279449 0.283310 
0.299855 0.158149 0.244259 0.297737 
0.280757 0.183334 0.284691 0.251218 
0.212860 0.209456 0.289868 0.287817 
0.209845 0.209564 0.288572 0.292019 
0.238574 0.209891 0.288880 0.262655 
0.275109 0.131536 0.296771 0.296584 
0.284474 0.187630 0.250069 0.277827 
0.258918 0.255338 0.256736 0.229007 
0.279656 0.220068 0.278279 0.221997 
0.304729 0.164574 0.238066 0.292630 
0.299217 0.143382 0.325732 0.231669 
0.307814 0.060381 0.389724 0.242082 
0.343894 0.160590 0.307089 0.188427 
0.356630 0.155017 0.397608 0.090745 
0.228629 0.220146 0.335145 0.216079 
0.244651 0.156228 0.302992 0.296129 
0.296516 0.114660 0.291490 0.297334 
0.317835 0.128451 0.277446 0.276267 
0.262481 0.226501 0.227962 0.283056 
0.248207 0.251266 0.248970 0.251558 
0.256133 0.243415 0.236181 0.264271 
0.258703 0.242769 0.237988 0.260541 
0.293894 0.200857 0.295866 0.209383 
0.269428 0.217904 0.267488 0.245180 
0.277055 0.204960 0.285489 0.232495 
0.255438 0.234402 0.286655 0.223505 
0.267398 0.191652 0.257434 0.283516 
0.296190 0.109286 0.296089 0.298435 
0.308963 0.223068 0.181528 0.286441 
0.299565 0.209978 0.195033 0.295424 
0.224699 0.223143 0.342884 0.209273 
0.284388 0.079006 0.321723 0.314883 
0.313106 0.057164 0.316856 0.312873 
0.260061 0.143152 0.286516 0.310271 
0.287198 0.191920 0.264655 0.256227 
0.236771 0.172744 0.290039 0.300447 
0.280261 0.145962 0.288040 0.285737 
0.332344 0.087405 0.244553 0.335699 
0.352823 0.050413 0.246079 0.350685 
0.265130 0.207751 0.162405 0.364713 
0.289371 0.193043 0.144272 0.373314 
0.293704 0.180867 0.173470 0.351959 
0.312822 0.281126 0.136598 0.269455 
0.303592 0.300210 0.150052 0.246147 
0.241303 0.258037 0.179218 0.321443 
0.253759 0.315952 0.201689 0.228600 
0.259939 0.273155 0.210097 0.256809 
0.263627 0.314580 0.253778 0.168014 
0.286861 0.290353 0.215300 0.207486 
0.200352 0.279810 0.319608 0.200230 
0.215000 0.237004 0.296903 0.251093 
0.245189 0.282380 0.298200 0.174232 
0.261058 0.258435 0.251375 0.229132 
0.240418 0.231524 0.256542 0.271516 
0.244146 0.286778 0.240556 0.228521 
0.187917 0.286111 0.298901 0.227071 
0.200704 0.282298 0.257774 0.259224 
0.179718 0.258439 0.313265 0.248578 
0.180121 0.235898 0.292860 0.291120 
0.180115 0.220078 0.297381 0.302426 
0.181302 0.227429 0.294193 0.297076 
0.209119 0.225342 0.329105 0.236434 
0.239860 0.245003 0.243752 0.271385 
0.231366 0.233916 0.246383 0.288336 
0.209935 0.219219 0.280472 0.290375 
0.230990 0.237186 0.270801 0.261023 
0.264732 0.260047 0.253881 0.221340 
0.306374 0.206495 0.239409 0.247722 
0.343177 0.230394 0.241101 0.185327 
0.356322 0.163459 0.293948 0.186271 
0.323386 0.304313 0.228867 0.143434 
0.302336 0.302005 0.227751 0.167907 
0.277138 0.276662 0.248518 0.197682 
0.270833 0.285272 0.268153 0.175742 
0.292802 0.227948 0.251428 0.227822 
0.276603 0.176305 0.338134 0.208959 
0.224294 0.215459 0.331831 0.228416 
0.245427 0.257692 0.319554 0.177328 
0.293718 0.277251 0.318087 0.110944 
0.299144 0.297209 0.307419 0.096228 
0.302605 0.301720 0.309638 0.086037 
0.294471 0.227482 0.389550 0.088497 
0.332739 0.181667 0.387867 0.097727 
0.291070 0.236646 0.369295 0.102989 
0.248430 0.266388 0.396867 0.088315 
0.259601 0.264966 0.385590 0.089843 
0.278528 0.250455 0.377982 0.093035 
0.264356 0.255113 0.388765 0.091767 
0.261906 0.270371 0.368250 0.099474 
0.282541 0.232827 0.392904 0.091729 
0.276958 0.258027 0.360957 0.104057 
0.275751 0.257301 0.380606 0.086342 
0.425462 0.090253 0.380527 0.103757 
0.427915 0.025276 0.431053 0.115756 
0.427148 0.061389 0.405156 0.106307 
0.386290 0.117484 0.403439 0.092787 
0.399590 0.119622 0.356337 0.124450 
0.347880 0.138924 0.365596 0.147600 
0.357110 0.077595 0.359332 0.205962 
0.282380 0.177489 0.323364 0.216767 
0.350530 0.116404 0.289978 0.243088 
0.281205 0.171205 0.333186 0.214403 
0.336201 0.122217 0.364925 0.176656 
0.296228 0.188362 0.342129 0.173281 
0.323975 0.153806 0.367072 0.155146 
0.222600 0.260455 0.368627 0.148318 
0.231936 0.259729 0.373821 0.134515 
0.191628 0.276798 0.319482 0.212092 
0.285289 0.272778 0.252578 0.189355 
0.255043 0.271572 0.289427 0.183957 
0.215414 0.241296 0.340992 0.202298 
0.210692 0.222499 0.333605 0.233204 
0.214112 0.228205 0.340777 0.216906 
0.213208 0.234045 0.342759 0.209988 
0.233596 0.226296 0.349772 0.190336 
0.253912 0.303278 0.276448 0.166361 
0.273275 0.297252 0.302598 0.126875 
0.268288 0.284167 0.310666 0.136879 
0.286870 0.252349 0.333093 0.127687 
0.292975 0.255857 0.324558 0.126609 
0.328359 0.276493 0.302715 0.092433 
0.302766 0.286816 0.326003 0.084415 
0.356531 0.228426 0.328615 0.086427 
0.294559 0.259371 0.335992 0.110078 
0.295776 0.296921 0.298772 0.108531 
0.325742 0.148060 0.363559 0.162640 
0.358839 0.130106 0.339926 0.171129 
0.274529 0.204585 0.314695 0.206192 
0.231071 0.231224 0.352509 0.185197 
0.328382 0.250219 0.255200 0.166200 
0.258205 0.245633 0.259842 0.236321 
0.243822 0.242509 0.240247 0.273422 
0.234295 0.213018 0.267852 0.284835 
0.252071 0.233098 0.279108 0.235722 
0.238330 0.241910 0.235345 0.284416 
0.226803 0.291728 0.185466 0.296003 
0.207629 0.296701 0.207144 0.288526 
0.187925 0.292452 0.297929 0.221693 
0.261686 0.264615 0.321521 0.152178 
0.116078 0.283685 0.297084 0.303153 
0.263163 0.276828 0.219952 0.240057 
0.270850 0.268836 0.230114 0.230200 
0.272639 0.224461 0.268570 0.234331 
0.261875 0.191601 0.277885 0.268640 
0.285267 0.178913 0.263109 0.272711 
0.269754 0.230125 0.288876 0.211244 
0.287316 0.221519 0.288264 0.202901 
0.288118 0.207536 0.291549 0.212797 
0.266399 0.136156 0.284379 0.313066 
0.226050 0.235821 0.251706 0.286424 
0.172743 0.305904 0.232009 0.289344 
0.127090 0.290551 0.328963 0.253397 
0.215366 0.252200 0.312821 0.219613 
0.177311 0.243193 0.312509 0.266988 
0.193021 0.249111 0.329190 0.228678 
0.157798 0.250579 0.315178 0.276445 
0.232088 0.238557 0.266412 0.262943 
0.246716 0.246985 0.246656 0.259644 
0.207447 0.204938 0.302357 0.285258 
0.234853 0.246389 0.234478 0.284281 
0.173531 0.295404 0.242906 0.288159 
0.178436 0.233760 0.295799 0.292004 
0.188077 0.226647 0.279899 0.305377 
0.202079 0.217340 0.307694 0.272887 
0.218141 0.219837 0.286085 0.275937 
0.220532 0.230546 0.280992 0.267930 
0.212520 0.204767 0.301944 0.280769 
0.149257 0.284184 0.316735 0.249824 
0.177816 0.252042 0.303081 0.267060 
0.104156 0.301020 0.321484 0.273340 
0.160083 0.321677 0.257231 0.261009 
0.201283 0.312830 0.207771 0.278116 
0.179226 0.321040 0.237376 0.262358 
0.158894 0.313192 0.260605 0.267308 
0.210505 0.276123 0.265719 0.247652 
0.227534 0.226266 0.343769 0.202431 
0.214703 0.354518 0.189207 0.241571 
0.270266 0.356314 0.120642 0.252777 
0.217546 0.363258 0.260063 0.159134 
0.242973 0.418396 0.156170 0.182460 
0.247709 0.291197 0.292768 0.168325 
0.216989 0.414174 0.118152 0.250685 
0.203165 0.484246 0.035045 0.277544 
0.372541 0.366759 0.019128 0.241571 
0.376304 0.400667 0.005846 0.217184 
0.351918 0.419311 0.002016 0.226755 
0.364293 0.392835 0.001632 0.241240 
0.339456 0.344407 0.068206 0.247931 
0.301644 0.351059 0.072446 0.274852 
0.188179 0.501611 0.016268 0.293942 
0.110206 0.553549 0.018881 0.317364 
0.286937 0.413213 0.004116 0.295734 
0.344000 0.317630 0.014989 0.323381 
0.285732 0.357679 0.007406 0.349183 
0.295659 0.369386 0.000951 0.334005 
0.363510 0.301853 0.005611 0.329026 
0.321575 0.218225 0.078436 0.381763 
0.332654 0.272174 0.063428 0.331744 
0.287949 0.301688 0.077208 0.333155 
0.282029 0.254565 0.081590 0.381816 
0.228503 0.230420 0.229259 0.311819 
0.214909 0.188077 0.305486 0.291528 
0.247595 0.270780 0.231465 0.250160 
0.231948 0.273976 0.206797 0.287280 
0.157645 0.248013 0.281178 0.313163 
0.212618 0.207854 0.288282 0.291246 
0.261156 0.239633 0.174561 0.324651 
0.250543 0.266800 0.243826 0.238831 
0.240708 0.249132 0.270548 0.239612 
0.227011 0.244443 0.281033 0.247513 
0.206507 0.261074 0.282889 0.249529 
0.086843 0.317016 0.273603 0.322538 
0.219267 0.221301 0.275095 0.284337 
0.198193 0.202582 0.297180 0.302045 
0.199714 0.202656 0.302010 0.295620 
0.185809 0.250093 0.274343 0.289756 
0.239273 0.245046 0.276794 0.238887 
0.232902 0.237490 0.288279 0.241329 
0.238353 0.237634 0.260012 0.264001 
0.234639 0.239402 0.288007 0.237953 
0.178439 0.231951 0.294707 0.294903 
0.226032 0.282619 0.224823 0.266527 
0.205641 0.302700 0.278746 0.212913 
0.120261 0.276174 0.294557 0.309008 
0.170511 0.265601 0.227836 0.336051 
0.129838 0.284983 0.260452 0.324727 
0.202972 0.307678 0.286120 0.203230 
0.203243 0.323789 0.251003 0.221965 
0.024401 0.337991 0.301188 0.336420 
0.186002 0.296112 0.215330 0.302556 
0.201004 0.289294 0.262755 0.246947 
0.230091 0.255790 0.229882 0.284238 
0.243165 0.244303 0.262202 0.250330 
0.193883 0.287347 0.249058 0.269711 
0.179971 0.267063 0.284421 0.268545 
0.231757 0.270944 0.236652 0.260647 
0.213704 0.286883 0.220172 0.279241 
0.192071 0.292318 0.223851 0.291760 
0.171225 0.248270 0.267806 0.312699 
0.103147 0.288824 0.300288 0.307741 
0.246866 0.240579 0.243976 0.268580 
0.223335 0.213663 0.286334 0.276668 
0.228068 0.249920 0.258785 0.263227 
0.196597 0.256822 0.288006 0.258575 
0.246461 0.222488 0.283778 0.247273 
0.228127 0.188846 0.274288 0.308739 
0.192233 0.287207 0.270303 0.250257 
0.276443 0.220163 0.221317 0.282077 
0.263763 0.255068 0.216829 0.264340 
0.268309 0.242715 0.208664 0.280313 
0.294096 0.218457 0.233966 0.253481 
0.240650 0.160702 0.299961 0.298687 
0.194004 0.253380 0.207434 0.345182 
0.060410 0.315048 0.319110 0.305432 
0.093120 0.371002 0.263813 0.272065 
0.179475 0.313550 0.256438 0.250538 
0.229973 0.276883 0.226848 0.266296 
0.208721 0.295788 0.197951 0.297541 
0.255630 0.233782 0.245418 0.265170 
0.069473 0.272124 0.328855 0.329547 
0.121265 0.316641 0.283285 0.278809 
0.102410 0.327534 0.338191 0.231865 
0.218020 0.285987 0.266239 0.229753 
0.151493 0.269529 0.325700 0.253279 
0.181342 0.248910 0.315368 0.254381 
0.211371 0.226640 0.316776 0.245213 
0.209127 0.235547 0.342641 0.212685 
0.218845 0.230017 0.322601 0.228537 
0.183608 0.246318 0.301297 0.268777 
0.215028 0.250492 0.214321 0.320159 
0.031383 0.329928 0.266494 0.372194 
0.192208 0.223759 0.266967 0.317067 
0.170293 0.249769 0.256428 0.323511 
0.112054 0.295629 0.285173 0.307144 
0.219149 0.242820 0.262361 0.275670 
0.224599 0.275319 0.236431 0.263651 
0.232899 0.275976 0.227998 0.263128 
0.236351 0.280515 0.250044 0.233091 
0.223065 0.266123 0.279312 0.231501 
0.234404 0.285271 0.240255 0.240070 
0.205111 0.300930 0.285132 0.208827 
0.217389 0.228007 0.282698 0.271906 
0.241597 0.266387 0.240952 0.251064 
0.225493 0.287849 0.261896 0.224762 
0.192781 0.293244 0.293140 0.220834 
0.206368 0.289200 0.267595 0.236837 
0.213049 0.289430 0.270310 0.227211 
0.239249 0.238944 0.287033 0.234774 
0.238145 0.229539 0.288255 0.244061 
0.251167 0.259073 0.245523 0.244237 
0.247410 0.264406 0.249934 0.238250 
0.241964 0.287942 0.238676 0.231419 
0.266169 0.214878 0.260102 0.258851 
0.236767 0.278202 0.214704 0.270327 
0.236324 0.269578 0.252901 0.241197 
0.234101 0.285512 0.249141 0.231245 
0.208775 0.284190 0.196960 0.310076 
0.200909 0.266973 0.281940 0.250177 
0.228233 0.286514 0.235047 0.250206 
0.200679 0.288305 0.283820 0.227196 
0.146066 0.314623 0.268788 0.270522 
0.133283 0.281780 0.291675 0.293262 
0.198550 0.278843 0.258383 0.264225 
0.231704 0.242364 0.255238 0.270694 
0.243659 0.237940 0.280959 0.237442 
0.213872 0.285883 0.291474 0.208771 
0.237012 0.277656 0.283487 0.201845 
0.224173 0.297373 0.297535 0.180919 
0.245295 0.254055 0.267795 0.232855 
0.253956 0.288434 0.227514 0.230096 
0.227405 0.245483 0.246088 0.281024 
0.213200 0.205757 0.291150 0.289894 
0.193338 0.294413 0.291909 0.220340 
0.249251 0.287610 0.224607 0.238532 
0.258458 0.276185 0.240322 0.225035 
0.258703 0.246780 0.258030 0.236487 
0.257622 0.264684 0.226287 0.251408 
0.242376 0.279402 0.242949 0.235272 
0.173443 0.289548 0.270039 0.266970 
0.225758 0.261137 0.252893 0.260212 
0.238087 0.244088 0.264858 0.252967 
0.234905 0.265226 0.233492 0.266377 
0.224886 0.274920 0.247170 0.253024 
0.221035 0.238997 0.261646 0.278322 
0.243259 0.245624 0.253766 0.257352 
0.243295 0.256063 0.244291 0.256351 
0.241072 0.243003 0.242569 0.273355 
0.230599 0.226714 0.288361 0.254327 
0.236279 0.236470 0.277561 0.249690 
0.225746 0.286530 0.255821 0.231904 
0.225050 0.288515 0.231292 0.255143 
0.236461 0.263365 0.241824 0.258349 
0.206255 0.280109 0.282587 0.231049 
0.225416 0.258161 0.287890 0.228533 
0.238728 0.235897 0.288061 0.237314 
0.236570 0.263472 0.263915 0.236043 
0.249638 0.250534 0.250462 0.249366 
0.267711 0.251221 0.240505 0.240564 
0.257727 0.262505 0.242069 0.237699 
0.260353 0.248406 0.242940 0.248301 
0.281698 0.249023 0.267656 0.201623 
0.296957 0.301005 0.246181 0.155857 
0.290340 0.266540 0.216874 0.226247 
0.275178 0.286453 0.203012 0.235357 
0.288276 0.249805 0.223749 0.238170 
0.262585 0.237207 0.273033 0.227174 
0.288287 0.282643 0.273452 0.155618 
0.291475 0.196826 0.285999 0.225700 
0.297444 0.199468 0.266695 0.236393 
0.282394 0.193004 0.290738 0.233864 
0.230647 0.286322 0.221063 0.261968 
0.205797 0.270990 0.267429 0.255784 
0.191436 0.284634 0.276461 0.247468 
0.230310 0.230904 0.282826 0.255961 
0.230008 0.238000 0.286253 0.245740 
0.194325 0.307703 0.278197 0.219775 
0.260993 0.285105 0.298826 0.155075 
0.243595 0.308375 0.219315 0.228715 
0.352257 0.159692 0.172240 0.315810 
0.338382 0.192899 0.110123 0.358597 
0.348855 0.134586 0.192310 0.324249 
0.179177 0.267974 0.284635 0.268213 
0.234715 0.201073 0.282080 0.282132 
0.171253 0.288257 0.252578 0.287913 
0.181833 0.292848 0.231605 0.293714 
0.180383 0.258992 0.281180 0.279445 
0.304891 0.090315 0.302331 0.302463 
0.241617 0.291352 0.174605 0.292426 
0.258278 0.268410 0.184955 0.288357 
0.146702 0.277003 0.284085 0.292210 
0.136680 0.294244 0.261846 0.307229 
0.156108 0.268385 0.256106 0.319401 
0.043732 0.327501 0.301134 0.327634 
0.227805 0.174588 0.294967 0.302640 
0.272892 0.126123 0.297097 0.303888 
0.266487 0.161274 0.291280 0.280958 
0.242015 0.292057 0.289948 0.175980 
0.291592 0.164763 0.273777 0.269868 
0.220150 0.208045 0.289825 0.281980 
0.246179 0.216398 0.250219 0.287204 
0.228789 0.277129 0.208143 0.285939 
0.164422 0.135566 0.332734 0.367277 
0.127366 0.296839 0.300385 0.275410 
0.143613 0.323325 0.255575 0.277488 
0.236408 0.280529 0.144154 0.338910 
0.310802 0.249101 0.126469 0.313628 
0.182530 0.375344 0.096083 0.346042 
0.223351 0.345925 0.034865 0.395860 
0.211700 0.300989 0.111362 0.375949 
0.207419 0.291844 0.130371 0.370366 
0.133509 0.397604 0.079253 0.389635 
0.225756 0.290595 0.101833 0.381816 
0.117840 0.310143 0.289325 0.282691 
0.217269 0.237832 0.286640 0.258259 
0.217386 0.275875 0.284442 0.222296 
0.246616 0.225029 0.264822 0.263533 
0.222259 0.240266 0.258404 0.279071 
0.236549 0.262214 0.222888 0.278349 
0.230549 0.213469 0.272176 0.283806 
0.223388 0.224047 0.274321 0.278244 
0.203125 0.286493 0.252635 0.257747 
0.241072 0.267260 0.230083 0.261585 
0.222006 0.231555 0.271445 0.274994 
0.133142 0.299651 0.297861 0.269346 
0.225697 0.251944 0.247892 0.274467 
0.214672 0.208663 0.271614 0.305052 
0.214376 0.216286 0.286017 0.283321 
0.234762 0.207099 0.282497 0.275641 
0.222681 0.212201 0.286455 0.278663 
0.220873 0.234854 0.274843 0.269430 
0.262984 0.248034 0.241795 0.247187 
0.308394 0.229825 0.283421 0.178360 
0.266082 0.213159 0.312844 0.207915 
0.287656 0.163874 0.308546 0.239924 
0.328552 0.259446 0.246818 0.165183 
0.301836 0.306167 0.292401 0.099596 
0.288678 0.212439 0.292037 0.206846 
0.291050 0.265307 0.268252 0.175392 
0.223953 0.272448 0.284106 0.219493 
0.202252 0.299124 0.286809 0.211815 
0.246533 0.245191 0.253177 0.255099 
0.293641 0.293323 0.198097 0.214939 
0.296002 0.185975 0.298038 0.219986 
0.271926 0.259494 0.283314 0.185266 
0.300051 0.295618 0.282895 0.121437 
0.308659 0.193189 0.283943 0.214210 
0.309625 0.193936 0.284121 0.212319 
0.316840 0.296177 0.216661 0.170322 
0.310795 0.243901 0.270737 0.174567 
0.324478 0.283704 0.185495 0.206323 
0.353943 0.280401 0.127107 0.238549 
0.406863 0.402170 0.134357 0.056610 
0.350283 0.360648 0.163035 0.126035 
