0.248842 0.249057 0.253514 0.248587 
0.220982 0.228704 0.328058 0.222257 
0.120028 0.118813 0.628672 0.132487 
0.074377 0.077301 0.751266 0.097056 
0.003053 0.004393 0.989428 0.003125 
0.000600 0.002669 0.995931 0.000800 
0.000000 0.000000 0.999999 0.000001 
0.000000 0.000000 1.000000 0.000000 
0.000000 0.000000 1.000000 0.000000 
0.000000 0.000000 1.000000 0.000000 
0.000000 0.000000 1.000000 0.000000 
0.000000 0.000000 1.000000 0.000000 
0.000000 0.000000 1.000000 0.000000 
0.000000 0.000000 1.000000 0.000000 
0.000000 0.000000 1.000000 0.000000 
0.000000 0.000000 1.000000 0.000000 
0.000000 0.000000 1.000000 0.000000 
0.000000 0.000000 1.000000 0.000000 
0.000000 0.000000 1.000000 0.000000 
0.000000 0.000000 1.000000 0.000000 
0.000000 0.000000 1.000000 0.000000 
0.000000 0.000000 1.000000 0.000000 
0.000000 0.000000 1.000000 0.000000 
0.000000 0.000000 1.000000 0.000000 
0.000000 0.000000 1.000000 0.000000 
0.000000 0.000002 0.999998 0.000000 
0.000000 0.000003 0.999997 0.000000 
0.000000 0.000000 1.000000 0.000000 
0.000000 0.000000 1.000000 0.000000 
0.000000 0.000000 1.000000 0.000000 
0.000000 0.000000 1.000000 0.000000 
0.000000 0.000000 1.000000 0.000000 
0.000000 0.000000 1.000000 0.000000 
0.000000 0.000005 0.999995 0.000000 
0.000000 0.000015 0.999985 0.000000 
0.000000 0.000016 0.999984 0.000000 
0.000000 0.000517 0.999483 0.000000 
0.000000 0.030406 0.969594 0.000000 
0.000000 0.776262 0.223738 0.000000 
0.000000 0.990827 0.009173 0.000000 
0.000000 0.801445 0.198555 0.000000 
0.000000 0.165012 0.834987 0.000000 
0.000000 0.004646 0.995354 0.000000 
0.000000 0.035301 0.964699 0.000000 
0.000000 0.073309 0.926691 0.000000 
0.000000 0.012557 0.987443 0.000000 
0.000000 0.003892 0.996108 0.000000 
0.000000 0.014310 0.985690 0.000000 
0.000000 0.080852 0.919148 0.000000 
0.000000 0.061769 0.938231 0.000000 
0.000000 0.385595 0.614405 0.000000 
0.000000 0.567033 0.432967 0.000000 
0.000000 0.568525 0.431475 0.000000 
0.000000 0.810156 0.189844 0.000000 
0.000000 0.481215 0.518785 0.000000 
0.000000 0.235213 0.764749 0.000037 
0.000000 0.978840 0.020798 0.000362 
0.000000 0.912759 0.086902 0.000339 
0.000000 0.832401 0.165540 0.002058 
0.000000 0.343881 0.631441 0.024678 
0.000000 0.370407 0.482478 0.147115 
0.000000 0.349264 0.342455 0.308281 
0.000000 0.483051 0.112463 0.404486 
0.000000 0.481092 0.000287 0.518620 
0.000000 0.591843 0.011144 0.397013 
0.000000 0.050720 0.420315 0.528965 
0.000000 0.521303 0.015188 0.463509 
0.000000 0.219565 0.058461 0.721974 
0.000000 0.554566 0.001672 0.443762 
0.000000 0.491454 0.000030 0.508516 
0.000000 0.170327 0.000002 0.829671 
0.000000 0.046091 0.000005 0.953904 
0.000000 0.530489 0.000017 0.469494 
0.000000 0.453539 0.000168 0.546293 
0.000000 0.141576 0.024919 0.833506 
0.000000 0.106865 0.109473 0.783662 
0.000000 0.199529 0.491630 0.308841 
0.000000 0.680080 0.024047 0.295873 
0.000000 0.597847 0.086705 0.315448 
0.000000 0.716599 0.108201 0.175200 
0.000000 0.178318 0.079098 0.742584 
0.000000 0.193465 0.039242 0.767293 
0.000000 0.419341 0.089687 0.490971 
0.000000 0.268648 0.303621 0.427731 
0.000000 0.226883 0.283831 0.489286 
0.000000 0.185936 0.158178 0.655886 
0.000000 0.145488 0.005290 0.849223 
0.000000 0.313265 0.000000 0.686735 
0.000000 0.536148 0.000002 0.463851 
0.000000 0.653534 0.000265 0.346201 
0.000000 0.335179 0.000092 0.664729 
0.000000 0.533776 0.074131 0.392093 
0.000000 0.667926 0.090875 0.241199 
0.000000 0.912905 0.027521 0.059574 
0.000000 0.787279 0.000932 0.211789 
0.000000 0.649363 0.063228 0.287409 
0.000000 0.554404 0.000000 0.445596 
0.000000 0.519055 0.000000 0.480945 
0.000000 0.361602 0.238597 0.399801 
0.000000 0.277776 0.358923 0.363301 
0.000000 0.202232 0.377322 0.420446 
0.000000 0.215955 0.274239 0.509806 
0.000000 0.483391 0.033299 0.483310 
0.000000 0.300589 0.174166 0.525245 
0.000000 0.139466 0.002241 0.858294 
0.000000 0.038580 0.507439 0.453982 
0.000000 0.132032 0.476140 0.391828 
0.000000 0.116384 0.211456 0.672160 
0.000000 0.192136 0.245031 0.562833 
0.000000 0.254035 0.371706 0.374258 
0.000000 0.027882 0.219835 0.752283 
0.000000 0.000185 0.379271 0.620544 
0.000000 0.000414 0.435652 0.563934 
0.000000 0.005731 0.515776 0.478493 
0.000000 0.021296 0.406620 0.572084 
0.000000 0.002032 0.531427 0.466541 
0.000000 0.015580 0.504897 0.479523 
0.000000 0.137264 0.363909 0.498827 
0.000000 0.293645 0.195751 0.510604 
0.000000 0.470087 0.046374 0.483539 
0.000000 0.154947 0.419094 0.425959 
0.000000 0.477872 0.009725 0.512403 
0.000000 0.443645 0.009607 0.546748 
0.000000 0.362635 0.151184 0.486181 
0.000000 0.364630 0.181249 0.454121 
0.000000 0.478532 0.029455 0.492012 
0.000000 0.346093 0.001736 0.652171 
0.000000 0.551850 0.015094 0.433055 
0.000000 0.493216 0.002863 0.503922 
0.000000 0.342552 0.399508 0.257940 
0.000000 0.535048 0.104665 0.360287 
0.000000 0.563805 0.063378 0.372817 
0.000000 0.248559 0.461574 0.289866 
0.000000 0.340494 0.413722 0.245784 
0.000000 0.494340 0.139047 0.366612 
0.000000 0.486625 0.147827 0.365548 
0.000000 0.205081 0.284149 0.510770 
0.000000 0.435467 0.191226 0.373307 
0.000000 0.293852 0.330265 0.375882 
0.000000 0.341123 0.334243 0.324634 
0.000001 0.331789 0.260065 0.408144 
0.000014 0.214883 0.298919 0.486184 
0.000004 0.212163 0.082776 0.705057 
0.000003 0.035091 0.321036 0.643870 
0.000001 0.038471 0.572326 0.389203 
0.000003 0.346344 0.366169 0.287484 
0.000002 0.362316 0.255278 0.382404 
0.000012 0.293807 0.357568 0.348613 
0.000059 0.151904 0.429102 0.418935 
0.000313 0.195628 0.294976 0.509084 
0.001290 0.222849 0.329585 0.446276 
0.001440 0.345574 0.261013 0.391973 
0.000634 0.113053 0.378729 0.507584 
0.000142 0.335227 0.361647 0.302984 
0.002018 0.277573 0.398563 0.321846 
0.002252 0.168199 0.418422 0.411126 
0.008228 0.084477 0.054801 0.852495 
0.022973 0.069941 0.476848 0.430238 
0.051493 0.105844 0.160303 0.682360 
0.137415 0.381282 0.066608 0.414695 
0.106109 0.251926 0.303745 0.338220 
0.014615 0.021688 0.483132 0.480565 
0.005006 0.171989 0.371860 0.451145 
0.001098 0.090338 0.406276 0.502288 
0.039222 0.243784 0.080689 0.636306 
0.086187 0.139149 0.204916 0.569748 
0.091931 0.142380 0.363810 0.401880 
0.118174 0.043834 0.412907 0.425085 
0.192672 0.000458 0.367473 0.439397 
0.178537 0.000194 0.377483 0.443787 
0.306913 0.006634 0.304472 0.381981 
0.223345 0.061610 0.334595 0.380450 
0.320308 0.303185 0.017458 0.359049 
0.223011 0.202090 0.282568 0.292331 
0.274005 0.222890 0.236016 0.267089 
0.160106 0.302740 0.214895 0.322259 
0.199430 0.038537 0.392081 0.369952 
0.177077 0.104377 0.283987 0.434559 
0.174885 0.143631 0.304015 0.377468 
0.013252 0.279586 0.291383 0.415779 
0.023126 0.047019 0.530564 0.399291 
0.102052 0.496449 0.068110 0.333389 
0.063410 0.236463 0.383746 0.316381 
0.195962 0.016289 0.072126 0.715623 
0.249926 0.063614 0.014114 0.672346 
0.078122 0.227268 0.349294 0.345316 
0.051884 0.311991 0.316497 0.319627 
0.015648 0.407239 0.021319 0.555793 
0.015693 0.092929 0.356919 0.534459 
0.007547 0.152654 0.407653 0.432146 
0.016642 0.332782 0.292099 0.358477 
0.007425 0.101965 0.445264 0.445346 
0.029077 0.202981 0.202868 0.565074 
0.010351 0.258806 0.374528 0.356315 
0.022308 0.231712 0.378292 0.367688 
0.019053 0.315541 0.046797 0.618609 
0.012021 0.300488 0.267899 0.419593 
0.049099 0.239780 0.427460 0.283661 
0.143452 0.449174 0.079813 0.327561 
0.096000 0.264514 0.160899 0.478587 
0.034455 0.107863 0.567733 0.289949 
0.012168 0.246194 0.420583 0.321055 
0.011568 0.351286 0.385064 0.252082 
0.042486 0.199192 0.274648 0.483674 
0.036383 0.057814 0.543051 0.362751 
0.055794 0.082761 0.297419 0.564025 
0.092137 0.016588 0.579243 0.312032 
0.153384 0.012455 0.521632 0.312529 
0.471514 0.001388 0.358820 0.168278 
0.412791 0.000356 0.390351 0.196503 
0.426695 0.001288 0.424837 0.147179 
0.026804 0.054256 0.680526 0.238413 
0.040880 0.357947 0.245936 0.355238 
0.706348 0.058471 0.000131 0.235050 
0.595888 0.199990 0.009900 0.194222 
0.259504 0.094106 0.523766 0.122624 
0.459264 0.043953 0.426613 0.070170 
0.456593 0.114659 0.281879 0.146869 
0.335857 0.169731 0.353817 0.140595 
0.285651 0.297777 0.258677 0.157895 
0.258721 0.331078 0.257484 0.152717 
0.085734 0.358753 0.405584 0.149928 
0.331426 0.305072 0.271719 0.091783 
0.258336 0.355276 0.251281 0.135107 
0.243971 0.448897 0.151395 0.155737 
0.226930 0.504217 0.058755 0.210098 
0.392672 0.319001 0.127460 0.160867 
0.035871 0.574644 0.055125 0.334359 
0.015755 0.630191 0.117685 0.236369 
0.047049 0.547886 0.013555 0.391509 
0.019858 0.724254 0.009790 0.246098 
0.003326 0.808547 0.000516 0.187612 
0.016047 0.707218 0.088056 0.188679 
0.027484 0.543558 0.250320 0.178637 
0.008282 0.422204 0.310777 0.258737 
0.290424 0.279918 0.207000 0.222658 
0.224278 0.285782 0.267811 0.222129 
0.271372 0.254067 0.262214 0.212347 
0.108569 0.291912 0.282088 0.317431 
0.168243 0.110240 0.380400 0.341116 
0.213675 0.287297 0.078180 0.420848 
0.165707 0.286999 0.270779 0.276515 
0.260947 0.266381 0.169316 0.303356 
0.035528 0.465537 0.025573 0.473362 
0.178452 0.382172 0.001845 0.437531 
0.013867 0.439852 0.020537 0.525744 
0.158645 0.321652 0.001281 0.518423 
0.027955 0.360517 0.224774 0.386753 
0.065791 0.293571 0.328127 0.312512 
0.258167 0.196948 0.258610 0.286276 
0.441375 0.018769 0.123886 0.415970 
0.347629 0.020454 0.346946 0.284972 
0.462221 0.077295 0.028250 0.432235 
0.355899 0.014359 0.138769 0.490973 
0.055319 0.021838 0.392696 0.530146 
0.329953 0.091601 0.301572 0.276874 
0.283063 0.063020 0.374840 0.279076 
0.359839 0.062254 0.315580 0.262327 
0.396570 0.030837 0.279551 0.293042 
0.195046 0.265971 0.056176 0.482808 
0.096416 0.331719 0.013212 0.558653 
0.147634 0.340594 0.194734 0.317038 
0.230497 0.362915 0.058870 0.347718 
0.092419 0.382780 0.158297 0.366504 
0.210688 0.263547 0.252488 0.273277 
0.290361 0.190582 0.194853 0.324204 
0.207084 0.308974 0.097355 0.386587 
0.269479 0.249592 0.223402 0.257527 
0.220237 0.345900 0.089122 0.344740 
0.214525 0.282966 0.222167 0.280342 
0.035664 0.362851 0.246531 0.354953 
0.052698 0.263961 0.279442 0.403899 
0.114517 0.112622 0.366000 0.406861 
0.012024 0.294345 0.298787 0.394844 
0.000790 0.396516 0.187158 0.415536 
0.000362 0.390014 0.223906 0.385718 
0.000331 0.354570 0.134501 0.510599 
0.022637 0.272898 0.343332 0.361133 
0.103866 0.273945 0.295023 0.327166 
0.142189 0.283306 0.239533 0.334972 
0.209160 0.292001 0.204863 0.293976 
0.306867 0.198830 0.210934 0.283369 
0.327424 0.202221 0.080884 0.389472 
0.184108 0.181342 0.042681 0.591869 
0.031698 0.157668 0.032731 0.777903 
0.000000 0.116035 0.033882 0.850083 
0.000008 0.010643 0.457710 0.531640 
0.269066 0.064848 0.311747 0.354339 
0.311961 0.107225 0.282954 0.297860 
0.269697 0.210988 0.285811 0.233504 
0.017253 0.177527 0.408768 0.396452 
0.000198 0.142907 0.419976 0.436918 
0.265196 0.011299 0.493560 0.229946 
0.064152 0.001705 0.556140 0.378003 
0.236371 0.003923 0.227731 0.531975 
0.495003 0.003780 0.013487 0.487730 
0.425258 0.033718 0.094840 0.446184 
0.355329 0.082519 0.183181 0.378971 
0.344110 0.134960 0.256944 0.263987 
0.433718 0.068444 0.154999 0.342840 
0.293648 0.068779 0.355983 0.281590 
0.312719 0.053233 0.303147 0.330901 
0.363076 0.124685 0.151255 0.360984 
0.406247 0.113690 0.191794 0.288268 
0.385693 0.094252 0.347761 0.172294 
0.171208 0.242157 0.423623 0.163012 
0.292262 0.197063 0.482822 0.027853 
0.401566 0.135228 0.412331 0.050874 
0.737319 0.201960 0.017487 0.043235 
0.292682 0.593316 0.002067 0.111935 
0.210118 0.581969 0.006590 0.201323 
0.700890 0.241382 0.016614 0.041114 
0.672223 0.255653 0.000766 0.071358 
0.606084 0.326775 0.015440 0.051700 
0.384549 0.171178 0.392139 0.052133 
0.339187 0.205963 0.410024 0.044826 
0.314579 0.381506 0.163864 0.140051 
0.467698 0.257600 0.038061 0.236640 
0.285345 0.186085 0.214812 0.313757 
0.335997 0.243782 0.177923 0.242299 
0.314133 0.280469 0.320311 0.085087 
0.271270 0.344264 0.285090 0.099376 
0.421498 0.339706 0.180243 0.058553 
0.111499 0.716551 0.077767 0.094183 
0.119966 0.538872 0.005364 0.335798 
0.004786 0.664613 0.013994 0.316607 
0.020775 0.511365 0.017469 0.450392 
0.000954 0.507885 0.003782 0.487379 
0.007089 0.552358 0.000933 0.439620 
0.072876 0.731955 0.007720 0.187449 
0.078438 0.796751 0.010876 0.113935 
0.123797 0.648050 0.012909 0.215244 
0.432619 0.400493 0.003979 0.162909 
0.250178 0.393220 0.000356 0.356245 
0.330667 0.350778 0.000019 0.318537 
0.046025 0.653144 0.000000 0.300830 
0.309869 0.350923 0.000002 0.339206 
0.285409 0.377263 0.000000 0.337328 
0.000651 0.534942 0.000001 0.464406 
0.326997 0.338139 0.000000 0.334864 
0.356402 0.354608 0.000000 0.288990 
0.244638 0.390945 0.000000 0.364417 
0.323406 0.340550 0.000000 0.336045 
0.197577 0.527498 0.000000 0.274925 
0.454085 0.455708 0.000000 0.090208 
0.392806 0.424106 0.000000 0.183088 
0.378327 0.375878 0.000000 0.245795 
0.342016 0.342065 0.000000 0.315918 
0.276284 0.522828 0.000000 0.200888 
0.093719 0.470042 0.000000 0.436239 
0.000000 0.524998 0.000000 0.475002 
0.263816 0.393997 0.000000 0.342186 
0.031450 0.622321 0.000000 0.346229 
0.296920 0.408223 0.000000 0.294858 
0.057487 0.778650 0.000000 0.163863 
0.000621 0.698270 0.000000 0.301110 
0.161049 0.594905 0.000000 0.244046 
0.392991 0.473352 0.000000 0.133657 
0.318156 0.501829 0.000000 0.180015 
0.359662 0.437085 0.000000 0.203252 
0.304385 0.347214 0.000000 0.348402 
0.353708 0.356496 0.000000 0.289796 
0.161591 0.400979 0.000000 0.437430 
0.331625 0.328390 0.000000 0.339984 
0.140304 0.426560 0.000000 0.433136 
0.048063 0.470358 0.000000 0.481580 
0.028690 0.486278 0.000000 0.485031 
0.014453 0.503097 0.000000 0.482450 
0.015049 0.556252 0.000000 0.428698 
0.002397 0.547024 0.000000 0.450579 
0.005312 0.559792 0.000000 0.434896 
0.160343 0.414418 0.000000 0.425238 
0.083574 0.456744 0.000000 0.459682 
0.009908 0.542049 0.000000 0.448043 
0.199693 0.400250 0.000000 0.400056 
0.166366 0.453254 0.000000 0.380380 
0.095703 0.436801 0.000000 0.467497 
0.312547 0.358730 0.000000 0.328724 
0.135229 0.529122 0.000000 0.335650 
0.443640 0.447630 0.000000 0.108730 
0.352506 0.341358 0.000000 0.306136 
0.169450 0.701577 0.000000 0.128973 
0.312884 0.304194 0.000000 0.382922 
0.011176 0.452510 0.000000 0.536314 
0.242950 0.326476 0.000000 0.430573 
0.003998 0.563323 0.000001 0.432678 
0.305978 0.475033 0.000001 0.218988 
0.066068 0.627002 0.000001 0.306929 
0.057599 0.319057 0.000050 0.623294 
0.114741 0.296090 0.000030 0.589138 
0.092743 0.339701 0.000001 0.567555 
0.299503 0.455316 0.000000 0.245181 
0.055167 0.476463 0.000000 0.468370 
0.001915 0.833160 0.000001 0.164924 
0.003239 0.754821 0.000083 0.241857 
0.023240 0.834309 0.000047 0.142405 
0.091799 0.632044 0.000368 0.275788 
0.149487 0.571307 0.000188 0.279017 
0.681856 0.149672 0.000004 0.168468 
0.487313 0.450306 0.000000 0.062380 
0.241760 0.250871 0.000000 0.507369 
0.377972 0.483986 0.000000 0.138042 
0.672653 0.256874 0.000000 0.070472 
0.513161 0.342260 0.000000 0.144579 
0.376935 0.415264 0.000004 0.207797 
0.534386 0.211675 0.000010 0.253929 
0.723351 0.201242 0.000013 0.075394 
0.772453 0.166285 0.000001 0.061261 
0.815946 0.180424 0.000001 0.003630 
0.702115 0.284679 0.000000 0.013206 
0.247683 0.729319 0.000000 0.022998 
0.022122 0.741450 0.000000 0.236428 
0.052395 0.275447 0.000000 0.672158 
0.024144 0.076543 0.000001 0.899312 
0.396761 0.058845 0.000003 0.544392 
0.414355 0.059002 0.000000 0.526644 
0.362014 0.045573 0.000000 0.592413 
0.506320 0.040339 0.000000 0.453341 
0.315746 0.026021 0.000001 0.658231 
0.606696 0.009136 0.000000 0.384168 
0.666532 0.003693 0.000000 0.329775 
0.568267 0.002896 0.000000 0.428837 
0.930438 0.021673 0.000000 0.047890 
0.006324 0.158986 0.000000 0.834690 
0.581564 0.040970 0.000000 0.377465 
0.326304 0.103634 0.000000 0.570062 
0.805761 0.040013 0.000000 0.154226 
0.726518 0.139254 0.000000 0.134229 
0.901811 0.061382 0.000000 0.036807 
0.535414 0.226592 0.000000 0.237994 
0.027060 0.794498 0.000000 0.178442 
0.067715 0.811350 0.000000 0.120935 
0.000292 0.953636 0.000000 0.046072 
0.000681 0.960084 0.000000 0.039235 
0.000151 0.854660 0.000000 0.145189 
0.007746 0.757332 0.000000 0.234922 
0.011384 0.532307 0.000000 0.456309 
0.032478 0.302575 0.000000 0.664946 
0.238004 0.161627 0.000000 0.600369 
0.358954 0.166380 0.000000 0.474667 
0.448436 0.151600 0.000000 0.399964 
0.431190 0.123568 0.000000 0.445242 
0.121274 0.339970 0.000000 0.538756 
0.094515 0.346270 0.000000 0.559215 
0.097347 0.466851 0.000000 0.435803 
0.207282 0.361720 0.000000 0.430997 
0.242351 0.342580 0.000000 0.415069 
0.342685 0.316130 0.000000 0.341184 
0.120990 0.494367 0.000000 0.384643 
0.017129 0.546341 0.000000 0.436530 
0.361921 0.303253 0.000000 0.334825 
0.092272 0.425088 0.000006 0.482634 
0.329346 0.294776 0.000000 0.375878 
0.177203 0.377052 0.000000 0.445745 
0.353428 0.307831 0.000000 0.338742 
0.300082 0.312321 0.000000 0.387597 
0.320941 0.315252 0.000000 0.363808 
0.374851 0.260974 0.000000 0.364175 
0.164071 0.428250 0.000000 0.407679 
0.272084 0.329774 0.000000 0.398142 
0.361757 0.317875 0.000000 0.320368 
0.445671 0.456948 0.000000 0.097382 
0.338186 0.247547 0.000000 0.414267 
0.393883 0.232306 0.000000 0.373810 
0.347169 0.240854 0.000000 0.411977 
0.063310 0.328608 0.000000 0.608082 
0.212181 0.267567 0.000000 0.520252 
0.395516 0.188894 0.000000 0.415590 
0.382515 0.227785 0.000000 0.389700 
0.389081 0.219067 0.000000 0.391852 
0.420254 0.296191 0.000000 0.283555 
0.188851 0.469070 0.000000 0.342079 
0.083461 0.457017 0.000000 0.459523 
0.172025 0.350347 0.000000 0.477629 
0.300949 0.322965 0.000000 0.376087 
0.306223 0.445178 0.000000 0.248598 
0.378775 0.334444 0.000000 0.286781 
0.044191 0.552793 0.000000 0.403016 
0.001282 0.518888 0.000000 0.479830 
0.238171 0.520554 0.000000 0.241275 
0.421655 0.372915 0.000000 0.205430 
0.191646 0.477411 0.000000 0.330943 
0.045170 0.498974 0.000000 0.455856 
0.260986 0.423990 0.000000 0.315024 
0.357328 0.380315 0.000000 0.262357 
0.405394 0.369036 0.000000 0.225571 
0.385568 0.362028 0.000000 0.252404 
0.241817 0.372429 0.000000 0.385754 
0.052110 0.456268 0.000000 0.491622 
0.021638 0.458480 0.000000 0.519882 
0.345734 0.280519 0.000003 0.373745 
0.314883 0.354661 0.000000 0.330456 
0.340183 0.325809 0.000000 0.334007 
0.179492 0.475471 0.000000 0.345037 
0.123845 0.653027 0.000000 0.223128 
0.160879 0.720643 0.000000 0.118477 
0.000447 0.636504 0.000000 0.363050 
0.050921 0.458970 0.000000 0.490108 
0.034051 0.479636 0.000000 0.486312 
0.305148 0.317175 0.000000 0.377677 
0.137442 0.399155 0.000000 0.463404 
0.053320 0.465199 0.000000 0.481481 
0.390061 0.187571 0.000000 0.422368 
0.449040 0.091740 0.000000 0.459220 
0.443248 0.124522 0.000000 0.432230 
0.298322 0.148140 0.000000 0.553538 
0.103738 0.206715 0.000000 0.689546 
0.088143 0.448093 0.000000 0.463764 
0.001716 0.569902 0.000000 0.428382 
0.008154 0.276745 0.000000 0.715101 
0.222173 0.293730 0.000000 0.484097 
0.456758 0.341066 0.000000 0.202176 
0.349208 0.445412 0.000000 0.205380 
0.213531 0.533609 0.000000 0.252860 
0.051783 0.666217 0.000000 0.282000 
0.156745 0.668278 0.000000 0.174977 
0.037463 0.797170 0.000000 0.165367 
0.043676 0.847761 0.000000 0.108563 
0.026555 0.729842 0.000000 0.243603 
0.010438 0.747139 0.000000 0.242423 
0.000007 0.430563 0.000000 0.569430 
0.000007 0.407951 0.000000 0.592042 
0.000412 0.677302 0.000000 0.322286 
0.000540 0.697121 0.000000 0.302338 
0.018990 0.560414 0.000002 0.420594 
0.038808 0.523862 0.000827 0.436502 
0.000898 0.597142 0.001243 0.400718 
0.001188 0.680261 0.000072 0.318479 
0.024138 0.570964 0.001583 0.403315 
0.005298 0.307146 0.433714 0.253842 
0.069128 0.254360 0.188024 0.488489 
0.152210 0.374234 0.058028 0.415529 
0.401287 0.199202 0.014091 0.385421 
0.401372 0.148257 0.064068 0.386302 
0.342456 0.180690 0.004666 0.472188 
0.206264 0.027590 0.377007 0.389138 
0.358987 0.000098 0.181126 0.459789 
0.236135 0.000048 0.385926 0.377891 
0.304168 0.000009 0.114826 0.580996 
0.415336 0.000001 0.184381 0.400283 
0.378676 0.000000 0.054761 0.566563 
0.418887 0.000000 0.167666 0.413447 
0.278023 0.000000 0.306344 0.415632 
0.474282 0.000000 0.035745 0.489973 
0.172282 0.000000 0.326816 0.500901 
0.222811 0.000000 0.415245 0.361944 
0.404771 0.000100 0.014766 0.580362 
0.541275 0.000026 0.019004 0.439695 
0.433934 0.000024 0.121161 0.444881 
0.527373 0.012346 0.080296 0.379985 
0.377109 0.001233 0.351047 0.270611 
0.461593 0.001912 0.152619 0.383876 
0.348550 0.003451 0.258112 0.389888 
0.041575 0.064563 0.452367 0.441495 
0.112809 0.058671 0.440153 0.388367 
0.361010 0.083777 0.227532 0.327681 
0.259518 0.253499 0.271102 0.215882 
0.111938 0.352242 0.234727 0.301092 
0.029514 0.313032 0.333889 0.323564 
0.113049 0.310439 0.268661 0.307851 
0.346936 0.273443 0.009993 0.369627 
0.252271 0.206745 0.157739 0.383245 
0.188168 0.185393 0.316368 0.310071 
0.225231 0.173724 0.203542 0.397503 
0.068228 0.295059 0.321965 0.314749 
0.000036 0.316991 0.355725 0.327247 
0.000091 0.350538 0.282790 0.366581 
0.000717 0.343043 0.282740 0.373499 
0.001194 0.161764 0.405473 0.431569 
0.007478 0.255194 0.382154 0.355174 
0.067149 0.127400 0.360070 0.445381 
0.045680 0.176330 0.401201 0.376789 
0.112224 0.221635 0.313468 0.352672 
0.181380 0.097305 0.391984 0.329330 
0.061264 0.136930 0.347126 0.454680 
0.141681 0.274251 0.153240 0.430827 
0.327364 0.245096 0.107798 0.319742 
0.172044 0.089783 0.417492 0.320681 
0.184855 0.035714 0.451706 0.327725 
0.132360 0.130972 0.379020 0.357648 
0.311485 0.093240 0.309113 0.286162 
0.297364 0.211873 0.161452 0.329311 
0.263276 0.047208 0.360039 0.329477 
0.258865 0.170630 0.150940 0.419565 
0.533773 0.007439 0.000043 0.458745 
0.204298 0.045753 0.342962 0.406987 
0.004306 0.011858 0.480228 0.503608 
0.000821 0.025936 0.498029 0.475214 
0.315482 0.004714 0.020229 0.659575 
0.508625 0.001287 0.047909 0.442179 
0.345349 0.001290 0.315786 0.337575 
0.241246 0.001664 0.373976 0.383114 
0.355975 0.001061 0.143469 0.499494 
0.303079 0.003779 0.343061 0.350082 
0.084873 0.004105 0.415218 0.495805 
0.354676 0.000452 0.234738 0.410135 
0.342425 0.000728 0.303048 0.353799 
0.373237 0.003549 0.284810 0.338404 
0.358448 0.010549 0.294530 0.336473 
0.323293 0.027696 0.358260 0.290751 
0.274884 0.165040 0.215913 0.344163 
0.331024 0.363117 0.003242 0.302617 
0.327881 0.320303 0.045108 0.306708 
0.417064 0.139996 0.000017 0.442923 
0.343306 0.319428 0.001479 0.335787 
0.293473 0.356236 0.060370 0.289921 
0.205073 0.449040 0.000091 0.345796 
0.236544 0.285909 0.261843 0.215705 
0.111049 0.267892 0.331756 0.289304 
0.389239 0.030165 0.223956 0.356640 
0.392451 0.012257 0.371598 0.223694 
0.269840 0.273142 0.263499 0.193519 
0.268083 0.287565 0.216681 0.227671 
0.059174 0.276952 0.357659 0.306215 
0.047523 0.202703 0.383297 0.366477 
0.107495 0.371646 0.009977 0.510882 
0.358250 0.062467 0.106184 0.473099 
0.333652 0.296937 0.103098 0.266312 
0.401967 0.288554 0.012346 0.297134 
0.377291 0.383833 0.002648 0.236228 
0.396396 0.359291 0.003721 0.240592 
0.437800 0.291327 0.000747 0.270126 
0.409016 0.395477 0.000433 0.195074 
0.332849 0.358773 0.049129 0.259249 
0.318328 0.108151 0.310202 0.263319 
0.260087 0.031528 0.320379 0.388006 
0.229777 0.006484 0.393958 0.369781 
0.048548 0.133149 0.237175 0.581129 
0.102098 0.306122 0.274711 0.317069 
0.235251 0.245708 0.293835 0.225205 
0.278748 0.282301 0.250081 0.188870 
0.480821 0.224059 0.060158 0.234963 
0.304555 0.303326 0.271834 0.120285 
0.275940 0.364104 0.232567 0.127390 
0.214122 0.340982 0.340291 0.104605 
0.152630 0.346142 0.389869 0.111359 
0.064389 0.195031 0.555167 0.185412 
0.121497 0.035660 0.414986 0.427857 
0.159432 0.248509 0.208222 0.383838 
0.147296 0.071507 0.422944 0.358253 
0.084004 0.138981 0.101599 0.675415 
0.133931 0.353404 0.012192 0.500473 
0.059495 0.024904 0.609850 0.305750 
0.290032 0.004051 0.305371 0.400546 
0.067162 0.101792 0.480936 0.350109 
0.349902 0.342384 0.041929 0.265785 
0.250130 0.251088 0.399636 0.099146 
0.315328 0.302127 0.288478 0.094067 
0.405596 0.031392 0.414846 0.148166 
0.533903 0.228324 0.036627 0.201146 
0.392444 0.028243 0.380073 0.199239 
0.414390 0.001678 0.353486 0.230445 
0.498556 0.170025 0.111868 0.219551 
0.247160 0.575859 0.017107 0.159874 
0.360054 0.507772 0.007914 0.124261 
0.400171 0.502873 0.008026 0.088930 
0.369955 0.500775 0.000038 0.129232 
0.612192 0.201047 0.000103 0.186658 
0.609100 0.187051 0.000070 0.203779 
0.426875 0.440539 0.002577 0.130009 
0.601318 0.180882 0.000491 0.217310 
0.493263 0.124576 0.010137 0.372024 
0.429536 0.019429 0.068738 0.482297 
0.388424 0.000370 0.338594 0.272611 
0.368135 0.002084 0.306717 0.323065 
0.373570 0.053295 0.296143 0.276992 
0.399287 0.048149 0.199353 0.353211 
0.411864 0.366150 0.007474 0.214512 
0.383497 0.399602 0.000419 0.216481 
0.438615 0.366002 0.000015 0.195368 
0.522967 0.207350 0.000237 0.269446 
0.530728 0.047323 0.002902 0.419047 
0.379726 0.069064 0.059916 0.491294 
0.447945 0.000191 0.122254 0.429610 
0.154234 0.000029 0.359909 0.485828 
0.275552 0.001386 0.402908 0.320153 
0.028413 0.000564 0.593635 0.377388 
0.096009 0.272283 0.379135 0.252572 
0.267500 0.165780 0.357957 0.208763 
0.307437 0.267869 0.236668 0.188025 
0.127037 0.528466 0.025153 0.319343 
0.187972 0.108446 0.345082 0.358500 
0.168029 0.126636 0.472996 0.232339 
0.239387 0.031800 0.522293 0.206520 
0.004217 0.417396 0.425603 0.152784 
0.000006 0.373869 0.463141 0.162983 
0.000000 0.482484 0.333581 0.183935 
0.000043 0.290482 0.551200 0.158275 
0.000135 0.568064 0.337706 0.094095 
0.001253 0.101181 0.743551 0.154015 
0.000001 0.488332 0.416845 0.094821 
0.000384 0.544028 0.276442 0.179146 
0.000366 0.656774 0.083873 0.258987 
0.035141 0.628567 0.001855 0.334437 
0.463173 0.296977 0.008743 0.231108 
0.455344 0.368982 0.025395 0.150279 
0.351659 0.434631 0.100466 0.113245 
0.532868 0.291070 0.083632 0.092430 
0.339360 0.287381 0.339309 0.033950 
0.481236 0.109159 0.361428 0.048177 
0.399002 0.354556 0.189768 0.056673 
0.449205 0.165745 0.351366 0.033685 
0.797426 0.005975 0.173401 0.023198 
0.830275 0.028315 0.125213 0.016197 
0.990039 0.000000 0.006608 0.003353 
0.956267 0.004639 0.036110 0.002984 
0.933227 0.045458 0.017932 0.003383 
0.865281 0.089494 0.043058 0.002166 
0.801574 0.187591 0.010286 0.000550 
0.486895 0.511067 0.001827 0.000211 
0.466790 0.528645 0.004462 0.000103 
0.546251 0.444279 0.009400 0.000070 
0.862620 0.120858 0.016098 0.000424 
0.980120 0.006271 0.000327 0.013282 
0.924410 0.058402 0.007381 0.009806 
0.961145 0.011594 0.025250 0.002012 
0.492071 0.050916 0.455850 0.001163 
0.369239 0.182618 0.440082 0.008061 
0.682460 0.002478 0.271304 0.043758 
0.597865 0.000581 0.393116 0.008438 
0.458905 0.040378 0.434668 0.066049 
0.406480 0.000220 0.440977 0.152323 
0.445017 0.010774 0.461123 0.083087 
0.295426 0.308829 0.319715 0.076030 
0.330398 0.275732 0.335100 0.058771 
0.273576 0.303714 0.242807 0.179903 
0.357312 0.106130 0.372130 0.164428 
0.377202 0.139194 0.404327 0.079276 
0.562237 0.051384 0.303301 0.083078 
0.448536 0.008502 0.475907 0.067055 
0.726758 0.000120 0.157962 0.115160 
0.778531 0.000000 0.013734 0.207735 
0.896395 0.000250 0.008590 0.094765 
0.679487 0.000008 0.013997 0.306508 
0.537118 0.110219 0.005780 0.346884 
0.341363 0.351902 0.000481 0.306253 
0.332700 0.334655 0.000659 0.331985 
0.438132 0.118704 0.000480 0.442685 
0.583446 0.023912 0.010830 0.381811 
0.286453 0.266982 0.185984 0.260581 
0.382091 0.117141 0.120357 0.380412 
0.290388 0.296284 0.122458 0.290870 
0.413439 0.180242 0.002602 0.403716 
0.396650 0.252792 0.000018 0.350540 
0.512693 0.166067 0.001198 0.320042 
0.472734 0.034172 0.010506 0.482587 
0.411721 0.368983 0.028929 0.190367 
0.399009 0.199650 0.000623 0.400718 
0.357955 0.370558 0.000029 0.271458 
0.428149 0.421830 0.002138 0.147883 
0.342275 0.333097 0.031827 0.292800 
0.491731 0.331845 0.001389 0.175035 
0.577063 0.305627 0.004801 0.112509 
0.507452 0.398121 0.000058 0.094368 
0.657977 0.159300 0.001195 0.181527 
0.692106 0.167049 0.001668 0.139178 
0.613520 0.151840 0.001355 0.233285 
0.401029 0.379408 0.062607 0.156956 
0.330037 0.243854 0.182253 0.243855 
0.391390 0.109697 0.390300 0.108614 
0.354700 0.166702 0.300201 0.178397 
0.318895 0.267061 0.250108 0.163936 
0.375102 0.269895 0.007837 0.347166 
0.440894 0.107641 0.000129 0.451336 
0.342041 0.314837 0.000800 0.342322 
0.463244 0.071090 0.002094 0.463572 
0.472179 0.015098 0.063328 0.449394 
0.397314 0.217392 0.001773 0.383522 
0.456687 0.079665 0.008107 0.455541 
0.466380 0.078726 0.000143 0.454751 
0.481465 0.126097 0.001863 0.390575 
0.483100 0.451142 0.000023 0.065735 
0.468068 0.476070 0.000000 0.055862 
0.758444 0.060068 0.000000 0.181488 
0.366499 0.314917 0.000000 0.318584 
0.406344 0.434790 0.000001 0.158865 
0.378748 0.422425 0.000008 0.198819 
0.432996 0.022573 0.000009 0.544422 
0.547046 0.000007 0.000000 0.452947 
0.578167 0.139321 0.000202 0.282309 
0.449065 0.367776 0.000918 0.182241 
0.317915 0.317701 0.130980 0.233404 
0.421878 0.422341 0.057567 0.098215 
0.331160 0.127441 0.253626 0.287772 
0.303417 0.308077 0.082176 0.306329 
0.361637 0.276206 0.094262 0.267896 
0.417453 0.019660 0.415938 0.146950 
0.422182 0.194007 0.294243 0.089568 
0.339582 0.302477 0.285250 0.072691 
0.343352 0.177380 0.334190 0.145078 
0.266974 0.267702 0.228497 0.236827 
0.283379 0.241737 0.197512 0.277371 
0.274123 0.250147 0.267152 0.208577 
0.336180 0.113126 0.320430 0.230264 
0.533957 0.017361 0.127916 0.320766 
0.462131 0.040236 0.200691 0.296942 
0.433873 0.107809 0.028162 0.430156 
0.290421 0.244948 0.171703 0.292927 
0.345044 0.047876 0.238423 0.368658 
0.301456 0.373829 0.042023 0.282693 
0.445743 0.271444 0.007099 0.275714 
0.403711 0.341168 0.010308 0.244812 
0.488792 0.136297 0.017899 0.357012 
0.459608 0.041182 0.021790 0.477420 
0.372818 0.377196 0.013689 0.236297 
0.442635 0.106858 0.000252 0.450255 
0.465181 0.002356 0.000000 0.532463 
0.381011 0.243265 0.000007 0.375716 
0.577929 0.026963 0.000000 0.395109 
0.433520 0.433776 0.000334 0.132369 
0.364327 0.334847 0.000004 0.300823 
0.506265 0.435211 0.000009 0.058515 
0.874601 0.054411 0.000033 0.070956 
0.452557 0.277546 0.000008 0.269890 
0.333432 0.330578 0.000130 0.335860 
0.401655 0.175921 0.004769 0.417655 
0.390985 0.219812 0.006214 0.382989 
0.482432 0.190731 0.089570 0.237267 
0.374410 0.242820 0.011699 0.371072 
0.417628 0.417801 0.130636 0.033935 
0.392413 0.237673 0.294856 0.075058 
0.384578 0.342244 0.193346 0.079832 
0.227064 0.264641 0.259840 0.248456 
0.242801 0.237237 0.348480 0.171482 
0.177628 0.337620 0.180289 0.304463 
0.181109 0.275727 0.201247 0.341916 
0.203888 0.089388 0.338126 0.368598 
0.172407 0.000000 0.369742 0.457852 
0.446527 0.010472 0.187877 0.355124 
0.218798 0.083439 0.116919 0.580844 
0.356372 0.077524 0.088979 0.477125 
0.800367 0.129295 0.020617 0.049721 
0.806431 0.086750 0.080639 0.026180 
0.296579 0.444999 0.254509 0.003913 
0.297642 0.470348 0.228779 0.003231 
0.223628 0.427817 0.179431 0.169124 
0.218413 0.360236 0.057856 0.363495 
0.258236 0.382600 0.119240 0.239924 
0.492457 0.040818 0.003810 0.462915 
0.423106 0.123579 0.004443 0.448871 
0.946367 0.010100 0.015225 0.028308 
0.802178 0.116635 0.005800 0.075388 
0.410805 0.386485 0.029710 0.173000 
0.350626 0.366131 0.005084 0.278159 
0.343162 0.326652 0.001132 0.329054 
0.338008 0.302445 0.000085 0.359461 
0.406080 0.429989 0.000494 0.163437 
0.362440 0.331535 0.000008 0.306017 
0.535313 0.131580 0.000002 0.333105 
0.311961 0.357311 0.030493 0.300235 
0.418129 0.399577 0.052055 0.130239 
0.566896 0.300956 0.047158 0.084990 
0.414858 0.051737 0.299985 0.233420 
0.445510 0.005324 0.530748 0.018418 
0.903915 0.006242 0.068804 0.021039 
0.458236 0.333452 0.063815 0.144497 
0.299866 0.606594 0.055691 0.037848 
0.585199 0.146755 0.197904 0.070142 
0.483306 0.310500 0.076904 0.129291 
0.155719 0.292313 0.265076 0.286891 
0.166841 0.230671 0.353670 0.248818 
0.102819 0.250882 0.416016 0.230283 
0.065215 0.339113 0.322941 0.272731 
0.122498 0.234190 0.228173 0.415139 
0.071642 0.355101 0.218940 0.354317 
0.065149 0.261472 0.464658 0.208720 
0.169604 0.032698 0.792083 0.005615 
0.172910 0.003935 0.812767 0.010389 
0.131563 0.117553 0.670990 0.079894 
0.087555 0.027150 0.513532 0.371763 
0.065475 0.167164 0.404114 0.363247 
0.053741 0.310718 0.418577 0.216963 
0.035762 0.305661 0.330794 0.327782 
0.056612 0.293834 0.249028 0.400526 
0.024747 0.274713 0.486801 0.213738 
0.041076 0.017119 0.565939 0.375866 
0.075411 0.165384 0.675933 0.083272 
0.087041 0.007427 0.451286 0.454245 
0.062674 0.290282 0.406960 0.240084 
0.071391 0.107302 0.125175 0.696132 
0.112497 0.383223 0.083845 0.420434 
0.278883 0.027791 0.044456 0.648870 
0.187947 0.505309 0.020152 0.286592 
0.153332 0.371774 0.030033 0.444862 
0.192367 0.607466 0.009491 0.190677 
0.169627 0.429559 0.005001 0.395813 
0.128662 0.465471 0.001208 0.404659 
0.104447 0.489865 0.009418 0.396271 
0.084526 0.321973 0.057976 0.535525 
0.036477 0.662603 0.187974 0.112946 
0.045827 0.386557 0.422298 0.145318 
0.099689 0.078842 0.240661 0.580809 
0.198183 0.231993 0.290433 0.279391 
0.179673 0.276815 0.296904 0.246608 
0.171254 0.474746 0.341847 0.012153 
0.078374 0.371464 0.400274 0.149888 
0.063868 0.399883 0.252333 0.283916 
0.201719 0.000618 0.088591 0.709072 
0.147672 0.292392 0.128734 0.431203 
0.205012 0.099991 0.051052 0.643945 
0.474023 0.151403 0.038498 0.336076 
0.395189 0.050822 0.057914 0.496075 
0.318894 0.000455 0.052509 0.628142 
0.284418 0.045429 0.089815 0.580338 
0.189320 0.003352 0.086677 0.720651 
0.264883 0.001560 0.099415 0.634142 
0.161014 0.072042 0.102347 0.664597 
0.490332 0.297997 0.132333 0.079338 
0.194879 0.060051 0.071623 0.673446 
0.314506 0.304051 0.034475 0.346968 
0.038780 0.204908 0.065670 0.690641 
0.056867 0.444509 0.055654 0.442970 
0.004371 0.469758 0.050473 0.475398 
0.007610 0.560374 0.072259 0.359757 
0.163559 0.485806 0.020111 0.330524 
0.420530 0.395920 0.016708 0.166843 
0.370224 0.359386 0.013832 0.256559 
0.200135 0.384063 0.017377 0.398426 
0.315267 0.354341 0.021424 0.308968 
0.256986 0.368710 0.013725 0.360579 
0.275750 0.341577 0.004690 0.377983 
0.443327 0.364964 0.010367 0.181342 
0.521944 0.000723 0.016063 0.461269 
0.490475 0.001141 0.005782 0.502602 
0.492184 0.000000 0.018428 0.489388 
0.615443 0.000010 0.027682 0.356865 
0.497250 0.000000 0.017683 0.485067 
0.520337 0.000049 0.016440 0.463175 
0.466365 0.000265 0.066997 0.466373 
0.787561 0.001817 0.135494 0.075128 
0.475042 0.079264 0.046888 0.398806 
0.203515 0.226555 0.040765 0.529164 
0.386042 0.101079 0.025515 0.487365 
0.356200 0.026999 0.045858 0.570943 
0.588676 0.068005 0.170321 0.172998 
0.381351 0.368267 0.059257 0.191126 
0.210002 0.372443 0.057008 0.360547 
0.329473 0.534822 0.098079 0.037626 
0.519228 0.362989 0.110896 0.006887 
0.502497 0.432772 0.064731 0.000000 
0.780714 0.121119 0.098165 0.000002 
0.685032 0.186827 0.128140 0.000000 
0.640293 0.046523 0.313184 0.000000 
0.354062 0.277202 0.368736 0.000000 
0.184366 0.516762 0.298872 0.000000 
0.066863 0.700754 0.232383 0.000000 
0.320254 0.352487 0.327234 0.000025 
0.372522 0.463593 0.163662 0.000223 
0.609575 0.251873 0.131847 0.006704 
0.405985 0.495517 0.088883 0.009615 
0.398810 0.485090 0.116100 0.000000 
0.480636 0.378526 0.140817 0.000021 
0.192570 0.722455 0.084975 0.000000 
0.440088 0.486619 0.073294 0.000000 
0.462041 0.481232 0.056721 0.000006 
0.590773 0.329561 0.079667 0.000000 
0.845272 0.001543 0.153186 0.000000 
0.753501 0.000797 0.245611 0.000090 
0.850593 0.003354 0.146016 0.000037 
0.630171 0.036105 0.333723 0.000000 
0.225385 0.509717 0.264898 0.000000 
0.244540 0.530777 0.224683 0.000000 
0.338691 0.422750 0.238558 0.000000 
0.178038 0.524385 0.297576 0.000000 
0.083095 0.693412 0.223493 0.000000 
0.112749 0.822215 0.065036 0.000000 
0.556830 0.358457 0.084713 0.000000 
0.567827 0.368697 0.063476 0.000000 
0.266629 0.709515 0.023856 0.000000 
0.387300 0.455102 0.157598 0.000000 
0.040254 0.925055 0.034691 0.000000 
0.156361 0.783620 0.060019 0.000000 
0.348794 0.103163 0.548044 0.000000 
0.111548 0.082937 0.805515 0.000000 
0.110483 0.122429 0.767088 0.000000 
0.007077 0.662225 0.330698 0.000000 
0.004291 0.534403 0.461305 0.000000 
0.004917 0.106981 0.888101 0.000000 
0.042710 0.657981 0.299309 0.000000 
0.060252 0.044616 0.894961 0.000171 
0.153078 0.048124 0.798210 0.000588 
0.226506 0.065833 0.661896 0.045765 
0.386233 0.020346 0.540099 0.053322 
0.524874 0.020876 0.454249 0.000000 
0.003810 0.979817 0.016178 0.000195 
0.006241 0.876295 0.009350 0.108114 
0.086613 0.286577 0.019675 0.607136 
0.116336 0.000299 0.030269 0.853097 
0.360888 0.002203 0.040142 0.596767 
0.826801 0.000001 0.045281 0.127917 
0.949108 0.001104 0.045832 0.003956 
0.948673 0.000000 0.049783 0.001545 
0.775409 0.000000 0.224191 0.000400 
0.869798 0.000124 0.127969 0.002109 
0.833090 0.000003 0.093667 0.073240 
0.419809 0.001147 0.126043 0.453001 
0.367307 0.006061 0.165794 0.460837 
0.036047 0.001341 0.170521 0.792091 
0.223957 0.000016 0.044250 0.731777 
0.160374 0.000009 0.045215 0.794402 
