0.254343 0.220989 0.262314 0.262354 
0.244135 0.210504 0.272594 0.272767 
0.260637 0.204882 0.267333 0.267149 
0.245991 0.229766 0.248992 0.275251 
0.297455 0.166695 0.238975 0.296875 
0.298789 0.282342 0.120094 0.298775 
0.306982 0.303261 0.084023 0.305734 
0.289827 0.270013 0.145902 0.294258 
0.290760 0.000695 0.409569 0.298975 
0.292781 0.000859 0.408488 0.297872 
0.287093 0.033486 0.392402 0.287019 
0.314746 0.001537 0.370684 0.313033 
0.307097 0.014785 0.371794 0.306323 
0.301483 0.293224 0.111876 0.293417 
0.291467 0.018834 0.411102 0.278597 
0.266499 0.065331 0.400602 0.267568 
0.266688 0.063382 0.396653 0.273277 
0.250177 0.298528 0.194406 0.256888 
0.290718 0.000001 0.406969 0.302311 
0.299750 0.000000 0.393167 0.307083 
0.280286 0.000000 0.421150 0.298564 
0.309274 0.000000 0.352944 0.337782 
0.310977 0.000000 0.353027 0.335997 
0.298693 0.000000 0.387370 0.313936 
0.285346 0.000001 0.408462 0.306192 
0.292844 0.000003 0.393097 0.314056 
0.273867 0.000059 0.426799 0.299274 
0.258925 0.000147 0.454514 0.286414 
0.247028 0.000007 0.477931 0.275035 
0.233838 0.000007 0.515582 0.250573 
0.226067 0.000011 0.525533 0.248389 
0.209894 0.000145 0.560732 0.229229 
0.225451 0.000334 0.533054 0.241161 
0.221376 0.001183 0.543522 0.233919 
0.248284 0.000016 0.494410 0.257290 
0.235767 0.000015 0.518859 0.245359 
0.246790 0.000002 0.501792 0.251415 
0.271440 0.000000 0.435560 0.293000 
0.215138 0.000167 0.559658 0.225038 
0.194167 0.001317 0.604608 0.199908 
0.183323 0.013897 0.618783 0.183997 
0.240908 0.000866 0.530671 0.227555 
0.229786 0.183645 0.386743 0.199826 
0.280173 0.003514 0.502938 0.213375 
0.241559 0.044199 0.522431 0.191810 
0.285513 0.001909 0.476670 0.235908 
0.247450 0.412660 0.115410 0.224480 
0.229610 0.129814 0.440239 0.200338 
0.265988 0.525314 0.001602 0.207096 
0.217879 0.220028 0.418017 0.144076 
0.299492 0.003960 0.527063 0.169486 
0.272254 0.014375 0.560584 0.152787 
0.294615 0.101511 0.475237 0.128637 
0.333836 0.092530 0.456967 0.116667 
0.389682 0.002855 0.480990 0.126473 
0.379818 0.274786 0.244144 0.101252 
0.391161 0.285364 0.233255 0.090221 
0.396824 0.164777 0.348381 0.090017 
0.397683 0.245813 0.270121 0.086383 
0.373841 0.339478 0.202458 0.084223 
0.362666 0.270845 0.284146 0.082343 
0.146318 0.398267 0.363602 0.091813 
0.334785 0.176375 0.399256 0.089583 
0.410326 0.178840 0.299861 0.110973 
0.050181 0.522035 0.308232 0.119552 
0.008048 0.565829 0.284569 0.141555 
0.028929 0.556204 0.285704 0.129163 
0.201347 0.451746 0.225636 0.121272 
0.261294 0.409342 0.206745 0.122618 
0.314054 0.362497 0.199540 0.123909 
0.396659 0.208753 0.280164 0.114424 
0.383369 0.223475 0.282560 0.110596 
0.286693 0.276394 0.338251 0.098663 
0.225553 0.397475 0.289001 0.087972 
0.111288 0.392640 0.397501 0.098571 
0.006385 0.410277 0.457093 0.126245 
0.000448 0.509210 0.323899 0.166443 
0.000906 0.521039 0.309229 0.168826 
0.000032 0.485180 0.327474 0.187313 
0.000631 0.530023 0.303138 0.166208 
0.000089 0.504671 0.310529 0.184711 
0.000097 0.476417 0.352235 0.171250 
0.000047 0.407600 0.424292 0.168062 
0.000800 0.250520 0.568562 0.180118 
0.000026 0.260043 0.532596 0.207335 
0.006441 0.241650 0.598990 0.152919 
0.029685 0.280221 0.559990 0.130104 
0.002378 0.326928 0.521623 0.149071 
0.000295 0.397552 0.454169 0.147984 
0.001320 0.462462 0.399278 0.136940 
0.000199 0.438772 0.403783 0.157245 
0.000048 0.390767 0.430853 0.178332 
0.000434 0.352476 0.459319 0.187772 
0.000595 0.345340 0.477923 0.176142 
0.005752 0.267374 0.552118 0.174757 
0.000276 0.313920 0.494464 0.191340 
0.000013 0.407689 0.378794 0.213504 
0.000004 0.395361 0.396740 0.207895 
0.000001 0.363237 0.415718 0.221044 
0.000000 0.340285 0.402586 0.257129 
0.000000 0.317401 0.379154 0.303446 
0.000000 0.305221 0.361627 0.333152 
0.000000 0.331879 0.334402 0.333719 
0.000000 0.337444 0.355992 0.306564 
0.000000 0.366656 0.319135 0.314209 
0.000000 0.368497 0.321926 0.309577 
0.000000 0.355530 0.329756 0.314715 
0.000000 0.388930 0.325730 0.285339 
0.000000 0.422389 0.309240 0.268370 
0.000000 0.409214 0.315417 0.275369 
0.000000 0.346620 0.368061 0.285318 
0.000000 0.325137 0.367790 0.307073 
0.000000 0.338396 0.355043 0.306560 
0.000000 0.345532 0.351315 0.303152 
0.000000 0.366518 0.312660 0.320822 
0.000000 0.344787 0.320787 0.334426 
0.000000 0.292012 0.396870 0.311118 
0.000000 0.303272 0.376462 0.320266 
0.000000 0.319142 0.334579 0.346279 
0.000000 0.318346 0.346003 0.335650 
0.000000 0.338009 0.326324 0.335667 
0.000000 0.323977 0.330854 0.345169 
0.000000 0.319994 0.322378 0.357628 
0.000000 0.343136 0.326236 0.330629 
0.000000 0.335219 0.331253 0.333528 
0.000000 0.344182 0.328738 0.327080 
0.000000 0.335957 0.337218 0.326825 
0.000000 0.345957 0.324202 0.329841 
0.000000 0.359800 0.319919 0.320281 
0.000000 0.378461 0.311265 0.310274 
0.000000 0.338162 0.328646 0.333193 
0.000000 0.330831 0.332186 0.336982 
0.000000 0.333323 0.332260 0.334417 
0.000000 0.328459 0.336366 0.335176 
0.000000 0.325814 0.331796 0.342390 
0.000000 0.343705 0.314692 0.341603 
0.000000 0.347372 0.315459 0.337169 
0.000000 0.341439 0.309121 0.349440 
0.000000 0.343003 0.305380 0.351617 
0.000000 0.323871 0.310931 0.365197 
0.000000 0.317672 0.340250 0.342078 
0.000000 0.376752 0.302185 0.321063 
0.000000 0.364716 0.311358 0.323926 
0.000000 0.358834 0.304649 0.336517 
0.000000 0.330774 0.322476 0.346749 
0.000000 0.303162 0.342355 0.354484 
0.000000 0.308366 0.352867 0.338767 
0.000000 0.340185 0.349519 0.310296 
0.000000 0.359282 0.319291 0.321427 
0.000000 0.367027 0.311462 0.321511 
0.000000 0.352266 0.323396 0.324338 
0.000000 0.367891 0.319060 0.313048 
0.000000 0.361566 0.313895 0.324539 
0.000000 0.337188 0.326589 0.336223 
0.000000 0.331824 0.328924 0.339252 
0.000000 0.331313 0.333798 0.334889 
0.000000 0.336023 0.341614 0.322363 
0.000000 0.337140 0.332551 0.330310 
0.000000 0.327334 0.353439 0.319228 
0.000000 0.396591 0.307659 0.295750 
0.000000 0.353071 0.336417 0.310512 
0.000000 0.325059 0.377229 0.297712 
0.000000 0.386100 0.360635 0.253265 
0.000000 0.389210 0.381885 0.228905 
0.000000 0.370198 0.404383 0.225418 
0.000001 0.414103 0.363620 0.222276 
0.000001 0.465261 0.274249 0.260489 
0.000001 0.453623 0.271646 0.274729 
0.000000 0.404670 0.305753 0.289577 
0.000000 0.344484 0.383252 0.272264 
0.000001 0.348035 0.423055 0.228910 
0.000017 0.324200 0.462574 0.213209 
0.000015 0.439487 0.360422 0.200075 
0.000052 0.446644 0.378530 0.174774 
0.002494 0.552925 0.289199 0.155381 
0.001809 0.528310 0.323260 0.146620 
0.076503 0.543477 0.242317 0.137703 
0.004753 0.595731 0.234368 0.165148 
0.096868 0.559756 0.210690 0.132687 
0.100716 0.544128 0.229787 0.125369 
0.008667 0.594324 0.253319 0.143690 
0.016849 0.611703 0.225895 0.145554 
0.000876 0.584426 0.224638 0.190060 
0.001188 0.574010 0.256480 0.168322 
0.000101 0.466611 0.362430 0.170858 
0.000210 0.408392 0.438356 0.153042 
0.000027 0.411390 0.412557 0.176025 
0.000099 0.387030 0.445701 0.167171 
0.001960 0.372191 0.468162 0.157687 
0.000272 0.375283 0.443121 0.181324 
0.000121 0.434313 0.369842 0.195724 
0.000089 0.459191 0.340665 0.200055 
0.000012 0.462340 0.313640 0.224009 
0.000080 0.491917 0.319170 0.188833 
0.000456 0.535107 0.275225 0.189212 
0.000010 0.487852 0.253802 0.258336 
0.008044 0.603831 0.172252 0.215873 
0.013257 0.613479 0.158831 0.214433 
0.021955 0.596165 0.163086 0.218793 
0.003171 0.567136 0.175321 0.254372 
0.005481 0.561779 0.173946 0.258794 
0.044129 0.569658 0.159749 0.226464 
0.108801 0.520965 0.151223 0.219012 
0.001569 0.508977 0.172239 0.317216 
0.000081 0.466537 0.210544 0.322838 
0.000011 0.457130 0.227581 0.315278 
0.002058 0.549743 0.201414 0.246786 
0.246976 0.398728 0.166047 0.188249 
0.357343 0.303828 0.176670 0.162159 
0.478919 0.159080 0.179313 0.182688 
0.425624 0.219672 0.195520 0.159185 
0.477170 0.146131 0.224605 0.152094 
0.165720 0.429079 0.263980 0.141221 
0.334157 0.251215 0.257092 0.157536 
0.386784 0.184282 0.286628 0.142306 
0.347744 0.197586 0.305162 0.149508 
0.318557 0.232198 0.298480 0.150764 
0.339225 0.237286 0.275770 0.147719 
0.283026 0.288146 0.317801 0.111027 
0.283292 0.265368 0.340259 0.111082 
0.247244 0.296375 0.328941 0.127441 
0.241145 0.289744 0.351551 0.117560 
0.254790 0.257839 0.386943 0.100428 
0.238188 0.274814 0.393013 0.093985 
0.256000 0.252295 0.385419 0.106286 
0.243546 0.260793 0.382648 0.113013 
0.114915 0.377465 0.390982 0.116638 
0.038046 0.409425 0.416450 0.136079 
0.021793 0.430255 0.389958 0.157994 
0.179537 0.295453 0.354890 0.170121 
0.251950 0.237361 0.355843 0.154845 
0.218069 0.255102 0.363646 0.163183 
0.200241 0.240234 0.331982 0.227542 
0.087884 0.308886 0.308066 0.295163 
0.044201 0.328534 0.312365 0.314899 
0.129545 0.290927 0.327041 0.252487 
0.022706 0.356437 0.387176 0.233681 
0.003148 0.322869 0.399022 0.274960 
0.002177 0.366760 0.355065 0.275999 
0.000301 0.113732 0.487807 0.398159 
0.000356 0.261046 0.380617 0.357981 
0.001511 0.231641 0.414836 0.352011 
0.016500 0.269483 0.308744 0.405274 
0.001939 0.362069 0.323146 0.312846 
0.031977 0.373463 0.286173 0.308387 
0.055654 0.373883 0.279511 0.290952 
0.087261 0.373267 0.276873 0.262599 
0.234243 0.246430 0.295406 0.223921 
0.125715 0.324043 0.324561 0.225681 
0.028470 0.351743 0.332279 0.287508 
0.149879 0.273604 0.330129 0.246388 
0.151486 0.317040 0.272962 0.258512 
0.170297 0.324413 0.267579 0.237710 
0.097252 0.287707 0.322708 0.292333 
0.082879 0.311598 0.299547 0.305976 
0.112601 0.296921 0.291634 0.298843 
0.080524 0.283824 0.314076 0.321576 
0.122397 0.186171 0.338852 0.352580 
0.059183 0.270846 0.335420 0.334552 
0.085850 0.340206 0.331575 0.242369 
0.110274 0.255414 0.349163 0.285150 
0.123340 0.209532 0.331854 0.335274 
0.117138 0.306731 0.278600 0.297531 
0.104867 0.264739 0.319971 0.310424 
0.081736 0.147326 0.384987 0.385951 
0.022793 0.166561 0.409970 0.400676 
0.059713 0.221188 0.380958 0.338141 
0.100195 0.231184 0.326165 0.342455 
0.196059 0.287504 0.225107 0.291330 
0.262695 0.276634 0.224653 0.236018 
0.261774 0.241510 0.225339 0.271377 
0.251547 0.243908 0.227179 0.277366 
0.184853 0.294442 0.232934 0.287770 
0.232048 0.275106 0.270503 0.222343 
0.256521 0.238810 0.274921 0.229749 
0.249344 0.230437 0.240158 0.280061 
0.274712 0.242562 0.241387 0.241340 
0.251955 0.287544 0.218914 0.241588 
0.255156 0.276877 0.233455 0.234512 
0.228811 0.282543 0.198164 0.290482 
0.238516 0.256192 0.278327 0.226965 
0.225924 0.287186 0.234610 0.252279 
0.227933 0.287383 0.227874 0.256810 
0.229698 0.288456 0.229832 0.252014 
0.239665 0.252515 0.248238 0.259583 
0.181234 0.289664 0.266153 0.262948 
0.245586 0.270382 0.253971 0.230061 
0.264546 0.239636 0.251969 0.243849 
0.251736 0.276629 0.231066 0.240569 
0.255614 0.242334 0.213555 0.288497 
0.263042 0.244027 0.245493 0.247437 
0.273603 0.240187 0.240774 0.245436 
0.263364 0.222603 0.273273 0.240759 
0.231706 0.254638 0.228115 0.285540 
0.257160 0.233936 0.239671 0.269233 
0.238027 0.169188 0.297585 0.295200 
0.148207 0.265608 0.294141 0.292044 
0.191320 0.261201 0.275693 0.271787 
0.239802 0.240358 0.246768 0.273072 
0.295931 0.274531 0.175414 0.254124 
0.258640 0.328107 0.247738 0.165515 
0.033408 0.314552 0.263155 0.388885 
0.039938 0.313490 0.307287 0.339286 
0.082744 0.315722 0.293353 0.308181 
0.251447 0.272258 0.309975 0.166320 
0.260652 0.251120 0.324150 0.164078 
0.234481 0.233463 0.318716 0.213341 
0.231477 0.262281 0.280804 0.225437 
0.204244 0.289324 0.278887 0.227545 
0.246323 0.265293 0.319963 0.168421 
0.255709 0.260241 0.323028 0.161022 
0.260855 0.268957 0.252649 0.217539 
0.179922 0.295442 0.224449 0.300187 
0.218636 0.240845 0.247318 0.293202 
0.079169 0.283615 0.320036 0.317180 
0.143571 0.241823 0.283207 0.331400 
0.202766 0.253336 0.317308 0.226590 
0.151609 0.260908 0.271103 0.316380 
0.233185 0.268751 0.264201 0.233863 
0.232381 0.253438 0.279823 0.234358 
0.199561 0.258360 0.285851 0.256227 
0.237046 0.273953 0.246167 0.242834 
0.212460 0.263936 0.254341 0.269263 
0.219142 0.226378 0.279442 0.275038 
0.239650 0.233372 0.238711 0.288267 
0.245792 0.241191 0.271145 0.241871 
0.255216 0.229702 0.227309 0.287773 
0.232951 0.264393 0.215401 0.287255 
0.193680 0.310481 0.215976 0.279863 
0.248657 0.256852 0.230480 0.264011 
0.201565 0.315915 0.230256 0.252263 
0.196234 0.292740 0.280952 0.230073 
0.231834 0.276782 0.220829 0.270554 
0.177209 0.256539 0.281473 0.284779 
0.219463 0.199814 0.305397 0.275326 
0.156163 0.263667 0.295603 0.284567 
0.148152 0.276755 0.309447 0.265646 
0.191100 0.283401 0.310703 0.214797 
0.134968 0.270858 0.285951 0.308224 
0.226743 0.287941 0.282811 0.202506 
0.228983 0.288005 0.257256 0.225757 
0.251833 0.147949 0.239241 0.360978 
0.262016 0.233240 0.254451 0.250293 
0.243662 0.265471 0.249617 0.241251 
0.231023 0.275073 0.235607 0.258298 
0.241051 0.241402 0.241550 0.275997 
0.249810 0.252215 0.248948 0.249027 
0.249513 0.247894 0.254977 0.247615 
0.226672 0.267082 0.277077 0.229169 
0.231916 0.284896 0.252626 0.230561 
0.248378 0.254118 0.248925 0.248579 
0.238653 0.257532 0.246070 0.257745 
0.205700 0.271565 0.251462 0.271274 
0.235307 0.277566 0.247931 0.239196 
0.254027 0.263862 0.240853 0.241258 
0.250754 0.265516 0.237593 0.246137 
0.248405 0.261637 0.258921 0.231037 
0.244720 0.230537 0.246557 0.278186 
0.228241 0.226367 0.268456 0.276937 
0.235699 0.269945 0.251146 0.243210 
0.227478 0.259300 0.227900 0.285322 
0.239873 0.234247 0.250692 0.275187 
0.234449 0.269562 0.258454 0.237534 
0.229355 0.231931 0.284260 0.254454 
0.217670 0.223501 0.288884 0.269945 
0.223191 0.248223 0.287847 0.240740 
0.163622 0.302481 0.296803 0.237095 
0.230867 0.248782 0.288378 0.231973 
0.227639 0.287413 0.289734 0.195214 
0.213520 0.309024 0.268691 0.208765 
0.216309 0.304676 0.255132 0.223883 
0.178788 0.328699 0.245888 0.246625 
0.224984 0.313583 0.264974 0.196459 
0.211111 0.326682 0.237539 0.224668 
0.194086 0.319889 0.249219 0.236807 
0.241606 0.269203 0.286536 0.202655 
0.267462 0.214386 0.340737 0.177415 
0.255711 0.218064 0.325781 0.200443 
0.140142 0.299205 0.284114 0.276539 
0.253805 0.260004 0.286793 0.199399 
0.231730 0.244475 0.288170 0.235625 
0.245287 0.277317 0.240722 0.236674 
0.276227 0.291426 0.263105 0.169242 
0.257295 0.281412 0.178440 0.282853 
0.248174 0.281462 0.214622 0.255742 
0.232755 0.287305 0.201046 0.278894 
0.189948 0.351916 0.270302 0.187834 
0.168280 0.296088 0.235979 0.299653 
0.164695 0.276567 0.280115 0.278623 
0.186720 0.252926 0.305187 0.255167 
0.198502 0.272977 0.234628 0.293893 
0.232716 0.276509 0.206577 0.284198 
0.233409 0.281144 0.227026 0.258421 
0.231704 0.244564 0.236052 0.287681 
0.204194 0.280876 0.226659 0.288271 
0.187663 0.238482 0.285475 0.288380 
0.222169 0.246673 0.245311 0.285847 
0.235118 0.231191 0.245715 0.287976 
0.232322 0.298333 0.226662 0.242683 
0.215474 0.330366 0.213930 0.240231 
0.224767 0.349812 0.235630 0.189790 
0.184477 0.372755 0.295989 0.146779 
0.196634 0.372474 0.291779 0.139113 
0.237493 0.376783 0.259619 0.126105 
0.251518 0.383399 0.246725 0.118357 
0.232624 0.377514 0.257078 0.132785 
0.235569 0.363921 0.253890 0.146620 
0.264360 0.309130 0.260130 0.166381 
0.262615 0.249173 0.288571 0.199641 
0.208087 0.197572 0.306651 0.287691 
0.214358 0.222207 0.244345 0.319090 
0.213319 0.216992 0.276484 0.293204 
0.239801 0.241306 0.241180 0.277712 
0.292352 0.311584 0.182961 0.213102 
0.173110 0.422793 0.200899 0.203198 
0.250326 0.303102 0.241620 0.204952 
0.258045 0.287923 0.288384 0.165648 
0.281800 0.280663 0.267880 0.169657 
0.233515 0.340334 0.296562 0.129589 
0.230264 0.380436 0.261931 0.127368 
0.222478 0.298531 0.362739 0.116252 
0.177089 0.312933 0.361231 0.148748 
0.206996 0.289666 0.384002 0.119336 
0.232182 0.268287 0.373205 0.126326 
0.182578 0.342580 0.320286 0.154556 
0.023416 0.479952 0.336085 0.160547 
0.004047 0.484516 0.350906 0.160530 
0.005565 0.497223 0.323317 0.173896 
0.010010 0.533120 0.304651 0.152219 
0.055500 0.489583 0.316747 0.138171 
0.151345 0.400133 0.289371 0.159151 
0.062448 0.460902 0.320609 0.156040 
0.093663 0.404652 0.330621 0.171063 
0.126227 0.362347 0.326548 0.184877 
0.083403 0.411328 0.330212 0.175057 
0.129055 0.415544 0.313597 0.141805 
0.122278 0.440186 0.248394 0.189141 
0.245930 0.325855 0.257162 0.171052 
0.125590 0.404033 0.279928 0.190449 
0.122718 0.389454 0.266372 0.221456 
0.088500 0.471984 0.291165 0.148352 
0.144806 0.413660 0.327104 0.114430 
0.279660 0.293705 0.299021 0.127614 
0.254188 0.340255 0.285261 0.120296 
0.233241 0.351096 0.312411 0.103251 
0.205636 0.314815 0.384780 0.094769 
0.269126 0.224955 0.375189 0.130730 
0.247533 0.254781 0.380518 0.117168 
0.254455 0.254107 0.384634 0.106804 
0.171976 0.343096 0.380982 0.103945 
0.217754 0.286103 0.388445 0.107699 
0.295806 0.228137 0.354191 0.121866 
0.275495 0.238817 0.372659 0.113029 
0.289091 0.232735 0.355366 0.122808 
0.269891 0.249142 0.326525 0.154442 
0.285250 0.240224 0.324064 0.150462 
0.299553 0.217675 0.312090 0.170682 
0.395420 0.179672 0.254844 0.170064 
0.414285 0.139920 0.316744 0.129050 
0.258251 0.241939 0.297475 0.202334 
0.233040 0.252149 0.370088 0.144723 
0.226958 0.252224 0.369385 0.151433 
0.262289 0.224622 0.361953 0.151137 
0.089243 0.357218 0.360476 0.193063 
0.206099 0.373523 0.277633 0.142745 
0.252610 0.381753 0.245884 0.119754 
0.047375 0.392769 0.389207 0.170650 
0.045719 0.365784 0.363949 0.224547 
0.157108 0.302292 0.343905 0.196695 
0.199263 0.291655 0.328498 0.180585 
0.146233 0.286829 0.312590 0.254348 
0.183788 0.300455 0.339286 0.176472 
0.118615 0.392298 0.283223 0.205863 
0.173596 0.358832 0.280386 0.187187 
0.135080 0.384774 0.284937 0.195209 
0.032315 0.424580 0.367186 0.175919 
0.063525 0.371136 0.340797 0.224543 
0.191563 0.268912 0.317302 0.222223 
0.080933 0.407656 0.289889 0.221523 
0.003761 0.392175 0.341425 0.262638 
0.034760 0.376324 0.319270 0.269645 
0.007358 0.404759 0.280144 0.307739 
0.000077 0.367315 0.257634 0.374974 
0.004786 0.219800 0.268265 0.507149 
0.109664 0.237470 0.253873 0.398993 
0.028041 0.210291 0.303585 0.458082 
0.114471 0.174631 0.259837 0.451060 
0.186448 0.307866 0.171720 0.333966 
0.302600 0.217789 0.156413 0.323199 
0.133538 0.199893 0.162292 0.504278 
0.321621 0.132088 0.217282 0.329009 
0.295686 0.179776 0.185977 0.338561 
0.244274 0.282587 0.167774 0.305365 
0.073250 0.327481 0.139778 0.459490 
0.168257 0.225083 0.136581 0.470079 
0.220218 0.246186 0.136952 0.396644 
0.113847 0.294255 0.149250 0.442648 
0.008464 0.257457 0.208498 0.525581 
0.067120 0.228502 0.216803 0.487575 
0.319594 0.180343 0.164028 0.336035 
0.132634 0.337564 0.150129 0.379674 
0.067398 0.394275 0.146048 0.392279 
0.096064 0.346522 0.204464 0.352950 
0.153781 0.334582 0.204941 0.306695 
0.150581 0.288852 0.277346 0.283221 
0.167494 0.248691 0.292567 0.291248 
0.231848 0.259798 0.233335 0.275019 
0.252319 0.251582 0.255667 0.240432 
0.210868 0.239011 0.290488 0.259633 
0.242481 0.242412 0.247967 0.267140 
0.185144 0.254059 0.270537 0.290260 
0.197498 0.221365 0.289026 0.292111 
0.222310 0.226489 0.263024 0.288177 
0.241022 0.236598 0.249778 0.272602 
0.234390 0.231482 0.269866 0.264261 
0.236503 0.226803 0.268909 0.267785 
0.241179 0.164635 0.311726 0.282460 
0.257410 0.263899 0.246972 0.231719 
0.258634 0.239433 0.243789 0.258144 
0.266388 0.248023 0.242800 0.242790 
0.271804 0.248466 0.240581 0.239149 
0.273593 0.236658 0.236417 0.253332 
0.254892 0.270652 0.191667 0.282788 
0.277551 0.244872 0.188598 0.288979 
0.294227 0.248323 0.179706 0.277744 
0.284771 0.298341 0.118455 0.298432 
0.298999 0.288711 0.203834 0.208456 
0.299793 0.298361 0.201015 0.200831 
0.265891 0.289732 0.181296 0.263081 
0.254672 0.302446 0.160836 0.282046 
0.246534 0.263840 0.216242 0.273385 
0.256541 0.286812 0.226892 0.229755 
0.260484 0.288980 0.207085 0.243451 
0.263395 0.288929 0.238198 0.209478 
0.233013 0.290210 0.190908 0.285869 
0.246268 0.283673 0.231012 0.239047 
0.236123 0.251503 0.325409 0.186965 
0.260253 0.238616 0.280514 0.220618 
0.207532 0.195672 0.272625 0.324172 
0.245475 0.215785 0.322211 0.216529 
0.288891 0.199019 0.207960 0.304130 
0.291208 0.184375 0.347397 0.177020 
0.267818 0.272815 0.318424 0.140943 
0.273303 0.283839 0.205953 0.236905 
0.220329 0.294014 0.294195 0.191462 
0.272158 0.286120 0.214500 0.227222 
0.264948 0.280169 0.222433 0.232449 
0.269696 0.261688 0.231039 0.237576 
0.179334 0.301617 0.260153 0.258896 
0.235525 0.251687 0.190300 0.322487 
0.188640 0.282643 0.230858 0.297859 
0.256704 0.224288 0.262460 0.256547 
0.203344 0.270533 0.267735 0.258389 
0.059762 0.255213 0.337124 0.347902 
0.018696 0.246316 0.385436 0.349552 
0.015375 0.211018 0.349851 0.423757 
0.006825 0.221067 0.417959 0.354148 
0.216010 0.170716 0.364140 0.249134 
0.045656 0.181259 0.466882 0.306202 
0.000131 0.249943 0.416938 0.332988 
0.004738 0.305187 0.338580 0.351495 
0.017373 0.334711 0.352770 0.295146 
0.023239 0.341535 0.293979 0.341248 
0.087134 0.350832 0.238773 0.323261 
0.069364 0.456018 0.152254 0.322364 
0.005079 0.351618 0.337216 0.306086 
0.001828 0.376486 0.309187 0.312499 
0.013197 0.304147 0.384927 0.297729 
0.000613 0.257545 0.380434 0.361408 
0.002077 0.280719 0.426424 0.290781 
0.002991 0.368411 0.411988 0.216610 
0.085192 0.209766 0.419839 0.285202 
0.269412 0.248650 0.199153 0.282785 
0.230146 0.309520 0.242377 0.217957 
0.267708 0.310696 0.134865 0.286731 
0.206724 0.259648 0.267555 0.266073 
0.174552 0.260344 0.277308 0.287796 
0.149606 0.301007 0.258904 0.290482 
0.248524 0.303611 0.163919 0.283945 
0.047943 0.328068 0.344299 0.279690 
0.146912 0.338306 0.285885 0.228897 
0.019462 0.345299 0.375973 0.259266 
0.055891 0.349658 0.348557 0.245894 
0.054023 0.362252 0.355748 0.227977 
0.022640 0.405804 0.339413 0.232142 
0.010360 0.398698 0.407673 0.183269 
0.159991 0.352993 0.353699 0.133317 
0.016434 0.413595 0.434190 0.135782 
0.115786 0.394041 0.366672 0.123500 
0.152960 0.384302 0.359918 0.102820 
0.177523 0.326601 0.393498 0.102379 
0.095919 0.405407 0.401993 0.096681 
0.303392 0.380463 0.231483 0.084662 
0.341245 0.231124 0.344087 0.083544 
0.384179 0.124068 0.398841 0.092912 
0.384658 0.244553 0.271771 0.099017 
0.384259 0.213045 0.291757 0.110939 
0.377951 0.216089 0.275103 0.130857 
0.357240 0.206659 0.270738 0.165363 
0.349395 0.140739 0.316823 0.193042 
0.359122 0.354345 0.082006 0.204528 
0.068230 0.370841 0.370534 0.190396 
0.010974 0.444258 0.276935 0.267834 
0.061969 0.411381 0.272424 0.254226 
0.189308 0.317919 0.229171 0.263603 
0.200671 0.279269 0.262392 0.257669 
0.304474 0.171102 0.270909 0.253514 
0.197191 0.224777 0.300738 0.277293 
0.250868 0.163054 0.318747 0.267331 
0.269875 0.192809 0.251749 0.285567 
0.168540 0.294788 0.238098 0.298574 
0.163064 0.255319 0.282171 0.299446 
0.252251 0.169478 0.254092 0.324180 
0.255223 0.154540 0.312955 0.277283 
0.194965 0.207590 0.298689 0.298756 
0.196591 0.238422 0.229779 0.335207 
0.134007 0.263928 0.295847 0.306219 
0.143048 0.264557 0.296114 0.296281 
0.171912 0.233652 0.283400 0.311036 
0.129315 0.302767 0.286070 0.281847 
0.205908 0.261094 0.288797 0.244201 
0.228745 0.249451 0.285287 0.236517 
0.221100 0.273492 0.236013 0.269395 
0.222733 0.269060 0.240948 0.267259 
0.245800 0.246500 0.248123 0.259577 
0.262070 0.256902 0.240459 0.240568 
0.260313 0.236801 0.264895 0.237991 
0.250360 0.244451 0.258428 0.246762 
0.238484 0.230731 0.281523 0.249261 
0.226192 0.219622 0.274531 0.279655 
0.195748 0.248508 0.284147 0.271597 
0.229294 0.231056 0.283186 0.256465 
0.258867 0.255763 0.232450 0.252920 
0.233955 0.229318 0.287925 0.248803 
0.237495 0.278510 0.246549 0.237446 
0.241743 0.275022 0.241965 0.241271 
0.238354 0.276899 0.244299 0.240448 
0.199376 0.293156 0.293543 0.213926 
0.160787 0.295315 0.295973 0.247925 
0.208762 0.249006 0.312291 0.229941 
0.254512 0.260299 0.241416 0.243773 
0.242765 0.253264 0.288639 0.215332 
0.255631 0.229866 0.283702 0.230802 
0.244778 0.278914 0.280679 0.195628 
0.220916 0.267934 0.302706 0.208445 
0.163340 0.292887 0.297123 0.246650 
0.270355 0.283217 0.250420 0.196007 
0.262966 0.288141 0.243745 0.205148 
0.252590 0.288141 0.291700 0.167569 
0.282138 0.290157 0.212773 0.214932 
0.294454 0.292254 0.210617 0.202675 
0.287942 0.237837 0.235694 0.238526 
0.288107 0.262451 0.206165 0.243277 
0.287363 0.203792 0.289054 0.219791 
0.290712 0.215501 0.281657 0.212130 
0.296268 0.231262 0.295381 0.177089 
0.287765 0.207589 0.247295 0.257351 
0.284696 0.135500 0.288542 0.291261 
0.256130 0.199543 0.284752 0.259576 
0.290113 0.277895 0.220763 0.211228 
0.297201 0.292225 0.202377 0.208197 
0.287856 0.248642 0.240512 0.222990 
0.287788 0.261803 0.255795 0.194615 
0.288406 0.206942 0.283273 0.221379 
0.275947 0.282134 0.239070 0.202850 
0.268977 0.277569 0.260809 0.192645 
0.277487 0.208818 0.288113 0.225582 
0.266342 0.293195 0.288748 0.151714 
0.275757 0.256637 0.233728 0.233878 
0.265633 0.232752 0.233352 0.268263 
0.274054 0.246779 0.236038 0.243129 
0.253495 0.255401 0.251621 0.239484 
0.268615 0.242110 0.242994 0.246282 
0.263239 0.246033 0.244082 0.246646 
0.264178 0.230672 0.240367 0.264782 
0.271983 0.222420 0.221946 0.283652 
0.236235 0.260289 0.262369 0.241106 
0.283165 0.239925 0.191855 0.285055 
0.282888 0.233074 0.193058 0.290980 
0.276718 0.221500 0.229662 0.272120 
0.287082 0.223646 0.197833 0.291439 
0.275364 0.284404 0.204162 0.236069 
0.266023 0.276258 0.247770 0.209949 
0.265392 0.284031 0.311413 0.139164 
0.270865 0.302166 0.300925 0.126044 
0.273901 0.285807 0.226420 0.213872 
0.252319 0.280316 0.220785 0.246581 
0.245170 0.239075 0.264333 0.251422 
0.207724 0.295478 0.300044 0.196753 
0.132049 0.314723 0.269772 0.283457 
0.181709 0.257560 0.225779 0.334953 
0.210637 0.197894 0.287455 0.304014 
0.212251 0.196941 0.279293 0.311515 
0.085833 0.303180 0.309147 0.301839 
0.204230 0.234951 0.258679 0.302140 
0.200934 0.252351 0.197313 0.349402 
0.248534 0.236417 0.146353 0.368696 
0.200809 0.296792 0.175918 0.326481 
0.248920 0.244843 0.171975 0.334263 
0.257147 0.203097 0.195012 0.344744 
0.203307 0.218146 0.254182 0.324365 
0.064951 0.317645 0.299888 0.317516 
0.103727 0.321445 0.253145 0.321684 
0.185347 0.215498 0.334000 0.265156 
0.240035 0.146932 0.371214 0.241819 
0.276375 0.138647 0.327651 0.257328 
0.286415 0.107408 0.335646 0.270531 
0.313320 0.124496 0.277650 0.284534 
0.250781 0.181179 0.356430 0.211609 
0.292956 0.199148 0.250347 0.257550 
0.246338 0.170402 0.301932 0.281329 
0.211157 0.166274 0.355180 0.267388 
0.258453 0.143188 0.321060 0.277298 
0.164343 0.127175 0.381475 0.327007 
0.287704 0.140268 0.353824 0.218204 
0.287300 0.171376 0.226417 0.314906 
0.286760 0.204724 0.205700 0.302816 
0.283808 0.243888 0.189655 0.282649 
0.252756 0.289831 0.180683 0.276730 
0.280582 0.273245 0.164092 0.282081 
0.258333 0.273891 0.264825 0.202951 
0.228659 0.289230 0.214611 0.267500 
0.256602 0.284696 0.209929 0.248773 
0.271412 0.273013 0.215317 0.240258 
0.257656 0.163710 0.289297 0.289337 
0.252114 0.238577 0.288490 0.220819 
0.275978 0.220947 0.221960 0.281115 
0.256393 0.268588 0.244049 0.230969 
0.245238 0.256246 0.230726 0.267790 
0.251966 0.240263 0.234888 0.272882 
0.287000 0.227356 0.232293 0.253351 
0.276718 0.199188 0.225411 0.298683 
0.249763 0.220352 0.333849 0.196037 
0.256870 0.246035 0.218231 0.278863 
0.268309 0.287868 0.172102 0.271721 
0.287110 0.224449 0.239739 0.248701 
0.304844 0.135055 0.292360 0.267741 
0.302582 0.209099 0.296218 0.192100 
0.287677 0.189005 0.288660 0.234658 
0.277976 0.242236 0.254257 0.225530 
0.281115 0.234542 0.219772 0.264571 
0.285283 0.183465 0.245946 0.285306 
0.302984 0.092166 0.306014 0.298835 
0.327409 0.074709 0.261130 0.336752 
0.329359 0.047735 0.293566 0.329339 
0.340516 0.023939 0.294574 0.340971 
0.303196 0.113769 0.300251 0.282784 
0.287903 0.202343 0.239174 0.270580 
0.296479 0.186594 0.215073 0.301854 
0.293738 0.239380 0.171761 0.295121 
0.301522 0.297359 0.099542 0.301577 
0.286221 0.205402 0.213378 0.295000 
0.292214 0.196383 0.206218 0.305185 
0.281754 0.271647 0.236262 0.210336 
0.289397 0.272441 0.292066 0.146095 
0.271853 0.239226 0.238597 0.250324 
0.303751 0.173794 0.292540 0.229916 
0.275787 0.248391 0.209502 0.266321 
0.267736 0.257543 0.231867 0.242855 
0.321303 0.325467 0.289780 0.063451 
0.285200 0.306788 0.138778 0.269234 
0.297960 0.303646 0.127152 0.271242 
0.275417 0.201903 0.285283 0.237396 
0.265694 0.245103 0.221792 0.267411 
0.269505 0.232803 0.261555 0.236137 
0.263800 0.251268 0.242154 0.242778 
0.262174 0.257653 0.253964 0.226209 
0.266109 0.290529 0.230049 0.213313 
0.266063 0.230578 0.229818 0.273541 
0.278481 0.190323 0.226085 0.305111 
0.270396 0.276878 0.199973 0.252753 
0.293323 0.304298 0.304209 0.098170 
0.274217 0.316425 0.149630 0.259728 
0.288232 0.261498 0.294316 0.155954 
0.241482 0.271692 0.254968 0.231859 
0.233240 0.228947 0.315435 0.222378 
0.227207 0.287675 0.256141 0.228977 
0.252311 0.230586 0.308640 0.208463 
0.253482 0.296421 0.132623 0.317474 
0.274886 0.320240 0.310068 0.094806 
0.241550 0.324169 0.305859 0.128422 
0.263908 0.340076 0.051213 0.344803 
0.236291 0.237508 0.278391 0.247810 
0.232557 0.286692 0.242036 0.238714 
0.239371 0.293719 0.234710 0.232199 
0.252206 0.233945 0.237499 0.276350 
0.275004 0.311970 0.137293 0.275733 
0.249879 0.262344 0.237452 0.250326 
0.274923 0.260465 0.309051 0.155561 
0.255804 0.234994 0.309001 0.200201 
0.266156 0.321356 0.278497 0.133991 
0.297584 0.293239 0.310665 0.098512 
0.323304 0.184004 0.251854 0.240838 
0.288789 0.273283 0.224998 0.212929 
0.255027 0.320136 0.247512 0.177325 
0.266638 0.317476 0.223150 0.192735 
0.255001 0.320800 0.233217 0.190982 
0.245650 0.260293 0.245589 0.248468 
0.260415 0.258982 0.268664 0.211939 
0.255927 0.234043 0.269903 0.240128 
0.256109 0.309931 0.217164 0.216796 
0.258924 0.296275 0.182787 0.262013 
0.280663 0.225895 0.306869 0.186573 
0.296285 0.155461 0.291786 0.256467 
0.285498 0.222549 0.201898 0.290056 
0.273902 0.219695 0.227647 0.278756 
0.248703 0.327041 0.232332 0.191923 
0.278767 0.331567 0.365690 0.023976 
0.274821 0.280026 0.191601 0.253552 
0.276504 0.278777 0.222661 0.222057 
0.272728 0.290536 0.234087 0.202648 
0.288618 0.300187 0.297473 0.113722 
0.309794 0.256256 0.096925 0.337025 
0.314155 0.238930 0.221794 0.225121 
0.307780 0.276676 0.149695 0.265850 
0.307376 0.315795 0.316010 0.060819 
0.299173 0.305843 0.296437 0.098548 
0.313408 0.314537 0.308363 0.063693 
0.321789 0.301173 0.040390 0.336649 
0.333032 0.269816 0.030956 0.366196 
0.305906 0.298137 0.060640 0.335317 
0.315186 0.321400 0.037902 0.325513 
0.300271 0.311335 0.081809 0.306585 
0.288268 0.311609 0.318532 0.081591 
0.281409 0.320568 0.321255 0.076767 
0.264213 0.316878 0.258608 0.160301 
0.269643 0.319743 0.298691 0.111923 
0.304621 0.343404 0.312242 0.039734 
0.262167 0.321695 0.249379 0.166760 
0.289851 0.324217 0.062009 0.323922 
0.277013 0.267667 0.231862 0.223457 
0.275342 0.279259 0.238885 0.206513 
0.271797 0.233085 0.263848 0.231270 
0.282282 0.202836 0.309396 0.205486 
0.272003 0.208393 0.309686 0.209918 
0.268796 0.219967 0.213575 0.297662 
0.293834 0.135514 0.265974 0.304678 
0.318103 0.115352 0.300952 0.265594 
0.276535 0.297423 0.214547 0.211495 
0.272373 0.250463 0.232223 0.244941 
0.301367 0.232632 0.170835 0.295166 
0.285853 0.211568 0.307863 0.194716 
0.301414 0.079320 0.307144 0.312121 
0.321204 0.083883 0.270815 0.324097 
0.354426 0.017201 0.332406 0.295967 
0.315290 0.068952 0.299253 0.316505 
0.279242 0.205122 0.306448 0.209188 
0.293230 0.140783 0.305690 0.260297 
0.279462 0.235746 0.290880 0.193912 
0.279221 0.287951 0.239761 0.193068 
0.301169 0.236667 0.292787 0.169377 
0.308596 0.219389 0.281405 0.190610 
0.298921 0.238404 0.301643 0.161032 
0.294080 0.257959 0.300594 0.147367 
0.298905 0.211800 0.297358 0.191937 
0.294227 0.276834 0.133120 0.295819 
0.299800 0.297083 0.100943 0.302173 
0.285491 0.287890 0.211791 0.214828 
0.278930 0.287661 0.214391 0.219017 
0.287696 0.281611 0.132639 0.298054 
0.288856 0.298003 0.251578 0.161563 
0.296458 0.301478 0.204784 0.197280 
0.301523 0.301850 0.296635 0.099992 
0.291047 0.241626 0.292715 0.174612 
0.292198 0.293265 0.191598 0.222939 
0.301769 0.293922 0.169973 0.234336 
0.291945 0.290159 0.207830 0.210066 
0.305268 0.280193 0.214976 0.199563 
0.299350 0.300386 0.176366 0.223898 
0.307965 0.291619 0.253723 0.146693 
0.311393 0.278377 0.225491 0.184739 
0.312119 0.289752 0.286135 0.111994 
0.322116 0.277326 0.090651 0.309908 
0.308374 0.306775 0.305589 0.079262 
0.325091 0.315733 0.318069 0.041107 
0.316742 0.317367 0.300207 0.065684 
0.309583 0.285626 0.216091 0.188699 
0.323710 0.255112 0.224564 0.196614 
0.314232 0.276292 0.203921 0.205554 
0.317361 0.270954 0.264617 0.147068 
0.317037 0.269751 0.242938 0.170273 
0.332559 0.237197 0.177221 0.253023 
0.326806 0.220613 0.227247 0.225334 
0.332855 0.221181 0.238248 0.207716 
0.327116 0.213291 0.198256 0.261337 
0.284718 0.226519 0.213775 0.274988 
0.324837 0.262264 0.332301 0.080598 
0.309352 0.285904 0.198863 0.205881 
0.306444 0.289439 0.206133 0.197984 
0.305240 0.290768 0.200866 0.203125 
0.306204 0.287458 0.197776 0.208563 
0.299768 0.299726 0.142573 0.257933 
0.290258 0.304617 0.202136 0.202989 
0.298676 0.311209 0.300944 0.089171 
0.297144 0.302822 0.230654 0.169380 
0.302874 0.295057 0.203548 0.198520 
0.330852 0.299935 0.335122 0.034091 
0.308186 0.276944 0.155430 0.259440 
0.321813 0.267881 0.119596 0.290710 
0.329937 0.265546 0.059685 0.344832 
0.305345 0.265711 0.213287 0.215656 
0.298420 0.290207 0.209053 0.202320 
0.304254 0.286224 0.167183 0.242339 
0.307777 0.282364 0.181916 0.227942 
0.317976 0.257046 0.215636 0.209342 
0.330148 0.240500 0.144314 0.285038 
0.316614 0.273356 0.262485 0.147545 
0.330905 0.286614 0.044622 0.337858 
0.306825 0.321600 0.052688 0.318887 
0.310920 0.294351 0.076933 0.317796 
0.334257 0.308839 0.012367 0.344538 
0.391610 0.311966 0.008287 0.288137 
0.418517 0.397958 0.008990 0.174535 
0.376162 0.356248 0.008663 0.258927 
0.450671 0.435705 0.021195 0.092430 
0.364860 0.349153 0.030022 0.255964 
0.336933 0.302463 0.032086 0.328518 
0.301100 0.298464 0.240978 0.159459 
0.303941 0.294895 0.198827 0.202337 
0.307820 0.306609 0.077806 0.307766 
0.310478 0.296110 0.100738 0.292673 
0.335467 0.335885 0.067356 0.261292 
0.321520 0.316728 0.089696 0.272057 
0.340653 0.361023 0.047675 0.250649 
0.338284 0.350116 0.045069 0.266531 
0.402108 0.403392 0.040716 0.153785 
0.377578 0.385459 0.076521 0.160442 
0.361666 0.165046 0.300234 0.173054 
0.371592 0.334725 0.157030 0.136653 
0.351473 0.299730 0.154674 0.194123 
0.361178 0.332212 0.125255 0.181355 
0.315403 0.249496 0.162525 0.272576 
0.313387 0.127973 0.273463 0.285178 
0.309906 0.210138 0.195797 0.284158 
0.302025 0.090122 0.302666 0.305188 
0.324633 0.059731 0.291001 0.324636 
0.324470 0.102887 0.303421 0.269222 
0.337030 0.038948 0.332796 0.291226 
0.315581 0.174563 0.235162 0.274694 
0.295615 0.179018 0.298613 0.226754 
0.284434 0.227483 0.223515 0.264568 
0.285706 0.197045 0.289970 0.227279 
0.279938 0.214011 0.223831 0.282219 
0.291231 0.261486 0.286824 0.160459 
0.305869 0.308453 0.304803 0.080875 
0.281247 0.299770 0.208611 0.210372 
0.283222 0.290306 0.188433 0.238039 
0.289834 0.285911 0.183045 0.241210 
0.285313 0.286220 0.238693 0.189774 
0.288024 0.270370 0.191650 0.249956 
0.283356 0.275084 0.215535 0.226025 
0.279883 0.233904 0.235997 0.250215 
0.283342 0.226476 0.264576 0.225606 
0.287235 0.154636 0.291592 0.266537 
0.296618 0.117399 0.298941 0.287043 
0.306603 0.165065 0.291598 0.236735 
0.305061 0.225692 0.290016 0.179231 
0.290228 0.240747 0.307755 0.161271 
0.294620 0.128301 0.306844 0.270235 
0.294618 0.136506 0.307177 0.261699 
0.301378 0.258527 0.301674 0.138421 
0.297698 0.285584 0.299474 0.117243 
0.309167 0.081287 0.310615 0.298931 
0.306504 0.098461 0.302556 0.292478 
0.324018 0.054354 0.305246 0.316382 
0.330015 0.118567 0.252889 0.298529 
0.348529 0.062479 0.233699 0.355293 
0.372030 0.016950 0.231005 0.380015 
0.408759 0.009570 0.234405 0.347266 
0.376807 0.006360 0.296816 0.320018 
0.455794 0.009529 0.326090 0.208587 
0.376586 0.015383 0.385652 0.222378 
0.380039 0.109891 0.384484 0.125587 
0.358916 0.251566 0.274279 0.115238 
0.338798 0.240725 0.246743 0.173734 
0.341228 0.378093 0.032852 0.247827 
0.346397 0.295140 0.195583 0.162880 
0.341403 0.251434 0.246473 0.160689 
0.322825 0.228885 0.257742 0.190548 
0.287895 0.177697 0.252311 0.282097 
0.335696 0.134025 0.364522 0.165757 
0.266475 0.153309 0.273110 0.307107 
0.330178 0.004650 0.381157 0.284015 
0.239883 0.243580 0.249684 0.266853 
0.234560 0.298280 0.216066 0.251094 
0.257057 0.315584 0.224504 0.202856 
0.257620 0.320821 0.214429 0.207130 
0.268690 0.289834 0.134003 0.307474 
0.261369 0.301948 0.218260 0.218423 
0.266736 0.284820 0.240396 0.208048 
0.269027 0.271718 0.237111 0.222145 
0.259461 0.269288 0.292886 0.178364 
0.260946 0.220995 0.321309 0.196750 
0.250058 0.226661 0.306980 0.216301 
0.249475 0.269429 0.253272 0.227825 
0.297562 0.156124 0.271550 0.274764 
0.315925 0.140794 0.322201 0.221080 
0.297647 0.224053 0.231339 0.246961 
0.314393 0.351853 0.117249 0.216504 
0.312156 0.153540 0.332613 0.201691 
