0.182837 0.447477 0.187381 0.182306 
0.174844 0.486145 0.164460 0.174551 
0.168770 0.180700 0.148139 0.502391 
0.246183 0.260776 0.247283 0.245758 
0.207219 0.415906 0.181099 0.195776 
0.254884 0.261188 0.219917 0.264012 
0.245844 0.269458 0.214150 0.270549 
0.185682 0.340117 0.258716 0.215485 
0.053995 0.793744 0.101408 0.050853 
0.166719 0.351574 0.348769 0.132938 
0.231944 0.230700 0.362563 0.174792 
0.197142 0.325233 0.321023 0.156601 
0.128641 0.178106 0.591411 0.101842 
0.071729 0.075602 0.795861 0.056808 
0.130488 0.289441 0.464987 0.115085 
0.166799 0.179477 0.513652 0.140072 
0.046888 0.430287 0.459036 0.063790 
0.028104 0.139302 0.683231 0.149363 
0.056456 0.055294 0.710925 0.177325 
0.026006 0.086039 0.185134 0.702821 
0.003487 0.008055 0.031210 0.957248 
0.000001 0.000001 0.000032 0.999966 
0.000000 0.000000 0.000000 1.000000 
0.000000 0.000000 0.000000 1.000000 
0.000000 0.000000 0.000000 1.000000 
0.000000 0.000000 0.000000 1.000000 
0.000000 0.001281 0.000005 0.998714 
0.000000 0.000003 0.000000 0.999996 
0.000000 0.000001 0.000000 0.999999 
0.000000 0.000000 0.000000 1.000000 
0.000000 0.000000 0.000000 1.000000 
0.000000 0.000000 0.000000 1.000000 
0.000000 0.000000 0.000000 0.999999 
0.000000 0.000001 0.000000 0.999999 
0.000000 0.000000 0.000000 1.000000 
0.000000 0.000000 0.000000 1.000000 
0.000000 0.000000 0.000000 1.000000 
0.000000 0.000000 0.000000 1.000000 
0.000000 0.000000 0.000000 1.000000 
0.000000 0.000000 0.000000 1.000000 
0.000000 0.000002 0.000000 0.999998 
0.000000 0.000040 0.000000 0.999960 
0.000000 0.000639 0.000000 0.999361 
0.000000 0.011226 0.000001 0.988774 
0.000000 0.479969 0.000002 0.520028 
0.000000 0.557249 0.000001 0.442750 
0.000000 0.561633 0.000000 0.438367 
0.000000 0.921750 0.000003 0.078247 
0.000000 0.726905 0.000010 0.273085 
0.000000 0.440477 0.000003 0.559520 
0.000000 0.308805 0.000004 0.691191 
0.000000 0.442489 0.000000 0.557511 
0.000000 0.457074 0.000000 0.542926 
0.000000 0.399235 0.000000 0.600765 
0.000000 0.090658 0.000000 0.909342 
0.000000 0.238406 0.000000 0.761594 
0.000000 0.000883 0.000000 0.999117 
0.000000 0.000603 0.000003 0.999394 
0.000000 0.000074 0.000060 0.999867 
0.000000 0.000000 0.000664 0.999335 
0.000000 0.919087 0.000663 0.080250 
0.000000 0.644526 0.000764 0.354711 
0.000000 0.624015 0.003468 0.372517 
0.000000 0.119527 0.005663 0.874810 
0.000000 0.246996 0.000113 0.752891 
0.000000 0.037304 0.001722 0.960975 
0.000000 0.013293 0.000106 0.986600 
0.000000 0.039223 0.000080 0.960697 
0.000000 0.002639 0.000006 0.997355 
0.000000 0.000583 0.000005 0.999411 
0.000000 0.000000 0.000007 0.999993 
0.000000 0.000027 0.000007 0.999967 
0.000000 0.000016 0.000010 0.999974 
0.000000 0.000589 0.000950 0.998461 
0.000000 0.000008 0.000111 0.999881 
0.000000 0.000000 0.000022 0.999978 
0.000000 0.000000 0.000043 0.999957 
0.000000 0.000000 0.000214 0.999786 
0.000000 0.000000 0.001690 0.998310 
0.000000 0.000000 0.101874 0.898126 
0.000000 0.000000 0.003138 0.996862 
0.000000 0.000000 0.004001 0.995999 
0.000000 0.000000 0.002025 0.997975 
0.000000 0.000000 0.004773 0.995227 
0.000000 0.000000 0.004219 0.995781 
0.000000 0.000003 0.000199 0.999798 
0.000000 0.000000 0.000057 0.999943 
0.000000 0.000000 0.000027 0.999973 
0.000000 0.000000 0.000083 0.999917 
0.000000 0.000000 0.000009 0.999991 
0.000000 0.000000 0.000005 0.999994 
0.000000 0.000209 0.009413 0.990378 
0.000000 0.000356 0.005570 0.994073 
0.000000 0.268084 0.018631 0.713285 
0.000000 0.406857 0.010326 0.582817 
0.000000 0.431803 0.016979 0.551218 
0.000000 0.133792 0.019708 0.846500 
0.000000 0.048044 0.029075 0.922881 
0.000000 0.215032 0.081020 0.703948 
0.000000 0.680982 0.238856 0.080162 
0.000000 0.596560 0.087457 0.315983 
0.000000 0.510712 0.068551 0.420737 
0.000000 0.286934 0.060190 0.652876 
0.000000 0.475769 0.062576 0.461655 
0.000000 0.565122 0.122188 0.312690 
0.000000 0.461178 0.145789 0.393032 
0.000000 0.318335 0.171668 0.509998 
0.000000 0.364283 0.121238 0.514480 
0.000000 0.517473 0.106241 0.376286 
0.000000 0.792285 0.147713 0.060001 
0.000001 0.454894 0.042125 0.502980 
0.000012 0.465446 0.060461 0.474081 
0.000215 0.486088 0.048842 0.464856 
0.011683 0.310045 0.064676 0.613596 
0.131708 0.724430 0.072361 0.071501 
0.247387 0.273568 0.034598 0.444447 
0.433536 0.101119 0.031420 0.433925 
0.245403 0.471461 0.028160 0.254976 
0.708935 0.155953 0.021605 0.113507 
0.853715 0.000387 0.093287 0.052611 
0.903776 0.000110 0.085800 0.010314 
0.448175 0.231612 0.207178 0.113036 
0.268107 0.523517 0.208369 0.000008 
0.095190 0.827736 0.077009 0.000064 
0.222978 0.676898 0.061980 0.038144 
0.215071 0.479031 0.045890 0.260009 
0.400142 0.377445 0.125254 0.097159 
0.312969 0.291366 0.059821 0.335845 
0.173948 0.383337 0.055488 0.387228 
0.368801 0.247154 0.065942 0.318103 
0.439062 0.344626 0.059574 0.156738 
0.565942 0.277738 0.054786 0.101535 
0.806881 0.024237 0.137660 0.031221 
0.249753 0.004343 0.538186 0.207717 
0.163057 0.003901 0.674615 0.158427 
0.049647 0.013514 0.418464 0.518375 
0.006179 0.108933 0.135091 0.749798 
0.049037 0.260236 0.097372 0.593355 
0.105796 0.472618 0.056509 0.365077 
0.052288 0.657081 0.115360 0.175271 
0.019140 0.913633 0.066533 0.000693 
0.011418 0.760424 0.224832 0.003327 
0.414527 0.318237 0.263803 0.003433 
0.504267 0.327955 0.166797 0.000981 
0.211001 0.416924 0.371734 0.000341 
0.098192 0.791790 0.109315 0.000703 
0.055367 0.840802 0.100721 0.003110 
0.314775 0.065167 0.596056 0.024002 
0.002090 0.144494 0.157144 0.696272 
0.001731 0.380776 0.062292 0.555201 
0.050987 0.222267 0.069382 0.657364 
0.011620 0.463799 0.033782 0.490800 
0.041951 0.469170 0.014029 0.474851 
0.073975 0.602723 0.013482 0.309820 
0.209391 0.590694 0.020729 0.179186 
0.474998 0.409458 0.062259 0.053285 
0.482389 0.470500 0.036209 0.010902 
0.466988 0.467553 0.034178 0.031281 
0.469678 0.099716 0.069080 0.361525 
0.815947 0.097168 0.081871 0.005014 
0.831171 0.012105 0.156435 0.000289 
0.532786 0.349026 0.106449 0.011739 
0.524781 0.204801 0.194534 0.075884 
0.385819 0.500716 0.112347 0.001119 
0.437126 0.409411 0.136283 0.017180 
0.557268 0.097796 0.229205 0.115731 
0.342774 0.297810 0.343859 0.015556 
0.105264 0.210100 0.684439 0.000197 
0.153847 0.052074 0.779883 0.014195 
0.048448 0.194534 0.598314 0.158704 
0.130092 0.072741 0.646395 0.150772 
0.358816 0.066070 0.378279 0.196835 
0.078711 0.032612 0.743652 0.145025 
0.074306 0.191223 0.614150 0.120321 
0.039482 0.384351 0.370117 0.206050 
0.034063 0.210520 0.383269 0.372148 
0.093496 0.389916 0.332222 0.184366 
0.120902 0.246337 0.356713 0.276048 
0.126858 0.394063 0.371116 0.107964 
0.090997 0.389613 0.336727 0.182663 
0.109031 0.369326 0.398210 0.123433 
0.230499 0.250230 0.476626 0.042645 
0.397803 0.154913 0.433521 0.013763 
0.321063 0.106472 0.557126 0.015339 
0.296308 0.275789 0.225549 0.202353 
0.336019 0.398775 0.263722 0.001484 
0.314347 0.416494 0.256037 0.013123 
0.383380 0.352160 0.264363 0.000098 
0.687770 0.079006 0.233215 0.000009 
0.784515 0.002453 0.210571 0.002461 
0.593068 0.001369 0.192805 0.212758 
0.596017 0.150683 0.170862 0.082439 
0.811689 0.013335 0.168860 0.006116 
0.714531 0.174819 0.104401 0.006249 
0.550367 0.317354 0.045106 0.087173 
0.436638 0.060912 0.063188 0.439262 
0.746239 0.025188 0.032938 0.195635 
0.238713 0.463973 0.045254 0.252059 
0.409434 0.411415 0.011811 0.167340 
0.646668 0.228970 0.011597 0.112765 
0.762546 0.176244 0.025342 0.035867 
0.381799 0.537348 0.011734 0.069119 
0.474275 0.457092 0.008380 0.060253 
0.692390 0.051688 0.083939 0.171983 
0.391288 0.118417 0.096492 0.393803 
0.112443 0.013757 0.076356 0.797444 
0.320105 0.080303 0.057010 0.542582 
0.166662 0.421502 0.037418 0.374418 
0.518709 0.181792 0.029582 0.269917 
0.312327 0.257699 0.061080 0.368893 
0.252615 0.138184 0.047985 0.561217 
0.086776 0.042894 0.084373 0.785956 
0.095752 0.414756 0.065404 0.424088 
0.319355 0.339646 0.091505 0.249494 
0.431506 0.231255 0.101748 0.235491 
0.383299 0.029039 0.088820 0.498842 
0.333902 0.317124 0.056319 0.292654 
0.339460 0.343059 0.050094 0.267387 
0.168306 0.424513 0.076679 0.330502 
0.247185 0.145691 0.094942 0.512181 
0.223334 0.394874 0.078609 0.303183 
0.296602 0.393967 0.067157 0.242273 
0.213725 0.360549 0.127196 0.298530 
0.000774 0.615236 0.159002 0.224988 
0.027099 0.406790 0.080525 0.485586 
0.000652 0.352125 0.053335 0.593888 
0.002710 0.484114 0.078693 0.434483 
0.000003 0.072697 0.179419 0.747881 
0.000002 0.550906 0.116981 0.332111 
0.000024 0.811792 0.064030 0.124155 
0.110679 0.479018 0.129303 0.281000 
0.337539 0.203621 0.074577 0.384263 
0.140230 0.000003 0.026127 0.833640 
0.001007 0.122160 0.010501 0.866332 
0.000000 0.466639 0.002840 0.530520 
0.000003 0.473730 0.002844 0.523423 
0.000000 0.414613 0.005986 0.579401 
0.000001 0.450032 0.012107 0.537860 
0.041691 0.047150 0.045804 0.865356 
0.123882 0.806851 0.010998 0.058269 
0.131241 0.755258 0.004689 0.108812 
0.000404 0.540759 0.005266 0.453570 
0.000063 0.626893 0.003377 0.369667 
0.000007 0.640214 0.026646 0.333132 
0.000112 0.826432 0.002186 0.171270 
0.085222 0.450822 0.006736 0.457220 
0.002495 0.873428 0.001543 0.122534 
0.000085 0.870357 0.001886 0.127672 
0.004408 0.566167 0.005025 0.424400 
0.008936 0.855674 0.007544 0.127846 
0.000011 0.534555 0.006662 0.458771 
0.000000 0.428468 0.006324 0.565208 
0.000002 0.568902 0.004823 0.426273 
0.000318 0.450677 0.004278 0.544728 
0.025649 0.406161 0.004740 0.563450 
0.224923 0.299478 0.008301 0.467298 
0.048107 0.541374 0.007205 0.403314 
0.160944 0.176547 0.011838 0.650671 
0.001915 0.447370 0.012211 0.538504 
0.296407 0.322072 0.005307 0.376214 
0.324541 0.377546 0.015130 0.282784 
0.418671 0.128113 0.035686 0.417531 
0.676044 0.156448 0.092328 0.075180 
0.325319 0.634849 0.034206 0.005626 
0.508048 0.447761 0.039718 0.004473 
0.071243 0.850138 0.056438 0.022181 
0.192910 0.648174 0.043205 0.115712 
0.098796 0.145434 0.331092 0.424679 
0.641022 0.054086 0.097074 0.207817 
0.851193 0.007489 0.080848 0.060471 
0.923494 0.004395 0.058789 0.013321 
0.871732 0.003898 0.121178 0.003193 
0.412424 0.000000 0.577525 0.010051 
0.350523 0.000041 0.632596 0.016839 
0.528498 0.069693 0.386427 0.015383 
0.186637 0.000842 0.803241 0.009280 
0.262609 0.000023 0.729170 0.008198 
0.129717 0.004978 0.855964 0.009340 
0.461460 0.097866 0.430511 0.010163 
0.470567 0.000036 0.521774 0.007622 
0.838758 0.040375 0.118946 0.001921 
0.903006 0.000000 0.096978 0.000016 
0.723962 0.000650 0.275337 0.000051 
0.699602 0.132332 0.168049 0.000018 
0.912005 0.018644 0.069119 0.000232 
0.030374 0.751792 0.212712 0.005121 
0.483000 0.488940 0.026988 0.001072 
0.374198 0.498491 0.123189 0.004121 
0.371077 0.572494 0.056087 0.000342 
0.458744 0.416503 0.124672 0.000080 
0.574375 0.243509 0.181963 0.000153 
0.129350 0.188304 0.681949 0.000398 
0.762506 0.006757 0.230661 0.000077 
0.806552 0.025901 0.166329 0.001219 
0.708456 0.106147 0.184671 0.000726 
0.506084 0.340173 0.153607 0.000136 
0.652967 0.191982 0.154812 0.000239 
0.848841 0.000014 0.144768 0.006376 
0.727751 0.000000 0.266550 0.005699 
0.158477 0.000000 0.818237 0.023286 
0.004345 0.928171 0.054472 0.013012 
0.000111 0.857536 0.082335 0.060018 
0.123770 0.622426 0.082735 0.171069 
0.000555 0.641799 0.076186 0.281459 
0.000133 0.749306 0.063168 0.187393 
0.361917 0.301536 0.025232 0.311315 
0.199413 0.250362 0.037114 0.513111 
0.313621 0.312905 0.019862 0.353612 
0.408340 0.256802 0.022113 0.312746 
0.240469 0.399247 0.013722 0.346562 
0.433755 0.262997 0.011639 0.291609 
0.480728 0.172337 0.019990 0.326944 
0.606114 0.052589 0.014876 0.326421 
0.764743 0.101578 0.020281 0.113398 
0.690121 0.006907 0.023495 0.279477 
0.393485 0.279564 0.011201 0.315750 
0.766377 0.135741 0.012745 0.085137 
0.494578 0.494007 0.003406 0.008010 
0.170707 0.499080 0.005748 0.324465 
0.081348 0.712623 0.004297 0.201731 
0.409168 0.356798 0.002910 0.231124 
0.301238 0.296752 0.002538 0.399471 
0.003732 0.432194 0.004385 0.559689 
0.288341 0.236213 0.003543 0.471902 
0.336498 0.261015 0.005353 0.397134 
0.542651 0.195669 0.007985 0.253696 
0.670242 0.213019 0.028174 0.088565 
0.788377 0.166602 0.022249 0.022771 
0.467768 0.470473 0.013485 0.048273 
0.106701 0.680993 0.040165 0.172140 
0.842714 0.049334 0.020177 0.087775 
0.935526 0.002085 0.032456 0.029933 
0.784975 0.000753 0.181298 0.032974 
0.001264 0.962506 0.036105 0.000126 
0.023561 0.701206 0.037743 0.237490 
0.007229 0.587239 0.066822 0.338710 
0.000613 0.937915 0.009142 0.052331 
0.033498 0.849335 0.008531 0.108636 
0.315602 0.543649 0.008337 0.132412 
0.376687 0.600230 0.011672 0.011411 
0.516283 0.451059 0.006706 0.025953 
0.226712 0.242461 0.002654 0.528173 
0.343954 0.327140 0.001408 0.327499 
0.072712 0.221407 0.001994 0.703887 
0.248410 0.336389 0.000769 0.414432 
0.049013 0.475316 0.000805 0.474865 
0.044607 0.513656 0.000675 0.441063 
0.000382 0.452785 0.000412 0.546420 
0.001349 0.148909 0.000359 0.849383 
0.005079 0.287092 0.000219 0.707609 
0.316252 0.003123 0.000129 0.680496 
0.478826 0.034062 0.000056 0.487056 
0.349399 0.269425 0.000055 0.381121 
0.076661 0.303009 0.000092 0.620238 
0.318087 0.372544 0.000022 0.309348 
0.375843 0.372233 0.000031 0.251893 
0.411370 0.439161 0.000049 0.149421 
0.394380 0.382194 0.000051 0.223376 
0.346467 0.418102 0.000222 0.235210 
0.448438 0.178031 0.000189 0.373343 
0.097751 0.331632 0.000270 0.570346 
0.464137 0.068045 0.000537 0.467281 
0.443643 0.250435 0.000607 0.305315 
0.692172 0.008760 0.001559 0.297509 
0.790974 0.000035 0.002978 0.206014 
0.501545 0.000416 0.003139 0.494900 
0.557194 0.000000 0.002379 0.440427 
0.059988 0.000000 0.004274 0.935737 
0.007464 0.000000 0.006845 0.985691 
0.521534 0.000000 0.001610 0.476855 
0.286793 0.000000 0.006522 0.706684 
0.242292 0.000000 0.005788 0.751920 
0.283415 0.000000 0.005524 0.711061 
0.458870 0.000000 0.004270 0.536860 
0.522919 0.000000 0.004163 0.472919 
0.362022 0.000000 0.004433 0.633545 
0.369433 0.000023 0.009538 0.621006 
0.204409 0.000000 0.010614 0.784977 
0.452759 0.000000 0.012324 0.534917 
0.564267 0.000000 0.009404 0.426329 
0.165518 0.000000 0.012867 0.821615 
0.379320 0.000000 0.008527 0.612152 
0.204169 0.000000 0.011433 0.784398 
0.480116 0.000000 0.006992 0.512891 
0.576307 0.000000 0.005900 0.417793 
0.501875 0.000000 0.004771 0.493353 
0.821144 0.000000 0.005098 0.173757 
0.848071 0.000001 0.002537 0.149391 
0.924252 0.000106 0.008783 0.066859 
0.852536 0.017674 0.006998 0.122792 
0.873605 0.073058 0.005163 0.048174 
0.880154 0.000106 0.005384 0.114356 
0.833297 0.110507 0.007860 0.048336 
0.030503 0.957371 0.011925 0.000200 
0.704232 0.224765 0.052602 0.018401 
0.007533 0.942293 0.014911 0.035263 
0.457596 0.282207 0.003560 0.256637 
0.397430 0.279466 0.000527 0.322577 
0.338993 0.324836 0.000555 0.335617 
0.345288 0.323942 0.000385 0.330385 
0.106742 0.789731 0.001217 0.102310 
0.032734 0.719460 0.002120 0.245686 
0.457395 0.335298 0.002234 0.205073 
0.214578 0.410933 0.001975 0.372513 
0.380573 0.260832 0.002206 0.356389 
0.343871 0.360196 0.003176 0.292756 
0.430643 0.289462 0.006908 0.272987 
0.401137 0.151223 0.012029 0.435610 
0.331598 0.229637 0.009266 0.429499 
0.319296 0.281827 0.013423 0.385454 
0.439491 0.042870 0.014543 0.503096 
0.149590 0.058787 0.039784 0.751839 
0.009285 0.176498 0.014673 0.799544 
0.005030 0.444146 0.010020 0.540804 
0.008215 0.831823 0.017940 0.142022 
0.001074 0.965775 0.022173 0.010979 
0.310451 0.367822 0.008490 0.313237 
0.487034 0.505176 0.004619 0.003171 
0.565490 0.404678 0.013319 0.016512 
0.387580 0.593180 0.019222 0.000019 
0.323859 0.523729 0.016449 0.135963 
0.089058 0.836171 0.036179 0.038593 
0.106404 0.791894 0.034733 0.066970 
0.499553 0.389822 0.014151 0.096473 
0.587267 0.394946 0.017162 0.000625 
0.179886 0.798902 0.020487 0.000725 
0.222201 0.757826 0.019974 0.000000 
0.014035 0.967524 0.018441 0.000000 
0.008974 0.946484 0.044543 0.000000 
0.100782 0.879622 0.019596 0.000000 
0.060691 0.928021 0.011288 0.000000 
0.105823 0.873429 0.020713 0.000036 
0.023910 0.889590 0.006467 0.080033 
0.000039 0.993048 0.006253 0.000660 
0.006530 0.984524 0.008947 0.000000 
0.001611 0.984151 0.010263 0.003975 
0.140044 0.406512 0.002940 0.450504 
0.049443 0.272870 0.003373 0.674314 
0.083580 0.368223 0.001164 0.547034 
0.055909 0.793076 0.002293 0.148722 
0.417062 0.356459 0.001281 0.225198 
0.426087 0.389048 0.000756 0.184109 
0.567433 0.280380 0.000904 0.151284 
0.266883 0.716903 0.001562 0.014652 
0.270336 0.661292 0.001197 0.067175 
0.347784 0.350515 0.000884 0.300818 
0.407721 0.444170 0.000674 0.147435 
0.392915 0.202801 0.000348 0.403936 
0.440357 0.269897 0.000574 0.289172 
0.424477 0.433341 0.000531 0.141651 
0.097473 0.655184 0.000534 0.246810 
0.338201 0.449923 0.000381 0.211495 
0.326421 0.324813 0.000438 0.348328 
0.446216 0.319950 0.000848 0.232986 
0.307091 0.221843 0.000958 0.470108 
0.254577 0.333238 0.000544 0.411640 
0.372858 0.249136 0.000282 0.377724 
0.346792 0.348362 0.000385 0.304462 
0.319673 0.323500 0.000966 0.355862 
0.487939 0.498465 0.000778 0.012818 
0.455422 0.543882 0.000691 0.000004 
0.457179 0.533297 0.000455 0.009069 
0.485554 0.513230 0.000433 0.000784 
0.753851 0.227190 0.000397 0.018562 
0.954270 0.045328 0.000393 0.000009 
0.980531 0.018935 0.000534 0.000000 
0.984755 0.014777 0.000453 0.000015 
0.991592 0.007479 0.000910 0.000019 
0.975251 0.009837 0.000975 0.013937 
0.898634 0.098055 0.000860 0.002451 
0.765168 0.230689 0.004105 0.000038 
0.899179 0.099102 0.001308 0.000411 
0.913568 0.073064 0.005132 0.008237 
0.844778 0.149090 0.004835 0.001297 
0.589165 0.001672 0.002509 0.406655 
0.905840 0.015469 0.013721 0.064970 
0.124289 0.005186 0.013246 0.857279 
0.363745 0.003174 0.005289 0.627791 
0.682096 0.003532 0.004461 0.309911 
0.924627 0.054380 0.004567 0.016425 
0.267016 0.284163 0.008303 0.440518 
0.307622 0.660220 0.008501 0.023656 
0.533461 0.451598 0.006833 0.008108 
0.211936 0.781462 0.006301 0.000301 
0.190452 0.499638 0.004576 0.305334 
0.059872 0.467134 0.007086 0.465908 
0.445364 0.480803 0.011061 0.062771 
0.359596 0.564695 0.020488 0.055221 
0.386113 0.503157 0.027284 0.083446 
0.364391 0.356029 0.018269 0.261311 
0.443148 0.314325 0.024989 0.217539 
0.402975 0.546499 0.030862 0.019664 
0.462737 0.479341 0.025345 0.032578 
0.450248 0.532953 0.010729 0.006070 
0.406357 0.530759 0.017164 0.045721 
0.354279 0.410021 0.009760 0.225941 
0.341288 0.345958 0.007781 0.304972 
0.237449 0.457178 0.018317 0.287056 
0.013498 0.925008 0.060926 0.000568 
0.185034 0.755190 0.057910 0.001865 
0.189472 0.473409 0.175542 0.161577 
0.193099 0.218542 0.288196 0.300163 
0.341090 0.267457 0.359584 0.031869 
0.365772 0.317622 0.276742 0.039863 
0.271069 0.341417 0.145077 0.242437 
0.377426 0.332341 0.157991 0.132241 
0.398095 0.369103 0.183918 0.048884 
0.336582 0.389335 0.273669 0.000414 
0.511620 0.430590 0.057407 0.000383 
0.394379 0.556082 0.048737 0.000802 
0.358255 0.433468 0.206941 0.001336 
0.313421 0.371274 0.314116 0.001190 
0.382633 0.335010 0.276004 0.006352 
0.349935 0.349075 0.296874 0.004116 
0.117474 0.457486 0.417836 0.007204 
0.259329 0.411482 0.328227 0.000962 
0.240727 0.397185 0.361592 0.000497 
0.320422 0.312253 0.309934 0.057392 
0.046361 0.389070 0.337736 0.226833 
0.021691 0.387443 0.249445 0.341421 
0.000424 0.512042 0.301349 0.186184 
0.006846 0.330727 0.326274 0.336153 
0.000434 0.378893 0.238102 0.382570 
0.035601 0.339714 0.344900 0.279786 
0.250164 0.244846 0.256308 0.248682 
0.174050 0.385421 0.329707 0.110821 
0.008229 0.481611 0.464665 0.045495 
0.027503 0.386399 0.340895 0.245203 
0.002262 0.361157 0.346732 0.289848 
0.009433 0.624615 0.168794 0.197158 
0.054989 0.564034 0.375848 0.005128 
0.273316 0.498988 0.175565 0.052131 
0.291854 0.461949 0.240765 0.005433 
0.068333 0.546341 0.306942 0.078384 
0.375210 0.416302 0.203127 0.005361 
0.124078 0.437324 0.436688 0.001910 
0.064533 0.629455 0.306007 0.000005 
0.096799 0.517796 0.385278 0.000127 
0.151933 0.464051 0.373084 0.010932 
0.372492 0.351014 0.275251 0.001243 
0.035868 0.537289 0.426841 0.000002 
0.113953 0.531369 0.354610 0.000067 
0.181262 0.404474 0.414252 0.000012 
0.347177 0.326650 0.326171 0.000002 
0.334046 0.337221 0.328719 0.000013 
0.351508 0.339011 0.309481 0.000000 
0.227801 0.377120 0.395079 0.000000 
0.294069 0.335722 0.370208 0.000001 
0.344623 0.312355 0.343021 0.000000 
0.465266 0.400762 0.133972 0.000000 
0.065774 0.758429 0.175798 0.000000 
0.204201 0.513856 0.281942 0.000000 
0.154925 0.439158 0.405917 0.000000 
0.013321 0.518854 0.467822 0.000002 
0.052724 0.487918 0.459359 0.000000 
0.058137 0.476742 0.465121 0.000000 
0.348067 0.354755 0.297178 0.000000 
0.017062 0.495707 0.487231 0.000000 
0.270375 0.354725 0.374813 0.000087 
0.009483 0.460634 0.529882 0.000001 
0.001246 0.452645 0.546087 0.000022 
0.331672 0.450551 0.217720 0.000057 
0.348052 0.309270 0.336033 0.006645 
0.222025 0.387985 0.389876 0.000113 
0.276190 0.331390 0.359732 0.032688 
0.177092 0.383228 0.422746 0.016935 
0.394359 0.397995 0.189843 0.017803 
0.058292 0.573790 0.324921 0.042998 
0.139932 0.480242 0.114970 0.264855 
0.397183 0.407572 0.086884 0.108361 
0.410667 0.411514 0.116335 0.061484 
0.311479 0.402877 0.060173 0.225472 
0.205372 0.640328 0.073778 0.080522 
0.019114 0.486420 0.297666 0.196800 
0.002831 0.307256 0.302809 0.387104 
0.013010 0.395698 0.201358 0.389935 
0.020896 0.582743 0.385718 0.010644 
0.000958 0.701202 0.297810 0.000030 
0.001004 0.874539 0.124418 0.000039 
0.116909 0.626325 0.256758 0.000007 
0.241949 0.683031 0.075020 0.000000 
0.482992 0.502984 0.013992 0.000032 
0.333043 0.584426 0.054450 0.028080 
0.006551 0.722640 0.263989 0.006820 
0.047027 0.676167 0.272701 0.004106 
0.213215 0.341521 0.336739 0.108525 
0.256704 0.245263 0.253875 0.244158 
0.228248 0.275725 0.301118 0.194909 
0.217634 0.277681 0.294525 0.210160 
0.042351 0.447031 0.088572 0.422046 
0.251278 0.412595 0.005204 0.330923 
0.156040 0.414074 0.102918 0.326969 
0.264510 0.335237 0.030576 0.369676 
0.004713 0.490813 0.297821 0.206654 
0.126320 0.705120 0.126949 0.041611 
0.048712 0.413161 0.527430 0.010697 
0.013770 0.467805 0.507391 0.011034 
0.468695 0.472551 0.058718 0.000036 
0.004945 0.802035 0.041298 0.151721 
0.039444 0.850988 0.070932 0.038636 
0.303154 0.628392 0.010627 0.057826 
0.087836 0.454118 0.212712 0.245334 
0.350933 0.535421 0.021740 0.091905 
0.198403 0.606265 0.020188 0.175145 
0.119056 0.788038 0.000384 0.092522 
0.070518 0.881397 0.000224 0.047861 
0.417534 0.548298 0.000000 0.034168 
0.375814 0.590552 0.000000 0.033633 
0.310393 0.586554 0.000002 0.103051 
0.266308 0.352057 0.000000 0.381634 
0.280101 0.289696 0.000000 0.430202 
0.516722 0.481852 0.000001 0.001426 
0.556408 0.443590 0.000000 0.000002 
0.512834 0.487136 0.000002 0.000028 
0.545506 0.454486 0.000008 0.000000 
0.503125 0.496874 0.000001 0.000001 
0.585127 0.412698 0.002171 0.000004 
0.524398 0.473529 0.001880 0.000193 
0.414559 0.315594 0.269845 0.000003 
0.321118 0.328933 0.349637 0.000312 
0.339041 0.366348 0.287285 0.007326 
0.373170 0.243266 0.383277 0.000287 
0.530056 0.256681 0.213037 0.000227 
0.471071 0.221609 0.304662 0.002658 
0.543500 0.327976 0.127538 0.000985 
0.499245 0.331199 0.068765 0.100791 
0.527706 0.417082 0.022796 0.032416 
0.551391 0.431337 0.008004 0.009268 
0.484481 0.442335 0.072856 0.000328 
0.340331 0.324193 0.328146 0.007330 
0.335510 0.327186 0.285219 0.052084 
0.406318 0.377770 0.154136 0.061776 
0.380177 0.361793 0.254780 0.003250 
0.318109 0.331927 0.349792 0.000171 
0.151923 0.469030 0.378015 0.001032 
0.110181 0.458220 0.431594 0.000006 
0.047185 0.632204 0.320607 0.000004 
0.232744 0.288568 0.478689 0.000000 
0.267232 0.268219 0.464548 0.000002 
0.306196 0.307586 0.386193 0.000025 
0.344311 0.304110 0.351576 0.000004 
0.225336 0.419944 0.354455 0.000265 
0.324307 0.579931 0.095721 0.000041 
0.449943 0.472713 0.077160 0.000184 
0.414741 0.383081 0.202174 0.000004 
0.341076 0.381779 0.277144 0.000000 
0.338679 0.343483 0.317837 0.000000 
0.338435 0.340609 0.320956 0.000000 
0.380732 0.527433 0.091835 0.000000 
0.339212 0.647285 0.013503 0.000000 
0.444008 0.551368 0.004624 0.000000 
0.497442 0.459620 0.042937 0.000000 
0.500168 0.489456 0.010376 0.000000 
0.469099 0.524445 0.006456 0.000000 
0.483360 0.502082 0.014558 0.000000 
0.506284 0.489740 0.003976 0.000000 
0.412233 0.519700 0.068067 0.000000 
0.480239 0.517001 0.002760 0.000000 
0.416606 0.457678 0.125716 0.000000 
0.163603 0.832356 0.004041 0.000000 
0.023022 0.950466 0.026512 0.000000 
0.103531 0.880596 0.015873 0.000000 
0.168869 0.761302 0.069829 0.000000 
0.221061 0.776945 0.001994 0.000000 
0.270993 0.719226 0.009781 0.000000 
0.103687 0.822425 0.073872 0.000016 
0.289428 0.567195 0.143288 0.000089 
0.240418 0.758986 0.000546 0.000050 
0.367565 0.623003 0.009410 0.000022 
0.231207 0.732790 0.036001 0.000001 
0.295058 0.564627 0.140313 0.000002 
0.303173 0.679043 0.017784 0.000000 
0.510874 0.423548 0.065578 0.000000 
0.496690 0.433443 0.069867 0.000000 
0.593348 0.403603 0.003037 0.000012 
0.290816 0.326912 0.382260 0.000012 
0.380250 0.335425 0.284318 0.000007 
0.488190 0.423254 0.088532 0.000024 
0.496058 0.466471 0.037282 0.000189 
0.497427 0.462778 0.039739 0.000055 
0.511464 0.461510 0.026999 0.000026 
0.480906 0.497806 0.021283 0.000005 
0.398106 0.262923 0.338969 0.000001 
0.378914 0.317669 0.303417 0.000000 
0.384181 0.343810 0.272009 0.000000 
0.347948 0.432546 0.219506 0.000000 
0.331625 0.423626 0.244749 0.000000 
0.267919 0.397620 0.334461 0.000000 
0.340229 0.378547 0.281224 0.000000 
0.202870 0.515005 0.282125 0.000000 
0.342444 0.427350 0.230206 0.000000 
0.336837 0.333936 0.329227 0.000000 
0.243861 0.670278 0.085861 0.000001 
0.103493 0.707042 0.189464 0.000001 
0.314735 0.500866 0.184356 0.000043 
0.467656 0.467287 0.065051 0.000005 
0.188261 0.412166 0.399572 0.000001 
0.322417 0.359583 0.317462 0.000538 
0.325322 0.329476 0.336590 0.008612 
0.318292 0.386877 0.194365 0.100466 
0.249035 0.316050 0.127757 0.307158 
0.302051 0.289710 0.312188 0.096052 
0.372922 0.030874 0.493802 0.102402 
0.493557 0.006986 0.494792 0.004665 
0.488476 0.030757 0.090366 0.390401 
0.336011 0.001755 0.038379 0.623854 
0.689790 0.196443 0.030920 0.082847 
0.205953 0.141875 0.359600 0.292572 
0.170322 0.179661 0.325153 0.324864 
0.162530 0.344329 0.181645 0.311497 
0.216763 0.450927 0.143806 0.188505 
0.210602 0.530352 0.003279 0.255766 
0.195819 0.338628 0.067384 0.398169 
0.148163 0.384893 0.026667 0.440278 
0.129483 0.421110 0.044064 0.405342 
0.297193 0.652724 0.007430 0.042653 
0.361735 0.330665 0.277598 0.030002 
0.543486 0.063626 0.376992 0.015896 
0.690777 0.263682 0.044777 0.000764 
0.539897 0.457663 0.002420 0.000020 
0.542423 0.360875 0.093373 0.003329 
0.526619 0.380392 0.092790 0.000199 
0.605394 0.359338 0.031467 0.003801 
0.374511 0.355147 0.266563 0.003780 
0.332538 0.331710 0.332725 0.003027 
0.442305 0.449448 0.093813 0.014433 
0.313787 0.273887 0.315049 0.097276 
0.530306 0.121074 0.327421 0.021199 
0.564475 0.422348 0.007209 0.005969 
0.542271 0.443683 0.003086 0.010961 
0.513202 0.474710 0.010246 0.001842 
0.407832 0.402859 0.180197 0.009113 
0.406509 0.377106 0.211212 0.005173 
0.429826 0.451881 0.107707 0.010587 
0.659347 0.332758 0.007609 0.000287 
0.535093 0.325271 0.135731 0.003905 
0.744933 0.224296 0.028454 0.002317 
0.599324 0.058634 0.340361 0.001681 
0.491843 0.029109 0.474671 0.004377 
0.552347 0.047057 0.398856 0.001740 
0.591566 0.094757 0.310408 0.003269 
0.451658 0.256566 0.290599 0.001178 
0.461878 0.465027 0.073073 0.000022 
0.626771 0.373224 0.000000 0.000005 
0.570643 0.429354 0.000000 0.000003 
0.629363 0.370628 0.000009 0.000000 
0.635952 0.364048 0.000000 0.000000 
0.541735 0.458124 0.000141 0.000000 
0.660386 0.339612 0.000000 0.000002 
0.708793 0.291205 0.000000 0.000002 
0.496010 0.503990 0.000000 0.000000 
0.515949 0.484051 0.000000 0.000000 
0.544459 0.455541 0.000000 0.000000 
0.519201 0.480798 0.000000 0.000000 
0.503709 0.496290 0.000000 0.000001 
0.538875 0.461120 0.000000 0.000005 
0.731801 0.268195 0.000000 0.000004 
0.839566 0.160424 0.000000 0.000010 
0.592217 0.407779 0.000000 0.000004 
0.479532 0.520435 0.000000 0.000033 
0.557381 0.442488 0.000000 0.000131 
0.556827 0.443130 0.000000 0.000043 
0.452454 0.547509 0.000000 0.000037 
0.397882 0.596964 0.000000 0.005155 
0.448384 0.551457 0.000000 0.000159 
0.511906 0.487853 0.000000 0.000241 
0.470316 0.523640 0.000000 0.006044 
0.500635 0.496268 0.000047 0.003050 
0.428281 0.503128 0.051143 0.017448 
0.261943 0.167167 0.318410 0.252481 
0.329953 0.172935 0.409454 0.087658 
0.598941 0.354758 0.006087 0.040215 
0.414280 0.428313 0.024734 0.132673 
0.377555 0.432594 0.000003 0.189848 
0.249742 0.183919 0.274337 0.292002 
0.286254 0.255901 0.167745 0.290100 
0.367978 0.312849 0.016401 0.302772 
0.405436 0.219675 0.111527 0.263362 
0.780914 0.129988 0.003126 0.085972 
0.368030 0.361561 0.162788 0.107620 
0.482761 0.470737 0.019661 0.026842 
0.464076 0.455754 0.051796 0.028374 
0.483009 0.284355 0.193514 0.039122 
0.293425 0.273062 0.138746 0.294767 
0.330722 0.315606 0.050932 0.302740 
0.293922 0.296419 0.213155 0.196505 
0.321703 0.305779 0.061861 0.310657 
0.508854 0.350499 0.055737 0.084909 
0.343305 0.112659 0.347237 0.196798 
0.451232 0.109121 0.009040 0.430607 
0.689273 0.255206 0.015269 0.040252 
0.591149 0.348996 0.000148 0.059707 
0.685477 0.283531 0.001074 0.029918 
0.464368 0.060046 0.011935 0.463651 
0.491320 0.065821 0.000916 0.441943 
0.940333 0.028891 0.004540 0.026237 
0.505242 0.026430 0.422812 0.045515 
0.431805 0.054310 0.228245 0.285641 
0.330109 0.239895 0.330798 0.099198 
0.275852 0.271764 0.202752 0.249632 
0.462270 0.028525 0.291821 0.217383 
0.488948 0.202124 0.113040 0.195889 
0.318186 0.167576 0.301523 0.212714 
0.405964 0.025841 0.386441 0.181753 
0.469380 0.041497 0.375003 0.114121 
0.558525 0.346043 0.003465 0.091966 
0.732700 0.209922 0.021396 0.035982 
0.321784 0.341440 0.330874 0.005902 
0.357181 0.387675 0.096305 0.158839 
0.390226 0.324697 0.002790 0.282287 
0.440780 0.244092 0.077634 0.237494 
0.273452 0.354334 0.101667 0.270547 
0.396138 0.505539 0.005816 0.092506 
0.453462 0.089381 0.189613 0.267544 
0.203127 0.392032 0.388561 0.016280 
0.200039 0.235032 0.367342 0.197587 
0.235741 0.323069 0.426852 0.014337 
0.186915 0.427686 0.383690 0.001708 
0.376442 0.591532 0.016588 0.015438 
0.549048 0.403680 0.000027 0.047245 
0.845382 0.032702 0.104114 0.017801 
0.808310 0.191362 0.000131 0.000198 
0.543432 0.122728 0.332719 0.001121 
0.379298 0.227500 0.388522 0.004680 
0.426366 0.046966 0.457687 0.068982 
0.332838 0.000443 0.362707 0.304011 
0.827208 0.002192 0.091160 0.079441 
0.699395 0.028255 0.268599 0.003752 
0.766944 0.214911 0.018055 0.000091 
0.445062 0.245945 0.308684 0.000309 
0.636732 0.336230 0.026387 0.000651 
0.538072 0.353857 0.106658 0.001413 
0.462980 0.421757 0.114493 0.000769 
0.513551 0.449130 0.037281 0.000038 
0.509485 0.483343 0.007109 0.000063 
0.573736 0.420645 0.004659 0.000960 
0.538005 0.458378 0.000016 0.003601 
0.929432 0.006043 0.000320 0.064204 
0.509567 0.424551 0.002830 0.063051 
0.576407 0.366632 0.001208 0.055753 
0.706902 0.172500 0.010268 0.110330 
0.430895 0.000839 0.305423 0.262843 
0.343869 0.148827 0.304338 0.202965 
0.316436 0.145477 0.332796 0.205292 
0.305750 0.120072 0.257383 0.316795 
0.350948 0.195558 0.130270 0.323224 
0.337033 0.026169 0.318096 0.318702 
0.447402 0.100919 0.014903 0.436775 
0.372165 0.338008 0.115082 0.174744 
0.282191 0.185644 0.284470 0.247695 
0.361573 0.036053 0.238510 0.363865 
0.463714 0.076607 0.079755 0.379924 
0.418233 0.045479 0.213387 0.322901 
0.396725 0.050430 0.200296 0.352549 
0.303010 0.304046 0.074864 0.318080 
0.314768 0.342904 0.047469 0.294858 
0.246111 0.215242 0.266997 0.271651 
0.325138 0.004300 0.317201 0.353360 
0.304170 0.041832 0.315141 0.338857 
0.320330 0.000102 0.337984 0.341583 
0.306038 0.137974 0.378194 0.177794 
0.301476 0.172295 0.241732 0.284498 
0.317878 0.088972 0.265769 0.327381 
0.464824 0.007147 0.496528 0.031502 
0.422968 0.196008 0.119518 0.261506 
0.354433 0.030611 0.332696 0.282260 
0.444868 0.028428 0.161396 0.365308 
0.625830 0.089007 0.003390 0.281773 
0.639086 0.188309 0.141619 0.030986 
0.458531 0.012355 0.274709 0.254405 
0.317775 0.280957 0.233425 0.167843 
0.280447 0.300371 0.117104 0.302079 
0.397976 0.132628 0.055967 0.413429 
0.349021 0.010504 0.187518 0.452958 
0.381630 0.054702 0.056443 0.507225 
0.269634 0.237053 0.180201 0.313112 
0.261058 0.047041 0.350091 0.341810 
0.336093 0.274328 0.272165 0.117414 
0.407143 0.429284 0.037157 0.126417 
0.469235 0.106715 0.034161 0.389889 
0.281946 0.037138 0.362828 0.318088 
0.223672 0.143591 0.290581 0.342156 
0.217390 0.262988 0.220093 0.299529 
0.223307 0.194162 0.335253 0.247278 
0.283965 0.125555 0.281946 0.308534 
0.512043 0.079181 0.198074 0.210702 
0.336869 0.208922 0.241495 0.212713 
0.294362 0.273151 0.192168 0.240318 
0.307118 0.192987 0.311932 0.187962 
0.341897 0.149033 0.265373 0.243698 
0.356500 0.296689 0.212739 0.134072 
0.275128 0.266595 0.236161 0.222116 
0.275067 0.227289 0.271485 0.226159 
0.285718 0.278890 0.280431 0.154960 
0.336275 0.348833 0.059927 0.254965 
0.304292 0.303640 0.135292 0.256776 
0.347128 0.082541 0.243335 0.326996 
0.355274 0.056159 0.335177 0.253390 
0.300195 0.198846 0.281437 0.219522 
0.409243 0.137681 0.122372 0.330703 
0.360699 0.250835 0.037621 0.350845 
0.313951 0.323302 0.044111 0.318635 
0.300607 0.199428 0.197545 0.302420 
0.251359 0.247998 0.248271 0.252372 
0.180093 0.247430 0.286343 0.286135 
0.221747 0.202208 0.280349 0.295695 
0.210133 0.256536 0.276407 0.256924 
0.120882 0.265538 0.192894 0.420686 
0.036289 0.060657 0.321504 0.581550 
0.180533 0.004418 0.421045 0.394004 
0.166237 0.095255 0.420467 0.318041 
0.059969 0.270942 0.358068 0.311021 
0.206039 0.300623 0.158901 0.334437 
0.190988 0.213245 0.006289 0.589479 
0.139173 0.463051 0.019504 0.378272 
0.155094 0.472990 0.004166 0.367750 
0.156130 0.461935 0.044245 0.337690 
0.331259 0.086692 0.362276 0.219774 
0.404462 0.171888 0.188051 0.235598 
0.454824 0.110178 0.159039 0.275959 
0.355504 0.353648 0.019356 0.271491 
0.332463 0.305785 0.082718 0.279034 
0.524584 0.013142 0.002992 0.459282 
0.361091 0.003277 0.006402 0.629230 
0.387314 0.185020 0.000129 0.427536 
0.112511 0.636285 0.000002 0.251202 
0.239892 0.584236 0.000000 0.175872 
0.101121 0.688737 0.000009 0.210134 
0.510472 0.235626 0.019159 0.234742 
0.319427 0.425750 0.127577 0.127247 
0.519840 0.104830 0.267569 0.107761 
0.497180 0.097902 0.348817 0.056101 
0.487662 0.234085 0.134187 0.144065 
0.087240 0.758708 0.112406 0.041645 
0.319993 0.119887 0.519840 0.040281 
0.259276 0.221746 0.487634 0.031343 
0.599386 0.198543 0.167707 0.034364 
0.648945 0.014087 0.305448 0.031521 
0.612804 0.002241 0.349484 0.035471 
0.889488 0.050021 0.009621 0.050871 
0.383072 0.533986 0.026788 0.056154 
0.239430 0.664186 0.029851 0.066533 
0.232817 0.556344 0.037103 0.173736 
0.317722 0.040119 0.126848 0.515311 
0.046692 0.543365 0.197020 0.212923 
0.373083 0.410400 0.074060 0.142457 
0.279771 0.378078 0.265411 0.076740 
0.339433 0.156229 0.404598 0.099741 
0.640884 0.000000 0.242828 0.116287 
0.656957 0.037232 0.086376 0.219436 
0.658996 0.019329 0.000651 0.321024 
0.462307 0.353910 0.000000 0.183783 
0.284074 0.439700 0.000000 0.276226 
0.615355 0.144049 0.000000 0.240595 
0.555352 0.293123 0.000000 0.151525 
0.547041 0.343977 0.000000 0.108981 
0.548180 0.353029 0.000000 0.098791 
0.728444 0.118347 0.000000 0.153209 
0.522519 0.377613 0.000000 0.099867 
0.692611 0.069979 0.012814 0.224596 
0.389684 0.325030 0.029815 0.255471 
0.397154 0.200036 0.020503 0.382308 
0.265680 0.339986 0.194414 0.199920 
0.352535 0.292283 0.225677 0.129506 
0.305109 0.210441 0.350516 0.133934 
0.330595 0.385358 0.174979 0.109068 
0.351255 0.349121 0.160191 0.139433 
0.418768 0.087950 0.256173 0.237110 
0.285396 0.183564 0.323107 0.207933 
0.353739 0.322367 0.170701 0.153192 
0.640070 0.075193 0.046764 0.237973 
0.339010 0.247489 0.262479 0.151022 
0.431745 0.448622 0.005328 0.114306 
0.407065 0.401359 0.022293 0.169283 
0.346956 0.430409 0.016845 0.205791 
0.359901 0.392811 0.097481 0.149807 
0.356918 0.310745 0.153091 0.179246 
0.199554 0.258255 0.280820 0.261371 
0.069147 0.388697 0.010095 0.532061 
0.003165 0.446238 0.089975 0.460622 
0.012096 0.572492 0.053880 0.361532 
0.051150 0.351866 0.000570 0.596414 
0.136854 0.108995 0.016345 0.737807 
0.115516 0.402804 0.062009 0.419672 
0.181665 0.276196 0.004632 0.537507 
0.376625 0.212831 0.020356 0.390188 
0.505924 0.008169 0.004436 0.481471 
0.263074 0.267960 0.238201 0.230766 
0.069609 0.082790 0.448881 0.398720 
0.045317 0.492871 0.067705 0.394107 
0.006496 0.286531 0.201406 0.505568 
0.101732 0.031058 0.193441 0.673770 
0.062520 0.492799 0.010154 0.434526 
0.053121 0.494005 0.009414 0.443460 
0.170657 0.245150 0.000090 0.584103 
0.012027 0.405444 0.001658 0.580870 
0.002028 0.416782 0.000001 0.581189 
0.003195 0.456448 0.000000 0.540357 
0.076239 0.040462 0.000000 0.883299 
0.249080 0.010214 0.000000 0.740706 
