0.239161 0.251688 0.254493 0.254658 
0.204231 0.267985 0.260637 0.267147 
0.235849 0.269420 0.245288 0.249444 
0.112044 0.300460 0.286869 0.300627 
0.275439 0.283594 0.269089 0.171878 
0.284501 0.284496 0.248254 0.182749 
0.295012 0.295030 0.170856 0.239103 
0.312579 0.302823 0.320590 0.064008 
0.346594 0.287794 0.347788 0.017824 
0.379625 0.268303 0.332994 0.019079 
0.012975 0.234765 0.330110 0.422151 
0.024818 0.240557 0.314351 0.420274 
0.014176 0.260351 0.363993 0.361480 
0.007732 0.237310 0.318952 0.436006 
0.057728 0.224792 0.309372 0.408108 
0.008876 0.216863 0.277269 0.496991 
0.002217 0.208826 0.335012 0.453945 
0.003473 0.183276 0.338140 0.475111 
0.000591 0.166320 0.279457 0.553632 
0.006713 0.152162 0.222721 0.618404 
0.001485 0.168518 0.244242 0.585756 
0.154135 0.161026 0.238598 0.446241 
0.004253 0.161532 0.264970 0.569246 
0.013465 0.163509 0.270279 0.552748 
0.011098 0.167440 0.255735 0.565727 
0.039910 0.149029 0.236498 0.574563 
0.005382 0.158640 0.294085 0.541893 
0.509191 0.195483 0.290927 0.004398 
0.000030 0.202603 0.248560 0.548807 
0.000054 0.201934 0.227691 0.570320 
0.023512 0.156633 0.175732 0.644123 
0.426740 0.159448 0.170102 0.243711 
0.022174 0.169159 0.193793 0.614874 
0.000280 0.191417 0.216524 0.591778 
0.002179 0.183807 0.201904 0.612110 
0.000632 0.187650 0.196291 0.615426 
0.000101 0.211354 0.220582 0.567963 
0.000013 0.219844 0.237473 0.542669 
0.000090 0.198680 0.217640 0.583590 
0.001163 0.176363 0.198386 0.624089 
0.003805 0.171995 0.199385 0.624815 
0.003272 0.172524 0.193066 0.631138 
0.011348 0.168383 0.201601 0.618668 
0.603215 0.165567 0.195494 0.035724 
0.092798 0.140788 0.152147 0.614267 
0.629587 0.163626 0.172594 0.034193 
0.512404 0.134594 0.144106 0.208896 
0.367014 0.126840 0.142639 0.363506 
0.640881 0.145820 0.163881 0.049418 
0.227390 0.130851 0.144564 0.497195 
0.102991 0.137519 0.156095 0.603395 
0.534424 0.132572 0.153236 0.179767 
0.483297 0.130170 0.145079 0.241454 
0.532526 0.134423 0.174172 0.158879 
0.203360 0.129233 0.166941 0.500466 
0.105763 0.134007 0.180366 0.579864 
0.255086 0.152739 0.178936 0.413238 
0.134091 0.146324 0.172533 0.547052 
0.338607 0.131300 0.145066 0.385026 
0.625682 0.149148 0.175639 0.049532 
0.150925 0.144483 0.159742 0.544850 
0.013119 0.174080 0.184057 0.628744 
0.160755 0.153979 0.157303 0.527964 
0.560789 0.153808 0.153766 0.131637 
0.210270 0.158101 0.157288 0.474341 
0.384359 0.142646 0.139016 0.333979 
0.325452 0.168499 0.165313 0.340736 
0.214256 0.165229 0.162336 0.458179 
0.017485 0.196346 0.191393 0.594775 
0.143544 0.162231 0.158435 0.535790 
0.042954 0.177482 0.174633 0.604930 
0.053081 0.167775 0.165281 0.613863 
0.616014 0.183641 0.181340 0.019005 
0.644061 0.161736 0.164451 0.029751 
0.435996 0.128821 0.136253 0.298930 
0.292876 0.130256 0.135676 0.441191 
0.219688 0.159850 0.162001 0.458461 
0.019619 0.218299 0.219625 0.542457 
0.008771 0.252974 0.255920 0.482335 
0.000119 0.208061 0.210660 0.581160 
0.096708 0.177190 0.176565 0.549536 
0.371030 0.133028 0.131429 0.364513 
0.354550 0.128320 0.129919 0.387210 
0.580198 0.136755 0.140683 0.142364 
0.514865 0.132810 0.135215 0.217110 
0.501461 0.132196 0.131287 0.235057 
0.387061 0.129043 0.128268 0.355628 
0.378849 0.129319 0.128943 0.362889 
0.201723 0.133853 0.134887 0.529537 
0.024120 0.151780 0.160335 0.663766 
0.004443 0.170688 0.178151 0.646718 
0.000000 0.266020 0.280075 0.453905 
0.000028 0.275079 0.281499 0.443395 
0.000528 0.206157 0.215164 0.578152 
0.000064 0.202472 0.226072 0.571391 
0.000002 0.239839 0.243603 0.516557 
0.000008 0.228483 0.243688 0.527821 
0.000046 0.204819 0.230184 0.564952 
0.000000 0.367993 0.405616 0.226391 
0.000000 0.307055 0.357252 0.335693 
0.000001 0.272116 0.309342 0.418542 
0.000000 0.359729 0.395026 0.245245 
0.000012 0.272606 0.283938 0.443444 
0.005626 0.208858 0.226137 0.559379 
0.000002 0.282093 0.290155 0.427750 
0.000000 0.435245 0.417407 0.147348 
0.000005 0.311620 0.286604 0.401771 
0.013277 0.224330 0.211107 0.551286 
0.101496 0.240258 0.223302 0.434944 
0.528518 0.250600 0.220815 0.000066 
0.500461 0.263215 0.236307 0.000016 
0.543373 0.233726 0.222620 0.000281 
0.536914 0.245989 0.216919 0.000178 
0.454906 0.293108 0.251982 0.000004 
0.486611 0.269432 0.243949 0.000007 
0.515196 0.243895 0.240865 0.000044 
0.592101 0.206794 0.194537 0.006567 
0.617095 0.190319 0.185805 0.006782 
0.540901 0.236635 0.222310 0.000154 
0.547900 0.233339 0.218090 0.000672 
0.583762 0.203611 0.206776 0.005851 
0.597613 0.195539 0.197498 0.009350 
0.592297 0.204749 0.200117 0.002837 
0.584912 0.208236 0.204518 0.002334 
0.582977 0.152004 0.168380 0.096639 
0.397583 0.150770 0.166404 0.285243 
0.561924 0.198786 0.239078 0.000213 
0.590887 0.177725 0.230214 0.001174 
0.484723 0.129101 0.171734 0.214442 
0.623951 0.146092 0.194834 0.035124 
0.606497 0.171294 0.217355 0.004854 
0.561714 0.201513 0.236150 0.000623 
0.605891 0.184731 0.198314 0.011064 
0.548104 0.229622 0.221724 0.000549 
0.537156 0.212560 0.250110 0.000174 
0.508648 0.221283 0.270038 0.000031 
0.571132 0.194129 0.229608 0.005131 
0.550336 0.156933 0.189813 0.102918 
0.587137 0.161630 0.220186 0.031048 
0.423479 0.142310 0.211546 0.222665 
0.404299 0.149883 0.207144 0.238674 
0.580213 0.171141 0.247964 0.000683 
0.521276 0.201420 0.277170 0.000134 
0.527059 0.196445 0.276345 0.000150 
0.472880 0.222831 0.304286 0.000003 
0.386012 0.266985 0.347003 0.000000 
0.331462 0.295376 0.373162 0.000000 
0.320070 0.284940 0.394991 0.000000 
0.361122 0.262272 0.376605 0.000000 
0.357779 0.271647 0.370573 0.000000 
0.315808 0.281136 0.403056 0.000000 
0.304164 0.287303 0.408534 0.000000 
0.310980 0.297017 0.392003 0.000000 
0.324456 0.286664 0.388880 0.000000 
0.343827 0.282602 0.373570 0.000000 
0.307953 0.307745 0.384303 0.000000 
0.295567 0.325647 0.378786 0.000000 
0.300540 0.331669 0.367791 0.000000 
0.329833 0.319318 0.350849 0.000000 
0.333230 0.333068 0.333702 0.000000 
0.315115 0.367091 0.317794 0.000000 
0.344142 0.342998 0.312860 0.000000 
0.299208 0.368500 0.332292 0.000000 
0.287714 0.357364 0.354922 0.000000 
0.281699 0.370167 0.348134 0.000000 
0.288339 0.320599 0.391061 0.000000 
0.289686 0.331273 0.379041 0.000000 
0.307961 0.323977 0.368063 0.000000 
0.289664 0.325112 0.385224 0.000000 
0.292894 0.317420 0.389686 0.000000 
0.294709 0.310494 0.394798 0.000000 
0.341443 0.285411 0.373146 0.000000 
0.316842 0.293652 0.389506 0.000000 
0.317024 0.298418 0.384558 0.000000 
0.300573 0.302313 0.397113 0.000000 
0.289102 0.305061 0.405837 0.000000 
0.280426 0.301777 0.417779 0.000018 
0.275255 0.284099 0.440646 0.000000 
0.276574 0.279930 0.443497 0.000000 
0.284954 0.281550 0.433496 0.000000 
0.285203 0.281528 0.433269 0.000000 
0.291492 0.280484 0.428025 0.000000 
0.301015 0.275361 0.423624 0.000000 
0.283099 0.278029 0.438872 0.000000 
0.280539 0.277259 0.442202 0.000000 
0.271970 0.275201 0.452829 0.000000 
0.273047 0.272978 0.453975 0.000000 
0.269129 0.269599 0.461272 0.000000 
0.270156 0.270205 0.459638 0.000001 
0.277807 0.266270 0.455923 0.000000 
0.334296 0.245872 0.419831 0.000000 
0.297500 0.273667 0.428832 0.000000 
0.291184 0.274690 0.434126 0.000000 
0.316536 0.264087 0.419377 0.000000 
0.340587 0.272685 0.386728 0.000000 
0.388168 0.258665 0.353167 0.000000 
0.440331 0.240216 0.319452 0.000001 
0.498854 0.216213 0.284929 0.000004 
0.558122 0.195623 0.246138 0.000117 
0.607267 0.175967 0.211929 0.004837 
0.633312 0.161059 0.196234 0.009396 
0.622991 0.175162 0.196363 0.005483 
0.615664 0.174933 0.202739 0.006663 
0.608888 0.160604 0.178480 0.052028 
0.558543 0.218535 0.156294 0.066628 
0.598578 0.201555 0.168753 0.031114 
0.593727 0.208767 0.167182 0.030324 
0.497625 0.255106 0.165800 0.081470 
0.566707 0.255257 0.151618 0.026418 
0.555353 0.227244 0.151862 0.065540 
0.529029 0.289909 0.138387 0.042675 
0.467441 0.273894 0.132962 0.125704 
0.406591 0.307074 0.123918 0.162417 
0.368113 0.302534 0.122626 0.206728 
0.339589 0.224511 0.132872 0.303028 
0.231110 0.233335 0.146384 0.389171 
0.113144 0.218740 0.153963 0.514153 
0.374161 0.218751 0.142168 0.264919 
0.312857 0.203239 0.155683 0.328221 
0.386715 0.262388 0.131017 0.219880 
0.267246 0.215137 0.140121 0.377496 
0.327500 0.263669 0.132113 0.276718 
0.027179 0.325113 0.142734 0.504973 
0.010843 0.387393 0.138046 0.463718 
0.007408 0.447691 0.140923 0.403978 
0.047783 0.401860 0.123964 0.426393 
0.029966 0.424413 0.125722 0.419899 
0.001797 0.423606 0.150029 0.424567 
0.001168 0.445953 0.162887 0.389991 
0.000616 0.414685 0.163228 0.421471 
0.043055 0.502820 0.135271 0.318854 
0.149576 0.364900 0.108776 0.376747 
0.144534 0.386024 0.111728 0.357714 
0.131106 0.375836 0.109099 0.383959 
0.136224 0.369374 0.106568 0.387834 
0.305236 0.254270 0.112073 0.328421 
0.165727 0.393957 0.116574 0.323742 
0.216658 0.365772 0.118316 0.299254 
0.202690 0.396254 0.125658 0.275398 
0.029763 0.500167 0.140749 0.329320 
0.000061 0.242790 0.224651 0.532497 
0.034923 0.346502 0.135087 0.483488 
0.023820 0.247642 0.170901 0.557637 
0.004989 0.429336 0.145063 0.420611 
0.080079 0.306970 0.139673 0.473277 
0.240579 0.337673 0.125225 0.296523 
0.014538 0.394607 0.134743 0.456112 
0.001855 0.398034 0.153665 0.446446 
0.003248 0.487924 0.157312 0.351516 
0.001733 0.396346 0.161318 0.440603 
0.000213 0.483936 0.204003 0.311848 
0.001447 0.080639 0.248233 0.669681 
0.118907 0.023437 0.211700 0.645956 
0.436985 0.039703 0.189227 0.334085 
0.009581 0.021326 0.245900 0.723194 
0.281995 0.000836 0.200595 0.516574 
0.373126 0.008833 0.188714 0.429327 
0.020254 0.003924 0.230900 0.744922 
0.233277 0.010351 0.190151 0.566221 
0.412850 0.022730 0.190544 0.373876 
0.525327 0.012512 0.205574 0.256586 
0.480746 0.020493 0.199852 0.298909 
0.306262 0.023715 0.191587 0.478437 
0.102903 0.014494 0.211434 0.671168 
0.148891 0.129908 0.174505 0.546696 
0.183404 0.148928 0.163524 0.504143 
0.376675 0.180114 0.146135 0.297076 
0.270223 0.235925 0.137265 0.356586 
0.287159 0.254373 0.131198 0.327270 
0.322746 0.316219 0.126006 0.235029 
0.203522 0.291390 0.135446 0.369642 
0.252343 0.366546 0.113784 0.267327 
0.262439 0.391002 0.098427 0.248133 
0.360661 0.347303 0.117492 0.174544 
0.454709 0.335766 0.122763 0.086762 
0.125256 0.386953 0.103247 0.384544 
0.238175 0.343991 0.119727 0.298108 
0.019303 0.419442 0.125053 0.436202 
0.066256 0.627727 0.171492 0.134525 
0.122992 0.543077 0.160474 0.173457 
0.307718 0.323065 0.138874 0.230343 
0.107984 0.477911 0.139842 0.274263 
0.142470 0.364454 0.107640 0.385436 
0.162577 0.356987 0.117795 0.362641 
0.206842 0.384619 0.103122 0.305418 
0.317136 0.342612 0.102689 0.237563 
0.398025 0.390531 0.108711 0.102733 
0.401537 0.405755 0.105963 0.086746 
0.434771 0.411744 0.115012 0.038474 
0.405197 0.406549 0.109728 0.078527 
0.369277 0.185971 0.100765 0.343987 
0.400631 0.109922 0.104735 0.384712 
0.439404 0.026233 0.116657 0.417706 
0.398006 0.127380 0.102550 0.372064 
0.421818 0.433242 0.116998 0.027942 
0.442688 0.297897 0.141016 0.118399 
0.418696 0.363329 0.123927 0.094048 
0.449170 0.329770 0.124178 0.096882 
0.053659 0.410308 0.120007 0.416026 
0.252101 0.249994 0.111855 0.386049 
0.327334 0.220931 0.111600 0.340135 
0.353722 0.273983 0.111457 0.260837 
0.309366 0.379263 0.110192 0.201180 
0.358213 0.310280 0.138154 0.193354 
0.333415 0.301316 0.100555 0.264714 
0.317776 0.220151 0.113219 0.348854 
0.300607 0.220369 0.152160 0.326864 
0.298028 0.190464 0.133772 0.377735 
0.309198 0.219889 0.119422 0.351490 
0.299183 0.376176 0.117942 0.206699 
0.213519 0.370854 0.122914 0.292712 
0.033620 0.412791 0.142644 0.410944 
0.019494 0.417030 0.167312 0.396164 
0.000630 0.393261 0.213926 0.392184 
0.000654 0.420787 0.232188 0.346370 
0.000986 0.412978 0.193565 0.392471 
0.000200 0.379857 0.203870 0.416073 
0.000283 0.400175 0.243654 0.355888 
0.002158 0.356105 0.202610 0.439127 
0.000084 0.389846 0.236286 0.373783 
0.000111 0.396580 0.258406 0.344903 
0.000589 0.463017 0.302165 0.234229 
0.002832 0.511678 0.303308 0.182182 
0.000987 0.441793 0.370105 0.187115 
0.003106 0.426204 0.356432 0.214258 
0.000398 0.296446 0.429053 0.274104 
0.002367 0.390746 0.381653 0.225234 
0.028122 0.435506 0.383571 0.152801 
0.010507 0.388359 0.446052 0.155082 
0.002609 0.352777 0.455532 0.189083 
0.001314 0.335143 0.428629 0.234914 
0.000510 0.323894 0.405277 0.270319 
0.000754 0.289664 0.460761 0.248821 
0.001297 0.300432 0.430134 0.268138 
0.003484 0.381173 0.336366 0.278978 
0.008779 0.369326 0.354738 0.267156 
0.149269 0.293513 0.319688 0.237530 
0.034441 0.339903 0.329046 0.296610 
0.023408 0.348055 0.338833 0.289704 
0.061587 0.337394 0.325072 0.275948 
0.215920 0.231081 0.340843 0.212157 
0.185325 0.269905 0.319480 0.225290 
0.199838 0.320515 0.262638 0.217009 
0.186188 0.284933 0.274090 0.254789 
0.084926 0.304924 0.305037 0.305113 
0.140505 0.277609 0.294391 0.287496 
0.042989 0.309353 0.330330 0.317329 
0.063594 0.286941 0.324717 0.324748 
0.129953 0.290283 0.272711 0.307053 
0.273732 0.249759 0.261672 0.214838 
0.258035 0.196401 0.259653 0.285911 
0.290322 0.269126 0.157712 0.282840 
0.267519 0.285855 0.187214 0.259412 
0.271142 0.350716 0.204636 0.173506 
0.250476 0.288970 0.204872 0.255681 
0.261690 0.242549 0.249502 0.246258 
0.229056 0.286520 0.231774 0.252650 
0.235871 0.260898 0.248361 0.254870 
0.228656 0.228409 0.263342 0.279593 
0.255847 0.246070 0.245076 0.253007 
0.252355 0.247082 0.245472 0.255091 
0.243062 0.272079 0.241928 0.242931 
0.236064 0.260669 0.255638 0.247629 
0.224618 0.227541 0.282170 0.265671 
0.248557 0.220487 0.250177 0.280779 
0.206349 0.221129 0.302260 0.270262 
0.230545 0.243702 0.244641 0.281112 
0.231530 0.227144 0.255681 0.285645 
0.244166 0.268890 0.248457 0.238488 
0.225976 0.286795 0.220473 0.266755 
0.251218 0.251984 0.247709 0.249089 
0.232698 0.245561 0.242171 0.279571 
0.161052 0.244129 0.302915 0.291903 
0.162614 0.221692 0.277139 0.338555 
0.227768 0.202872 0.245670 0.323691 
0.249791 0.202426 0.254735 0.293047 
0.218322 0.180866 0.245727 0.355085 
0.192300 0.179463 0.307507 0.320729 
0.202298 0.199197 0.284800 0.313704 
0.192017 0.277222 0.241110 0.289651 
0.257951 0.213079 0.220928 0.308042 
0.165143 0.286229 0.300557 0.248071 
0.235810 0.239041 0.222251 0.302899 
0.219888 0.218883 0.229514 0.331714 
0.260247 0.218265 0.268488 0.253000 
0.247240 0.260062 0.240411 0.252287 
0.214463 0.288298 0.277263 0.219976 
0.187648 0.284736 0.302670 0.224947 
0.056299 0.295597 0.324092 0.324012 
0.062135 0.252852 0.331756 0.353257 
0.145174 0.281907 0.248816 0.324104 
0.222119 0.344545 0.208179 0.225157 
0.190904 0.384430 0.120434 0.304232 
0.063106 0.366900 0.163618 0.406377 
0.026060 0.325058 0.203590 0.445292 
0.021943 0.349381 0.264522 0.364153 
0.079821 0.311654 0.290672 0.317853 
0.032391 0.318998 0.310701 0.337910 
0.078830 0.279599 0.317806 0.323765 
0.066961 0.317231 0.317110 0.298698 
0.131056 0.296727 0.276440 0.295777 
0.132417 0.321244 0.207414 0.338926 
0.212017 0.243621 0.287508 0.256854 
0.249590 0.245754 0.276750 0.227906 
0.238934 0.239247 0.287654 0.234165 
0.236901 0.280246 0.275934 0.206919 
0.257523 0.263478 0.233400 0.245599 
0.252948 0.271011 0.274011 0.202030 
0.231347 0.256502 0.322914 0.189237 
0.280203 0.274146 0.230211 0.215439 
0.304875 0.230276 0.188526 0.276322 
0.273266 0.191275 0.208408 0.327051 
0.275484 0.173781 0.196283 0.354452 
0.243082 0.201320 0.267755 0.287842 
0.251130 0.241499 0.323482 0.183889 
0.264508 0.222551 0.335255 0.177686 
0.287014 0.264814 0.263911 0.184261 
0.272767 0.257107 0.227188 0.242937 
0.276416 0.218892 0.261901 0.242791 
0.268955 0.207106 0.256392 0.267548 
0.266031 0.236869 0.224889 0.272211 
0.294895 0.204729 0.204938 0.295437 
0.291342 0.243464 0.168948 0.296246 
0.290990 0.283028 0.235146 0.190835 
0.290834 0.255493 0.175754 0.277920 
0.287585 0.209803 0.226819 0.275793 
0.287872 0.195324 0.275736 0.241068 
0.302985 0.293913 0.147991 0.255112 
0.287822 0.268514 0.202948 0.240716 
0.279972 0.234937 0.250185 0.234906 
0.283037 0.247678 0.216713 0.252572 
0.286723 0.225154 0.230235 0.257888 
0.288310 0.192800 0.254338 0.264552 
0.281441 0.175008 0.289757 0.253793 
0.204197 0.283358 0.267136 0.245309 
0.164518 0.255775 0.271296 0.308411 
0.107562 0.293877 0.292684 0.305877 
0.257371 0.303059 0.201644 0.237926 
0.219707 0.320171 0.200051 0.260071 
0.121928 0.311689 0.283961 0.282422 
0.262139 0.285922 0.216288 0.235651 
0.276647 0.235674 0.231554 0.256126 
0.154985 0.302274 0.249031 0.293709 
0.211467 0.222157 0.294521 0.271855 
0.216916 0.214696 0.286362 0.282026 
0.219264 0.211254 0.285947 0.283535 
0.246504 0.230181 0.240493 0.282822 
0.240183 0.261246 0.211180 0.287391 
0.185023 0.313457 0.224879 0.276640 
0.266933 0.228531 0.192659 0.311876 
0.290669 0.240916 0.177315 0.291099 
0.248638 0.085892 0.271949 0.393521 
0.305777 0.173105 0.178101 0.343018 
0.180551 0.212465 0.284010 0.322973 
0.258618 0.288666 0.227552 0.225164 
0.266829 0.241852 0.248230 0.243089 
0.242023 0.263799 0.286089 0.208090 
0.259087 0.176300 0.284216 0.280396 
0.247254 0.199850 0.258067 0.294829 
0.220038 0.217546 0.275448 0.286968 
0.173903 0.290002 0.284016 0.252079 
0.233806 0.226050 0.273118 0.267026 
0.221863 0.252258 0.286026 0.239853 
0.203752 0.288994 0.275987 0.231267 
0.185003 0.286988 0.267540 0.260469 
0.235927 0.279016 0.222823 0.262234 
0.232474 0.267158 0.281403 0.218965 
0.242923 0.269084 0.240867 0.247127 
0.234924 0.252800 0.231924 0.280352 
0.183945 0.286688 0.226405 0.302962 
0.282183 0.195183 0.173347 0.349287 
0.292351 0.256103 0.124371 0.327175 
0.253875 0.227619 0.283935 0.234571 
0.275487 0.233468 0.290030 0.201015 
0.296002 0.307170 0.264792 0.132036 
0.274385 0.262011 0.205549 0.258055 
0.299299 0.254521 0.186506 0.259675 
0.274339 0.366000 0.089290 0.270371 
0.286399 0.256116 0.201602 0.255883 
0.275210 0.274108 0.191441 0.259241 
0.254493 0.269455 0.187072 0.288980 
0.232940 0.356768 0.180184 0.230109 
0.279286 0.398100 0.045630 0.276984 
0.254568 0.376393 0.119344 0.249694 
0.262594 0.360579 0.108982 0.267845 
0.319320 0.341525 0.013512 0.325643 
0.321774 0.319591 0.005657 0.352979 
0.332654 0.335745 0.002275 0.329326 
0.330390 0.332152 0.004381 0.333077 
0.247289 0.345832 0.000220 0.406658 
0.285958 0.279440 0.001341 0.433261 
0.289130 0.277615 0.000216 0.433039 
0.289773 0.284900 0.000008 0.425319 
0.271980 0.332301 0.000006 0.395713 
0.294936 0.297880 0.000005 0.407179 
0.265414 0.314911 0.000005 0.419670 
0.280195 0.283514 0.000009 0.436281 
0.260609 0.369031 0.000023 0.370337 
0.270725 0.331252 0.000034 0.397989 
0.288685 0.434304 0.000006 0.277004 
0.253530 0.246409 0.250014 0.250046 
0.221999 0.285200 0.273755 0.219047 
0.251192 0.246717 0.255599 0.246492 
0.270781 0.276075 0.225684 0.227460 
0.286344 0.252404 0.276696 0.184556 
0.228161 0.270398 0.248836 0.252605 
0.191160 0.283482 0.264372 0.260987 
0.222619 0.260551 0.259672 0.257158 
0.266017 0.219141 0.258903 0.255939 
0.293719 0.220715 0.268814 0.216752 
0.287056 0.239568 0.226130 0.247246 
0.295890 0.299024 0.231402 0.173685 
0.302502 0.215680 0.286450 0.195369 
0.297311 0.246380 0.297406 0.158903 
0.367618 0.201342 0.374339 0.056701 
0.388505 0.162389 0.389164 0.059941 
0.312776 0.251019 0.238441 0.197763 
0.253858 0.263775 0.256701 0.225665 
0.233451 0.219870 0.287376 0.259303 
0.247890 0.244061 0.242778 0.265271 
0.260812 0.237505 0.249394 0.252289 
0.243710 0.255465 0.238038 0.262788 
0.196666 0.285086 0.276642 0.241605 
0.223346 0.268776 0.251583 0.256295 
0.230915 0.239763 0.288075 0.241246 
0.231956 0.280180 0.254449 0.233416 
0.231218 0.254769 0.287760 0.226253 
0.282207 0.200035 0.289926 0.227832 
0.282008 0.217425 0.264182 0.236385 
0.290971 0.285582 0.192876 0.230570 
0.278953 0.212438 0.264254 0.244355 
0.287031 0.254931 0.224479 0.233559 
0.268326 0.230219 0.270702 0.230753 
0.256169 0.293039 0.262487 0.188304 
0.287732 0.231744 0.249590 0.230933 
0.288964 0.273727 0.216251 0.221058 
0.289661 0.236183 0.273042 0.201114 
0.289382 0.299381 0.290616 0.120621 
0.322345 0.283529 0.324959 0.069167 
0.335884 0.190185 0.243934 0.229997 
0.263495 0.319221 0.236479 0.180805 
0.215320 0.246496 0.324035 0.214149 
0.242584 0.320724 0.233075 0.203617 
0.165765 0.316837 0.363965 0.153433 
0.266983 0.237544 0.314946 0.180527 
0.289861 0.279013 0.231065 0.200061 
0.270718 0.308195 0.262369 0.158718 
0.210507 0.215816 0.290189 0.283488 
0.263181 0.161817 0.315503 0.259500 
0.239318 0.245129 0.286626 0.228928 
0.273454 0.227107 0.314054 0.185385 
0.271084 0.283909 0.316246 0.128761 
0.276044 0.286951 0.213437 0.223568 
0.222946 0.145475 0.311779 0.319800 
0.236061 0.174118 0.294466 0.295354 
0.305706 0.275682 0.136378 0.282234 
0.295815 0.289884 0.201713 0.212588 
0.277339 0.291253 0.153312 0.278095 
0.285925 0.240821 0.211570 0.261685 
0.204621 0.230131 0.286013 0.279236 
0.085011 0.271813 0.326212 0.316963 
0.054747 0.238210 0.348008 0.359035 
0.084542 0.239460 0.339055 0.336943 
0.124516 0.204426 0.319261 0.351796 
0.240054 0.248412 0.184244 0.327290 
0.131898 0.285621 0.286938 0.295544 
0.213181 0.287067 0.217833 0.281920 
0.223751 0.272979 0.224693 0.278577 
0.234254 0.249033 0.230743 0.285969 
0.261070 0.223184 0.227766 0.287980 
0.229069 0.218933 0.263404 0.288594 
0.254898 0.222649 0.233892 0.288561 
0.271286 0.222339 0.221609 0.284765 
0.285299 0.234910 0.205564 0.274227 
0.240888 0.256094 0.223501 0.279518 
0.275928 0.268995 0.225033 0.230044 
0.265711 0.157912 0.291145 0.285232 
0.301638 0.090423 0.306184 0.301755 
0.224406 0.180040 0.300895 0.294659 
0.251053 0.239825 0.227232 0.281890 
0.248698 0.238728 0.229944 0.282630 
0.210271 0.194835 0.296396 0.298499 
0.201640 0.202084 0.291618 0.304658 
0.203211 0.201280 0.296894 0.298615 
0.230169 0.197130 0.282605 0.290097 
0.200174 0.275064 0.251830 0.272933 
0.115177 0.289774 0.286399 0.308651 
0.172928 0.268083 0.275584 0.283406 
0.216959 0.276172 0.217540 0.289328 
0.201412 0.281733 0.209170 0.307685 
0.207500 0.292567 0.206659 0.293273 
0.243426 0.242954 0.225608 0.288011 
0.228679 0.278298 0.202833 0.290190 
0.164304 0.296890 0.242131 0.296675 
0.184581 0.278517 0.248306 0.288596 
0.242049 0.241285 0.230989 0.285677 
0.245754 0.211408 0.256065 0.286773 
0.152933 0.283109 0.274260 0.289698 
0.279198 0.243432 0.188222 0.289148 
0.275250 0.216045 0.219133 0.289572 
0.298267 0.126534 0.277208 0.297991 
0.296871 0.242613 0.161143 0.299373 
0.282765 0.263856 0.194162 0.259216 
0.190165 0.287347 0.267197 0.255292 
0.293449 0.291117 0.119715 0.295720 
0.296934 0.283858 0.124207 0.295001 
0.241364 0.280199 0.168415 0.310022 
0.097531 0.270064 0.324592 0.307813 
0.267086 0.281278 0.170467 0.281169 
0.265579 0.275086 0.172441 0.286894 
0.238679 0.279764 0.282240 0.199317 
0.281026 0.127331 0.312482 0.279161 
0.171116 0.335331 0.172112 0.321442 
0.261485 0.219126 0.283278 0.236112 
0.282484 0.275032 0.170540 0.271943 
0.288092 0.288644 0.140361 0.282904 
0.301896 0.301228 0.137779 0.259097 
0.310849 0.223037 0.176108 0.290006 
0.152658 0.240349 0.304632 0.302361 
0.181361 0.158919 0.305541 0.354180 
0.316546 0.201892 0.148985 0.332577 
0.314274 0.222619 0.130578 0.332529 
0.089948 0.229461 0.339057 0.341534 
0.312741 0.241081 0.122380 0.323799 
0.197237 0.228748 0.238218 0.335797 
0.220118 0.219320 0.224077 0.336485 
0.065114 0.149435 0.364944 0.420507 
0.034052 0.233138 0.275434 0.457376 
0.047414 0.283711 0.315025 0.353850 
0.270852 0.290458 0.150854 0.287836 
0.295321 0.289075 0.149617 0.265987 
0.231346 0.289558 0.181552 0.297544 
0.313534 0.294747 0.091314 0.300405 
0.249966 0.282215 0.189326 0.278492 
0.224510 0.269666 0.228699 0.277125 
0.268542 0.216441 0.248004 0.267014 
0.238724 0.153424 0.301135 0.306717 
0.244403 0.150346 0.304924 0.300327 
0.262116 0.246552 0.203718 0.287614 
0.157542 0.289811 0.287314 0.265333 
0.248800 0.285425 0.186702 0.279072 
0.286509 0.264283 0.172462 0.276747 
0.293637 0.293411 0.148892 0.264060 
0.290704 0.274220 0.177130 0.257946 
0.213006 0.239705 0.282291 0.264998 
0.235628 0.237508 0.260632 0.266232 
0.245890 0.235421 0.241804 0.276885 
0.230450 0.238246 0.256635 0.274669 
0.214743 0.233156 0.274365 0.277735 
0.254485 0.223933 0.250890 0.270692 
0.288263 0.245922 0.187311 0.278504 
0.259877 0.196755 0.249722 0.293646 
0.274594 0.159214 0.286535 0.279657 
0.211493 0.210096 0.280678 0.297733 
0.224504 0.216739 0.293258 0.265499 
0.289930 0.286423 0.186497 0.237149 
0.245079 0.277871 0.232673 0.244377 
0.245016 0.287854 0.247263 0.219867 
0.281358 0.294017 0.282441 0.142184 
0.297567 0.298675 0.204244 0.199514 
0.195789 0.301893 0.296756 0.205563 
0.239619 0.265544 0.253269 0.241569 
0.223435 0.289549 0.280002 0.207013 
0.336396 0.297548 0.315367 0.050689 
0.240276 0.270623 0.308887 0.180214 
0.265627 0.288403 0.232649 0.213322 
0.226336 0.288159 0.261632 0.223874 
0.250455 0.277466 0.233883 0.238196 
0.216066 0.285764 0.283708 0.214462 
0.252951 0.280168 0.237943 0.228938 
0.278461 0.247315 0.234744 0.239479 
0.227848 0.264894 0.272482 0.234776 
0.256899 0.263174 0.247927 0.232000 
0.286906 0.253717 0.226958 0.232419 
0.285773 0.264086 0.239221 0.210920 
0.298107 0.311465 0.306875 0.083553 
0.284008 0.255856 0.232469 0.227668 
0.245820 0.266340 0.245217 0.242623 
0.281871 0.238805 0.254692 0.224632 
0.284438 0.262074 0.226235 0.227254 
0.283227 0.228245 0.263126 0.225402 
0.214347 0.268766 0.276978 0.239909 
0.237154 0.278603 0.237140 0.247103 
0.253614 0.244492 0.239412 0.262482 
0.264000 0.193115 0.289404 0.253482 
0.287670 0.183843 0.262722 0.265766 
0.299524 0.167595 0.297716 0.235166 
0.207657 0.227701 0.288378 0.276265 
0.221059 0.242504 0.268313 0.268124 
0.240756 0.219538 0.279028 0.260678 
0.301988 0.240654 0.291409 0.165948 
0.245603 0.272560 0.265865 0.215972 
0.222754 0.307327 0.184848 0.285071 
0.288700 0.260463 0.214798 0.236039 
0.226252 0.265175 0.219684 0.288888 
0.212071 0.245021 0.254566 0.288342 
0.212872 0.205612 0.290104 0.291412 
0.173102 0.258286 0.278071 0.290540 
0.291387 0.153244 0.271178 0.284192 
0.261953 0.171894 0.270256 0.295897 
0.181709 0.239866 0.286912 0.291513 
0.285970 0.066156 0.323314 0.324560 
0.288910 0.167066 0.251183 0.292841 
0.242818 0.166963 0.295243 0.294977 
0.170643 0.248136 0.288498 0.292723 
0.232547 0.272524 0.205238 0.289692 
0.229644 0.286858 0.216581 0.266917 
0.180640 0.267093 0.297381 0.254886 
0.201654 0.209395 0.315716 0.273235 
0.146531 0.286381 0.305684 0.261404 
0.192706 0.224866 0.314674 0.267754 
0.171383 0.285123 0.299014 0.244481 
0.229546 0.268230 0.245925 0.256299 
0.252109 0.275702 0.207380 0.264808 
0.159854 0.273333 0.285131 0.281682 
0.153312 0.247985 0.307081 0.291622 
0.277707 0.252606 0.178717 0.290969 
0.240724 0.269544 0.210287 0.279445 
0.227818 0.267695 0.218548 0.285939 
0.184820 0.252148 0.285627 0.277405 
0.291331 0.246949 0.175120 0.286600 
0.234459 0.232750 0.257015 0.275777 
0.230884 0.228113 0.272712 0.268290 
0.227748 0.262724 0.234523 0.275006 
0.225501 0.205453 0.285206 0.283840 
0.304764 0.140047 0.274144 0.281046 
0.249390 0.278697 0.219603 0.252310 
0.206468 0.283886 0.255317 0.254329 
0.210483 0.300751 0.233792 0.254975 
0.221026 0.278234 0.222754 0.277986 
0.236742 0.277309 0.230260 0.255689 
0.171119 0.265102 0.278873 0.284906 
0.157085 0.247213 0.300904 0.294798 
0.269639 0.159656 0.292102 0.278604 
0.310295 0.074523 0.299211 0.315971 
0.301431 0.227274 0.257353 0.213943 
0.306518 0.125954 0.227035 0.340492 
0.248822 0.215269 0.255877 0.280032 
0.250498 0.277575 0.224204 0.247723 
0.200499 0.286662 0.226557 0.286282 
0.180204 0.279136 0.213427 0.327234 
0.227581 0.212825 0.254093 0.305502 
0.152712 0.326412 0.168065 0.352811 
0.156157 0.315111 0.163441 0.365291 
0.231675 0.252532 0.153490 0.362304 
0.382393 0.065511 0.173666 0.378430 
0.331035 0.104462 0.182221 0.382281 
0.352221 0.205836 0.180944 0.261000 
0.346468 0.299742 0.180810 0.172981 
0.223368 0.339695 0.173509 0.263428 
0.366074 0.349800 0.164456 0.119670 
0.237487 0.351450 0.182008 0.229055 
0.212427 0.338979 0.209238 0.239356 
0.296138 0.322357 0.248602 0.132904 
0.271431 0.254431 0.277442 0.196696 
0.227725 0.242193 0.264230 0.265851 
0.304732 0.240087 0.252147 0.203034 
0.245846 0.253083 0.209460 0.291612 
0.254969 0.202371 0.197023 0.345637 
0.342417 0.184014 0.214786 0.258783 
0.329966 0.214600 0.233547 0.221886 
0.253989 0.242849 0.260119 0.243042 
0.300959 0.242145 0.216201 0.240695 
0.338852 0.266587 0.201272 0.193289 
0.312502 0.290223 0.156197 0.241078 
0.258698 0.309317 0.170466 0.261520 
0.258547 0.313086 0.164199 0.264168 
0.263890 0.272594 0.177187 0.286329 
0.330436 0.235611 0.219049 0.214905 
0.238227 0.269392 0.253269 0.239112 
0.244837 0.269284 0.249929 0.235950 
0.258193 0.211575 0.286074 0.244157 
0.163185 0.261588 0.291519 0.283708 
0.229309 0.218318 0.286203 0.266170 
0.285336 0.259127 0.149295 0.306242 
0.237898 0.288572 0.162090 0.311441 
0.264332 0.296379 0.166405 0.272884 
0.204396 0.287996 0.290870 0.216739 
0.215087 0.290173 0.292524 0.202216 
0.256180 0.285008 0.291535 0.167278 
0.226122 0.314415 0.266877 0.192587 
0.282818 0.275331 0.223099 0.218752 
0.287223 0.284828 0.168277 0.259671 
0.229177 0.316192 0.114817 0.339814 
0.272844 0.321978 0.094911 0.310267 
0.112746 0.357870 0.136538 0.392847 
0.111803 0.390291 0.099139 0.398767 
0.133974 0.370359 0.108298 0.387369 
0.271868 0.277307 0.211415 0.239410 
0.225124 0.288207 0.287663 0.199006 
0.301828 0.236813 0.295519 0.165841 
0.200671 0.243668 0.286292 0.269369 
0.293615 0.240403 0.243776 0.222206 
0.387682 0.311662 0.110239 0.190417 
0.277937 0.393618 0.040654 0.287791 
0.217054 0.397243 0.035823 0.349880 
0.124220 0.362026 0.134000 0.379755 
0.238315 0.248749 0.172340 0.340596 
0.356326 0.092431 0.200189 0.351054 
0.332172 0.129140 0.198877 0.339811 
0.354008 0.216358 0.186266 0.243368 
0.150009 0.258938 0.295503 0.295549 
0.224690 0.270047 0.252973 0.252290 
0.227190 0.282661 0.231789 0.258360 
0.194278 0.276415 0.263029 0.266277 
0.215597 0.283602 0.235183 0.265618 
0.227153 0.288148 0.208370 0.276329 
0.278212 0.302128 0.168896 0.250764 
0.207407 0.285194 0.242186 0.265212 
0.260425 0.278754 0.210609 0.250211 
0.208355 0.277802 0.243551 0.270292 
0.232653 0.284700 0.234741 0.247907 
0.234415 0.286856 0.239860 0.238869 
0.232819 0.276125 0.244624 0.246432 
0.259538 0.272014 0.281384 0.187064 
0.266047 0.268756 0.279903 0.185293 
0.221838 0.282928 0.287267 0.207967 
0.196948 0.281025 0.290459 0.231567 
0.222143 0.277335 0.283390 0.217133 
0.225969 0.270411 0.271731 0.231889 
0.224953 0.268117 0.281416 0.225514 
0.265414 0.264654 0.257844 0.212089 
0.210819 0.256605 0.268744 0.263832 
0.299790 0.103556 0.297724 0.298931 
0.202928 0.242922 0.281603 0.272547 
0.216038 0.209505 0.283586 0.290871 
0.287645 0.198020 0.225241 0.289094 
0.201045 0.267047 0.247797 0.284111 
0.232341 0.255410 0.265857 0.246392 
0.284634 0.226163 0.289723 0.199480 
0.281933 0.223173 0.288694 0.206201 
0.275781 0.232701 0.212536 0.278982 
0.239587 0.249419 0.253916 0.257079 
0.239260 0.244311 0.241948 0.274480 
0.291345 0.196380 0.227382 0.284893 
0.276087 0.214808 0.211367 0.297738 
0.288887 0.220117 0.227429 0.263567 
0.244866 0.238220 0.271215 0.245698 
0.265257 0.235979 0.263171 0.235594 
0.284060 0.145352 0.312438 0.258150 
0.280810 0.193567 0.284788 0.240834 
0.290878 0.207766 0.218776 0.282580 
0.289971 0.182839 0.256118 0.271072 
0.283579 0.132531 0.273459 0.310431 
0.297468 0.114287 0.307786 0.280459 
0.282481 0.077915 0.320333 0.319271 
0.278061 0.168650 0.291386 0.261903 
0.275805 0.201056 0.278676 0.244463 
0.276356 0.228402 0.283241 0.212001 
0.236825 0.247832 0.287054 0.228289 
0.299766 0.199810 0.298503 0.201921 
0.235910 0.231003 0.260535 0.272552 
0.278546 0.206546 0.270413 0.244495 
0.258500 0.217835 0.268922 0.254743 
0.243514 0.227546 0.254099 0.274841 
0.283947 0.191647 0.264170 0.260237 
0.288780 0.198611 0.256652 0.255957 
0.279194 0.215850 0.240980 0.263976 
0.264914 0.212699 0.250002 0.272384 
0.220749 0.210252 0.257465 0.311534 
0.202436 0.228087 0.227984 0.341492 
0.279310 0.049956 0.330725 0.340009 
0.248909 0.100642 0.327351 0.323097 
0.257458 0.228253 0.266062 0.248227 
0.292816 0.193157 0.237819 0.276207 
0.310529 0.223248 0.253395 0.212828 
0.271605 0.298721 0.168411 0.261264 
0.284788 0.248097 0.259947 0.207168 
0.212992 0.275707 0.261112 0.250189 
0.286577 0.278586 0.248463 0.186374 
0.329258 0.266620 0.247187 0.156935 
0.221543 0.269313 0.271659 0.237484 
0.232466 0.284250 0.276344 0.206941 
0.228903 0.277415 0.287460 0.206222 
0.279450 0.270222 0.307976 0.142352 
0.252950 0.264206 0.288357 0.194487 
0.210702 0.273527 0.288051 0.227720 
0.291489 0.263171 0.279459 0.165880 
0.293752 0.293240 0.194998 0.218009 
0.267762 0.288957 0.211387 0.231894 
0.289109 0.307986 0.291679 0.111227 
0.299646 0.298973 0.233100 0.168280 
0.257004 0.286229 0.228216 0.228550 
0.207640 0.293153 0.296325 0.202882 
0.227555 0.287497 0.242004 0.242944 
0.242233 0.287959 0.206745 0.263064 
0.255078 0.288099 0.225633 0.231190 
0.226151 0.288017 0.258404 0.227428 
0.174962 0.289113 0.280769 0.255156 
0.127824 0.285588 0.288387 0.298201 
0.188037 0.270310 0.253243 0.288410 
0.296863 0.298932 0.108406 0.295799 
0.275211 0.341922 0.055804 0.327064 
0.204992 0.329730 0.178412 0.286866 
0.227946 0.271107 0.260665 0.240281 
0.229978 0.275251 0.216262 0.278510 
0.305668 0.068682 0.312781 0.312869 
0.290940 0.227512 0.175404 0.306143 
0.256104 0.158562 0.303771 0.281563 
0.252919 0.256256 0.230279 0.260547 
0.258073 0.284317 0.225336 0.232274 
0.294099 0.294297 0.195616 0.215989 
0.212003 0.294376 0.294328 0.199292 
0.262005 0.288988 0.206765 0.242242 
0.201319 0.288569 0.258392 0.251720 
0.225676 0.288505 0.226149 0.259670 
0.230870 0.286035 0.237399 0.245696 
0.215012 0.282025 0.278664 0.224299 
0.232996 0.285260 0.235142 0.246601 
0.214809 0.267679 0.277596 0.239916 
0.225938 0.280645 0.233797 0.259620 
0.239421 0.230206 0.265596 0.264777 
0.287282 0.235233 0.221320 0.256165 
0.231600 0.259260 0.228875 0.280265 
0.233967 0.242520 0.250438 0.273075 
0.206766 0.225182 0.286177 0.281875 
0.194767 0.215438 0.294877 0.294919 
0.213769 0.218743 0.236254 0.331234 
0.201066 0.213533 0.278807 0.306594 
0.220465 0.215666 0.249027 0.314842 
0.217564 0.211918 0.290418 0.280099 
0.293814 0.159084 0.292046 0.255056 
0.214315 0.222403 0.281969 0.281313 
0.242226 0.246158 0.239548 0.272068 
0.259375 0.250553 0.227229 0.262843 
0.234282 0.257751 0.233388 0.274580 
0.289151 0.271776 0.174493 0.264580 
0.193212 0.262630 0.283030 0.261128 
0.253789 0.192266 0.282896 0.271050 
0.286386 0.214072 0.202085 0.297457 
0.261640 0.186394 0.272591 0.279375 
0.206634 0.227634 0.278744 0.286989 
0.289149 0.213865 0.229702 0.267284 
0.286805 0.177837 0.265501 0.269857 
0.259456 0.137421 0.286851 0.316272 
0.245257 0.069563 0.343629 0.341551 
0.238915 0.050922 0.334392 0.375771 
0.283587 0.122418 0.288621 0.305375 
0.300552 0.132536 0.267950 0.298962 
0.234234 0.224838 0.256646 0.284282 
0.239333 0.227656 0.246373 0.286638 
0.245795 0.163584 0.295623 0.294998 
0.251453 0.225464 0.235041 0.288043 
0.282995 0.204205 0.202468 0.310332 
0.295573 0.207376 0.199485 0.297566 
0.224752 0.280694 0.218332 0.276222 
0.196387 0.285183 0.233357 0.285073 
0.260136 0.289157 0.175664 0.275044 
0.301248 0.301549 0.133502 0.263702 
0.186188 0.286755 0.243329 0.283729 
0.126601 0.299935 0.297332 0.276132 
0.170941 0.290821 0.277446 0.260791 
0.217809 0.291696 0.287518 0.202977 
0.241560 0.292248 0.306477 0.159716 
0.315901 0.339884 0.333851 0.010364 
0.308852 0.287071 0.240768 0.163309 
0.299312 0.263084 0.295422 0.142182 
0.160265 0.273493 0.305799 0.260443 
0.123989 0.316318 0.275436 0.284258 
0.298833 0.296844 0.141057 0.263266 
0.181403 0.288035 0.295314 0.235248 
0.164694 0.294601 0.294079 0.246626 
0.229657 0.308232 0.197929 0.264182 
0.277898 0.221467 0.275330 0.225305 
0.245780 0.257233 0.251143 0.245844 
0.246502 0.254069 0.250691 0.248738 
0.274830 0.244652 0.240475 0.240043 
0.273993 0.238159 0.251554 0.236295 
0.224165 0.263718 0.284086 0.228031 
0.261392 0.237495 0.262040 0.239072 
0.265562 0.242878 0.248069 0.243492 
0.269350 0.237397 0.254029 0.239224 
0.270702 0.224856 0.251076 0.253366 
0.264000 0.268255 0.227307 0.240439 
0.281429 0.257976 0.227608 0.232986 
0.291395 0.246345 0.282174 0.180086 
0.283948 0.274503 0.225273 0.216276 
0.263327 0.260382 0.275673 0.200618 
0.273383 0.252857 0.266333 0.207427 
0.282031 0.243488 0.259457 0.215024 
0.259359 0.218397 0.286748 0.235496 
0.270100 0.209044 0.289129 0.231726 
0.293457 0.198836 0.295581 0.212126 
0.258839 0.240448 0.248555 0.252158 
0.235956 0.236025 0.275073 0.252947 
0.259147 0.242402 0.249423 0.249029 
0.254739 0.234499 0.287096 0.223666 
0.271687 0.232252 0.262639 0.233422 
0.253470 0.238460 0.284541 0.223529 
0.278566 0.224586 0.289161 0.207686 
0.285472 0.236484 0.241450 0.236594 
0.244445 0.279592 0.241329 0.234634 
0.233822 0.267288 0.265549 0.233341 
0.271641 0.242744 0.284214 0.201401 
0.288758 0.259548 0.232017 0.219677 
0.284112 0.268258 0.223450 0.224180 
0.262007 0.252664 0.288608 0.196722 
0.233721 0.243228 0.288101 0.234950 
0.229822 0.252648 0.278881 0.238649 
0.249947 0.270641 0.244582 0.234830 
