0.273004 0.273613 0.179150 0.274233 
0.256183 0.261329 0.220397 0.262091 
0.283452 0.284189 0.149455 0.282904 
0.327918 0.327907 0.012104 0.332070 
0.296377 0.296409 0.191027 0.216188 
0.310824 0.311038 0.353880 0.024258 
0.309791 0.307978 0.380062 0.002169 
0.297390 0.294713 0.405059 0.002837 
0.251477 0.250237 0.087971 0.410315 
0.186304 0.183495 0.484624 0.145577 
0.166009 0.141146 0.150675 0.542170 
0.166347 0.133113 0.487977 0.212563 
0.231554 0.150377 0.609798 0.008271 
0.206148 0.144025 0.509249 0.140578 
0.233714 0.134780 0.037358 0.594149 
0.229876 0.120735 0.133678 0.515711 
0.237639 0.127703 0.057909 0.576748 
0.222707 0.113305 0.332560 0.331429 
0.233228 0.113035 0.285776 0.367961 
0.238272 0.111894 0.285307 0.364527 
0.219124 0.128406 0.156329 0.496142 
0.205674 0.123095 0.160150 0.511081 
0.244354 0.124827 0.554564 0.076255 
0.222624 0.119246 0.222220 0.435909 
0.225654 0.121824 0.129362 0.523160 
0.209504 0.115208 0.338380 0.336908 
0.188978 0.121740 0.239425 0.449858 
0.200958 0.119785 0.295469 0.383788 
0.243933 0.123129 0.484295 0.148643 
0.209729 0.129017 0.084501 0.576754 
0.194179 0.121210 0.425568 0.259043 
0.199823 0.120833 0.439745 0.239598 
0.197904 0.120089 0.433925 0.248081 
0.188992 0.119962 0.305817 0.385229 
0.212642 0.121786 0.321901 0.343671 
0.185474 0.122905 0.228016 0.463605 
0.219213 0.117601 0.443336 0.219850 
0.233315 0.117664 0.475967 0.173055 
0.192475 0.118438 0.317451 0.371636 
0.179857 0.125515 0.356046 0.338582 
0.180352 0.124520 0.212395 0.482732 
0.178394 0.130361 0.127650 0.563596 
0.165992 0.143078 0.454483 0.236446 
0.157493 0.137478 0.553299 0.151730 
0.156258 0.128706 0.213671 0.501365 
0.138288 0.128887 0.391804 0.341021 
0.142883 0.130686 0.219449 0.506983 
0.146374 0.137892 0.127230 0.588504 
0.157836 0.156278 0.016665 0.669222 
0.134050 0.132940 0.214030 0.518981 
0.152035 0.141066 0.625344 0.081555 
0.135923 0.129988 0.399528 0.334562 
0.141247 0.133456 0.528356 0.196941 
0.133322 0.127980 0.369381 0.369318 
0.147754 0.139773 0.447503 0.264970 
0.154073 0.133575 0.158677 0.553675 
0.173223 0.145090 0.642241 0.039446 
0.167982 0.136977 0.545332 0.149709 
0.168813 0.130346 0.267962 0.432878 
0.149703 0.129552 0.272423 0.448323 
0.155254 0.128176 0.457800 0.258771 
0.159250 0.128781 0.366729 0.345240 
0.210128 0.158914 0.596704 0.034253 
0.194820 0.154681 0.014327 0.636171 
0.208854 0.149512 0.584819 0.056816 
0.194093 0.122522 0.263737 0.419649 
0.212303 0.118728 0.394261 0.274708 
0.211277 0.119805 0.257760 0.411159 
0.194415 0.120179 0.319300 0.366106 
0.173924 0.125204 0.384507 0.316364 
0.172386 0.133598 0.387718 0.306297 
0.174418 0.132854 0.512497 0.180232 
0.205263 0.145911 0.621034 0.027792 
0.171664 0.129398 0.476070 0.222868 
0.198588 0.136258 0.086648 0.578505 
0.213728 0.129292 0.137971 0.519008 
0.190911 0.130289 0.468589 0.210211 
0.212048 0.162436 0.610579 0.014937 
0.181856 0.139493 0.092441 0.586210 
0.145247 0.129546 0.362007 0.363199 
0.142870 0.129734 0.359215 0.368182 
0.141091 0.129079 0.401730 0.328100 
0.152501 0.131432 0.487477 0.228590 
0.157095 0.126877 0.356923 0.359104 
0.151107 0.129189 0.343954 0.375751 
0.147459 0.127710 0.380892 0.343939 
0.147929 0.128746 0.337959 0.385367 
0.150123 0.129939 0.304634 0.415304 
0.196351 0.153287 0.015326 0.635036 
0.180898 0.135636 0.106997 0.576469 
0.168445 0.131311 0.251458 0.448786 
0.186391 0.121011 0.342463 0.350135 
0.182884 0.126671 0.208991 0.481454 
0.191702 0.125390 0.364752 0.318156 
0.204717 0.121475 0.400288 0.273521 
0.266350 0.137163 0.574836 0.021651 
0.228983 0.122874 0.176878 0.471266 
0.192513 0.123850 0.275895 0.407742 
0.177735 0.130264 0.391772 0.300229 
0.188557 0.122878 0.338946 0.349618 
0.191819 0.121750 0.347757 0.338674 
0.192390 0.126457 0.341440 0.339713 
0.201215 0.125146 0.302814 0.370825 
0.246429 0.156634 0.594250 0.002687 
0.254520 0.160909 0.582620 0.001951 
0.233996 0.151774 0.608437 0.005793 
0.196968 0.127041 0.510559 0.165432 
0.194915 0.126956 0.536127 0.142001 
0.194181 0.129863 0.162273 0.513683 
0.213995 0.141395 0.594803 0.049807 
0.219115 0.171953 0.597367 0.011565 
0.229517 0.180279 0.584628 0.005576 
0.259708 0.198464 0.541594 0.000234 
0.222188 0.167798 0.606145 0.003870 
0.191637 0.157827 0.538085 0.112450 
0.161177 0.153323 0.344287 0.341214 
0.164144 0.171370 0.329797 0.334689 
0.159198 0.203577 0.321083 0.316143 
0.156449 0.220057 0.356349 0.267144 
0.153218 0.215909 0.268837 0.362036 
0.155560 0.204658 0.393440 0.246342 
0.152212 0.220511 0.242291 0.384986 
0.147320 0.236525 0.342106 0.274049 
0.169487 0.291793 0.517812 0.020908 
0.170303 0.247893 0.477134 0.104669 
0.159641 0.289246 0.482745 0.068368 
0.174086 0.278384 0.399032 0.148498 
0.187254 0.302113 0.506145 0.004488 
0.269671 0.403340 0.326987 0.000002 
0.168513 0.286293 0.483744 0.061451 
0.177383 0.333438 0.007616 0.481563 
0.158818 0.311346 0.071335 0.458501 
0.138821 0.342903 0.246558 0.271717 
0.144155 0.320144 0.235420 0.300281 
0.155332 0.375782 0.427529 0.041357 
0.168775 0.404779 0.011452 0.414994 
0.134584 0.373555 0.247434 0.244427 
0.136865 0.373581 0.334428 0.155126 
0.146789 0.371259 0.237713 0.244238 
0.148180 0.370704 0.262803 0.218313 
0.143681 0.361538 0.336567 0.158214 
0.137663 0.359012 0.278400 0.224925 
0.137466 0.356698 0.315858 0.189977 
0.140303 0.272683 0.361298 0.225716 
0.140659 0.371684 0.338882 0.148776 
0.141655 0.352016 0.256805 0.249524 
0.145473 0.337653 0.163735 0.353140 
0.164795 0.321635 0.091711 0.421858 
0.155135 0.310900 0.151027 0.382937 
0.152064 0.312006 0.235378 0.300553 
0.146626 0.321260 0.292231 0.239882 
0.150991 0.298315 0.245416 0.305279 
0.166688 0.382349 0.014058 0.436905 
0.186786 0.433955 0.003191 0.376068 
0.225217 0.453481 0.000913 0.320389 
0.205979 0.431374 0.002317 0.360331 
0.184693 0.357987 0.047501 0.409819 
0.164344 0.369350 0.100760 0.365546 
0.181562 0.395838 0.044913 0.377687 
0.184721 0.362769 0.352536 0.099973 
0.161576 0.347944 0.345060 0.145420 
0.162254 0.330427 0.319617 0.187702 
0.159594 0.354219 0.041615 0.444572 
0.148940 0.367549 0.228727 0.254784 
0.153398 0.386256 0.399308 0.061038 
0.173770 0.292437 0.136951 0.396841 
0.197060 0.345463 0.020907 0.436570 
0.172850 0.366139 0.028092 0.432920 
0.186515 0.368415 0.004699 0.440371 
0.168627 0.364695 0.007137 0.459541 
0.179654 0.402158 0.001609 0.416578 
0.194516 0.402727 0.000428 0.402329 
0.181370 0.436881 0.005004 0.376746 
0.167033 0.421737 0.005038 0.406192 
0.155312 0.450428 0.025820 0.368440 
0.164377 0.441027 0.017783 0.376813 
0.162124 0.505488 0.043389 0.288998 
0.156521 0.464591 0.006820 0.372069 
0.158319 0.435596 0.005107 0.400979 
0.162261 0.438685 0.002425 0.396628 
0.139968 0.441913 0.012758 0.405361 
0.153407 0.453346 0.003079 0.390168 
0.152729 0.468253 0.011511 0.367507 
0.175585 0.517045 0.009333 0.298037 
0.153114 0.420213 0.020284 0.406389 
0.146461 0.373864 0.010448 0.469227 
0.128198 0.348739 0.243452 0.279611 
0.129400 0.320317 0.211752 0.338531 
0.123784 0.341579 0.152883 0.381753 
0.132985 0.323902 0.138604 0.404509 
0.154146 0.348383 0.016431 0.481039 
0.180680 0.374253 0.000660 0.444406 
0.172902 0.431153 0.000887 0.395058 
0.192265 0.459336 0.002087 0.346312 
0.195174 0.484199 0.000386 0.320241 
0.240153 0.480935 0.000038 0.278874 
0.187019 0.530743 0.003155 0.279083 
0.207718 0.507382 0.000368 0.284532 
0.237191 0.536590 0.000123 0.226096 
0.251960 0.484729 0.000021 0.263290 
0.221219 0.530134 0.000626 0.248021 
0.160194 0.453652 0.139912 0.246241 
0.164603 0.483119 0.143872 0.208407 
0.163732 0.166098 0.487461 0.182710 
0.169248 0.103444 0.511129 0.216179 
0.144059 0.261334 0.326732 0.267876 
0.127296 0.228344 0.313117 0.331243 
0.123923 0.276068 0.236233 0.363776 
0.129096 0.321533 0.214014 0.335357 
0.120248 0.259514 0.255226 0.365012 
0.103227 0.289524 0.306599 0.300650 
0.105672 0.305907 0.290388 0.298033 
0.121939 0.354960 0.143713 0.379389 
0.114285 0.261187 0.248497 0.376031 
0.112477 0.271919 0.361102 0.254501 
0.108911 0.265675 0.310609 0.314805 
0.106056 0.300431 0.278917 0.314595 
0.106104 0.316041 0.203450 0.374406 
0.105481 0.245551 0.260796 0.388172 
0.128026 0.444985 0.090677 0.336312 
0.112594 0.274580 0.239646 0.373180 
0.110308 0.249936 0.262047 0.377708 
0.126029 0.260130 0.318225 0.295617 
0.137340 0.466749 0.146997 0.248914 
0.134935 0.408508 0.200116 0.256442 
0.130802 0.316769 0.302137 0.250292 
0.126106 0.283009 0.292251 0.298634 
0.142541 0.277746 0.376364 0.203348 
0.130812 0.167001 0.429862 0.272326 
0.126863 0.419931 0.195789 0.257417 
0.157282 0.599325 0.036497 0.206896 
0.126938 0.277334 0.326945 0.268783 
0.127290 0.330995 0.248363 0.293352 
0.125659 0.307222 0.262409 0.304710 
0.126288 0.272965 0.288972 0.311775 
0.112027 0.281982 0.221862 0.384129 
0.139041 0.394101 0.006680 0.460179 
0.133840 0.466341 0.075294 0.324525 
0.127240 0.299612 0.284655 0.288493 
0.122253 0.365633 0.177613 0.334501 
0.129901 0.271892 0.295660 0.302546 
0.119080 0.227900 0.318017 0.335003 
0.138812 0.093131 0.484983 0.283073 
0.138823 0.133981 0.471708 0.255488 
0.145417 0.501939 0.149570 0.203073 
0.149635 0.158337 0.494215 0.197813 
0.166164 0.030049 0.598157 0.205631 
0.179040 0.100789 0.538676 0.181494 
0.202219 0.527535 0.061127 0.209119 
0.153428 0.075566 0.566347 0.204659 
0.170310 0.014475 0.605118 0.210096 
0.158873 0.414149 0.198792 0.228186 
0.154410 0.494385 0.108263 0.242942 
0.151832 0.195755 0.467658 0.184755 
0.147007 0.231970 0.447779 0.173244 
0.162035 0.538144 0.143549 0.156272 
0.188430 0.609282 0.011590 0.190698 
0.161804 0.533601 0.150358 0.154237 
0.150491 0.349457 0.356999 0.143054 
0.164946 0.513164 0.176031 0.145860 
0.152858 0.471524 0.238814 0.136803 
0.152156 0.432727 0.281109 0.134008 
0.146353 0.339623 0.382740 0.131283 
0.150470 0.256303 0.455094 0.138133 
0.154897 0.477743 0.214317 0.153043 
0.152013 0.491660 0.210069 0.146258 
0.143928 0.355602 0.352542 0.147929 
0.144059 0.322629 0.385621 0.147691 
0.146660 0.250875 0.455811 0.146653 
0.152016 0.339061 0.367924 0.140999 
0.151131 0.322624 0.399689 0.126557 
0.147485 0.368493 0.354291 0.129731 
0.153885 0.395726 0.320735 0.129654 
0.153893 0.388136 0.317646 0.140325 
0.146700 0.327995 0.338197 0.187107 
0.139653 0.337014 0.303407 0.219926 
0.142378 0.256200 0.390854 0.210568 
0.144702 0.271710 0.348064 0.235523 
0.162819 0.467601 0.186589 0.182991 
0.151726 0.388069 0.246710 0.213495 
0.165498 0.478609 0.131307 0.224585 
0.159099 0.381356 0.273247 0.186298 
0.159045 0.240340 0.428668 0.171947 
0.160525 0.174814 0.488270 0.176391 
0.179878 0.070144 0.579362 0.170615 
0.180920 0.122057 0.547752 0.149271 
0.178553 0.434223 0.237055 0.150169 
0.192384 0.101871 0.558953 0.146793 
0.190849 0.298469 0.364996 0.145686 
0.198776 0.185090 0.469050 0.147083 
0.202059 0.534495 0.108135 0.155311 
0.187642 0.461000 0.198535 0.152823 
0.172455 0.394652 0.297568 0.135325 
0.187426 0.491931 0.183770 0.136873 
0.175547 0.373914 0.320941 0.129598 
0.199288 0.586182 0.058965 0.155565 
0.166477 0.215637 0.490879 0.127007 
0.170116 0.226600 0.467912 0.135372 
0.249136 0.554771 0.000856 0.195237 
0.170738 0.111062 0.584291 0.133909 
0.165868 0.092808 0.600472 0.140853 
0.165997 0.195928 0.491318 0.146757 
0.181939 0.298512 0.385074 0.134476 
0.195365 0.207304 0.466976 0.130354 
0.192067 0.174404 0.505925 0.127605 
0.200767 0.185464 0.491484 0.122285 
0.223862 0.177346 0.476559 0.122233 
0.219610 0.150201 0.508033 0.122156 
0.252033 0.216237 0.412286 0.119444 
0.282497 0.153702 0.439981 0.123820 
0.328658 0.323866 0.234314 0.113162 
0.336603 0.067245 0.475991 0.120161 
0.389467 0.066898 0.438196 0.105439 
0.411005 0.059482 0.429834 0.099680 
0.378248 0.179869 0.349619 0.092265 
0.205630 0.366853 0.335274 0.092243 
0.318128 0.245081 0.346958 0.089833 
0.343771 0.197793 0.355163 0.103273 
0.223094 0.302676 0.370404 0.103826 
0.254818 0.277557 0.370608 0.097017 
0.277270 0.228095 0.366420 0.128215 
0.294450 0.207895 0.349441 0.148215 
0.292515 0.233852 0.361423 0.112210 
0.219140 0.372231 0.263438 0.145191 
0.267819 0.323150 0.199749 0.209282 
0.286979 0.244735 0.255505 0.212781 
0.306797 0.223462 0.289495 0.180246 
0.349364 0.088826 0.341003 0.220807 
0.334287 0.032310 0.342399 0.291004 
0.129967 0.284463 0.324083 0.261487 
0.126291 0.292575 0.311803 0.269330 
0.067173 0.315818 0.315999 0.301009 
0.076678 0.316984 0.312134 0.294203 
0.083105 0.305546 0.303110 0.308239 
0.209911 0.209730 0.303197 0.277162 
0.101260 0.315122 0.295011 0.288607 
0.219296 0.233091 0.259006 0.288607 
0.197718 0.262487 0.277680 0.262115 
0.151790 0.297356 0.248595 0.302260 
0.213148 0.238355 0.272767 0.275731 
0.261679 0.242031 0.228234 0.268056 
0.300701 0.200474 0.255906 0.242918 
0.253944 0.228619 0.274660 0.242777 
0.267407 0.200235 0.254784 0.277574 
0.292744 0.208560 0.201101 0.297596 
0.232681 0.236724 0.242753 0.287842 
0.229283 0.277324 0.222595 0.270798 
0.261642 0.235423 0.267496 0.235439 
0.285563 0.289559 0.239557 0.185321 
0.249478 0.241762 0.266975 0.241786 
0.230552 0.252782 0.240583 0.276083 
0.187128 0.293679 0.222929 0.296264 
0.227662 0.288182 0.253568 0.230588 
0.227924 0.288332 0.243338 0.240406 
0.243275 0.261210 0.259642 0.235873 
0.251330 0.235036 0.276800 0.236834 
0.279848 0.253931 0.271075 0.195146 
0.222558 0.283112 0.252538 0.241792 
0.254954 0.278217 0.252843 0.213985 
0.291277 0.260832 0.275887 0.172005 
0.310278 0.283318 0.265445 0.140959 
0.288637 0.280544 0.287762 0.143057 
0.277442 0.310509 0.273728 0.138321 
0.240536 0.230308 0.330026 0.199130 
0.279249 0.046310 0.340426 0.334015 
0.284168 0.193068 0.287307 0.235457 
0.240844 0.256539 0.245186 0.257431 
0.278406 0.200073 0.290392 0.231130 
0.214174 0.187138 0.304821 0.293867 
0.271135 0.129976 0.298510 0.300379 
0.290461 0.108578 0.311695 0.289266 
0.182668 0.241331 0.303125 0.272876 
0.177560 0.255849 0.312417 0.254174 
0.142726 0.276560 0.292658 0.288057 
0.115456 0.295959 0.304341 0.284244 
0.166613 0.291028 0.291066 0.251292 
0.208207 0.220806 0.289734 0.281253 
0.268448 0.169467 0.288166 0.273920 
0.294660 0.299632 0.300245 0.105463 
0.268180 0.217413 0.249862 0.264545 
0.217273 0.264304 0.239049 0.279374 
0.287010 0.238388 0.219568 0.255034 
0.288825 0.220374 0.267531 0.223270 
0.260542 0.250866 0.264427 0.224165 
0.193312 0.292259 0.214959 0.299470 
0.245362 0.270044 0.169871 0.314723 
0.299613 0.300184 0.116727 0.283477 
0.188642 0.236553 0.262690 0.312115 
0.204236 0.274547 0.209834 0.311383 
0.278009 0.290318 0.238722 0.192951 
0.287417 0.175129 0.256041 0.281412 
0.312980 0.154112 0.252822 0.280086 
0.302934 0.150538 0.251028 0.295500 
0.292358 0.258221 0.161941 0.287479 
0.272232 0.167885 0.245330 0.314553 
0.232408 0.233167 0.307475 0.226950 
0.242668 0.208619 0.283805 0.264907 
0.204511 0.155845 0.323249 0.316395 
0.259447 0.104455 0.310445 0.325653 
0.272104 0.235176 0.283467 0.209252 
0.243981 0.217681 0.277921 0.260417 
0.290034 0.163320 0.238668 0.307978 
0.252063 0.210858 0.213704 0.323375 
0.234734 0.228128 0.204769 0.332369 
0.255045 0.317165 0.091080 0.336709 
0.287503 0.131684 0.295958 0.284855 
0.290936 0.147266 0.298375 0.263423 
0.189328 0.261233 0.285877 0.263562 
0.268153 0.192451 0.273089 0.266307 
0.148293 0.292774 0.283395 0.275538 
0.137632 0.295992 0.295829 0.270547 
0.217565 0.185164 0.301937 0.295333 
0.217859 0.184418 0.300700 0.297023 
0.174432 0.233176 0.296075 0.296317 
0.086862 0.302103 0.306338 0.304697 
0.158000 0.291042 0.267785 0.283173 
0.207115 0.256287 0.278965 0.257633 
0.289513 0.212986 0.275922 0.221579 
0.293357 0.295181 0.287193 0.124269 
0.293843 0.309149 0.316398 0.080611 
0.285303 0.212451 0.290938 0.211308 
0.264259 0.266796 0.290192 0.178753 
0.297896 0.290010 0.298181 0.113912 
0.307644 0.079712 0.307064 0.305581 
0.297636 0.156192 0.300285 0.245887 
0.200896 0.244495 0.286736 0.267874 
0.181405 0.261412 0.290267 0.266917 
0.110310 0.301214 0.288435 0.300041 
0.304049 0.298538 0.307103 0.090311 
0.260967 0.311039 0.312322 0.115672 
0.240194 0.336719 0.348322 0.074765 
0.216606 0.250196 0.208637 0.324562 
0.221791 0.189199 0.249954 0.339056 
0.253649 0.195465 0.256649 0.294237 
0.250883 0.314630 0.137275 0.297212 
0.262443 0.110321 0.311292 0.315944 
0.288913 0.196868 0.246306 0.267914 
0.164788 0.292655 0.252698 0.289859 
0.151970 0.258393 0.296446 0.293191 
0.263300 0.238554 0.187375 0.310770 
0.184852 0.285408 0.251970 0.277770 
0.223993 0.288210 0.205149 0.282648 
0.209270 0.270714 0.230649 0.289366 
0.219319 0.291411 0.190791 0.298479 
0.185094 0.293730 0.216984 0.304192 
0.179255 0.302199 0.220991 0.297555 
0.215591 0.307365 0.188570 0.288474 
0.280139 0.255352 0.173574 0.290934 
0.281359 0.212051 0.210536 0.296054 
0.227595 0.274941 0.209397 0.288067 
0.183382 0.299259 0.228536 0.288822 
0.246281 0.303150 0.153755 0.296815 
0.287638 0.276579 0.141956 0.293828 
0.194527 0.261335 0.254616 0.289522 
0.181275 0.264466 0.264708 0.289551 
0.230171 0.208038 0.273595 0.288196 
0.221245 0.223810 0.280207 0.274738 
0.224480 0.231641 0.272952 0.270927 
0.202942 0.271903 0.238630 0.286525 
0.219971 0.290369 0.182694 0.306966 
0.262868 0.284117 0.204417 0.248598 
0.207765 0.224393 0.278011 0.289831 
0.208722 0.208223 0.295995 0.287060 
0.212031 0.279605 0.221530 0.286834 
0.265636 0.186554 0.262519 0.285291 
0.216826 0.215131 0.285626 0.282417 
0.268515 0.182373 0.264561 0.284551 
0.278709 0.165018 0.264682 0.291590 
0.297308 0.137103 0.266926 0.298663 
0.270009 0.163218 0.258181 0.308592 
0.288714 0.256920 0.195622 0.258743 
0.311056 0.293767 0.103993 0.291184 
0.283017 0.254300 0.196646 0.266037 
0.287356 0.186763 0.217126 0.308754 
0.272811 0.205814 0.238153 0.283222 
0.301572 0.248797 0.160860 0.288772 
0.300733 0.206729 0.202999 0.289539 
0.248228 0.248567 0.238480 0.264725 
0.256798 0.233851 0.239179 0.270173 
0.255837 0.253152 0.262417 0.228594 
0.282297 0.254948 0.235122 0.227632 
0.303710 0.271948 0.243596 0.180746 
0.260974 0.281539 0.248338 0.209148 
0.246013 0.276981 0.252408 0.224598 
0.286505 0.213516 0.256937 0.243042 
0.278170 0.307667 0.123241 0.290922 
0.295325 0.273348 0.135368 0.295960 
0.259766 0.316320 0.200371 0.223543 
0.298211 0.289716 0.116050 0.296022 
0.288744 0.245746 0.259014 0.206495 
0.273116 0.259452 0.245757 0.221675 
0.283920 0.304122 0.232857 0.179102 
0.302329 0.294229 0.231704 0.171739 
0.286003 0.227244 0.261689 0.225063 
0.255714 0.315778 0.249591 0.178917 
0.235304 0.263544 0.274063 0.227089 
0.278954 0.241772 0.269490 0.209785 
0.285613 0.252910 0.281983 0.179494 
0.181550 0.245674 0.319724 0.253053 
0.210778 0.338596 0.273430 0.177196 
0.202027 0.343287 0.259336 0.195350 
0.304860 0.314078 0.325926 0.055136 
0.214364 0.233942 0.331251 0.220443 
0.254987 0.282374 0.284029 0.178610 
0.211818 0.289713 0.306580 0.191889 
0.212191 0.285777 0.287308 0.214724 
0.292648 0.220361 0.271216 0.215776 
0.286024 0.204676 0.290607 0.218693 
0.216834 0.270479 0.286646 0.226041 
0.254377 0.257341 0.288949 0.199333 
0.251898 0.228923 0.275476 0.243703 
0.236992 0.245728 0.282149 0.235130 
0.236950 0.293687 0.294179 0.175183 
0.267569 0.231567 0.266582 0.234282 
0.287666 0.273722 0.273708 0.164904 
0.244985 0.229317 0.253634 0.272064 
0.284235 0.224462 0.227079 0.264224 
0.262740 0.236662 0.236585 0.264014 
0.263442 0.256119 0.233532 0.246907 
0.239852 0.282791 0.229058 0.248298 
0.237934 0.288680 0.274262 0.199124 
0.252107 0.224186 0.283493 0.240214 
0.279053 0.192534 0.287511 0.240901 
0.287092 0.156113 0.307941 0.248854 
0.202494 0.225630 0.251948 0.319929 
0.280453 0.248973 0.171558 0.299016 
0.212923 0.281614 0.227581 0.277881 
0.289217 0.252322 0.185179 0.273282 
0.258344 0.287135 0.150722 0.303799 
0.220880 0.296830 0.185100 0.297191 
0.210914 0.297988 0.193133 0.297965 
0.263974 0.295103 0.139557 0.301366 
0.196508 0.297559 0.210098 0.295836 
0.216102 0.268343 0.227613 0.287942 
0.256328 0.217524 0.239179 0.286969 
0.184074 0.281134 0.248591 0.286202 
0.209077 0.284176 0.219051 0.287695 
0.289818 0.206144 0.226321 0.277717 
0.290003 0.213961 0.219548 0.276488 
0.261790 0.236806 0.227129 0.274275 
0.282182 0.208698 0.282405 0.226716 
0.286877 0.192749 0.306700 0.213675 
0.291097 0.235040 0.297095 0.176768 
0.268647 0.244370 0.289492 0.197491 
0.281034 0.230693 0.289525 0.198749 
0.231866 0.243398 0.286951 0.237784 
0.249624 0.229615 0.287895 0.232865 
0.226574 0.264634 0.288436 0.220356 
0.265068 0.213023 0.284666 0.237243 
0.239876 0.218442 0.287339 0.254343 
0.293125 0.180333 0.292115 0.234426 
0.225130 0.258957 0.274185 0.241728 
0.236725 0.227404 0.288136 0.247734 
0.231846 0.230649 0.288379 0.249126 
0.211658 0.289276 0.280275 0.218791 
0.289390 0.265946 0.281022 0.163641 
0.286338 0.263221 0.211722 0.238718 
0.229624 0.287134 0.228523 0.254719 
0.248682 0.245663 0.235124 0.270532 
0.258214 0.218747 0.236657 0.286381 
0.283458 0.265482 0.209526 0.241534 
0.285355 0.216621 0.290498 0.207525 
0.192605 0.282792 0.261034 0.263568 
0.229455 0.201384 0.284229 0.284932 
0.218752 0.217918 0.276710 0.286620 
0.286460 0.136938 0.283053 0.293549 
0.285737 0.128029 0.290965 0.295269 
0.241915 0.211116 0.258127 0.288842 
0.297525 0.183772 0.220652 0.298051 
0.299781 0.273703 0.127631 0.298885 
0.267553 0.341649 0.029936 0.360862 
0.247278 0.205475 0.220144 0.327103 
0.299969 0.210644 0.191467 0.297920 
0.297493 0.189968 0.211132 0.301407 
0.300960 0.214788 0.186217 0.298035 
0.307917 0.225732 0.182475 0.283875 
0.290751 0.219869 0.220291 0.269089 
0.308952 0.184636 0.227535 0.278877 
0.271434 0.196603 0.262540 0.269422 
0.130626 0.324261 0.283976 0.261136 
0.211335 0.279711 0.265881 0.243073 
0.202102 0.319705 0.213987 0.264206 
0.316487 0.299020 0.097257 0.287237 
0.297427 0.317493 0.074948 0.310131 
0.262856 0.179189 0.240239 0.317716 
0.302496 0.182270 0.225018 0.290217 
0.305787 0.243892 0.156064 0.294256 
0.303555 0.180926 0.223705 0.291814 
0.241975 0.288551 0.191673 0.277801 
0.135868 0.292644 0.300614 0.270873 
0.199842 0.270757 0.283629 0.245771 
0.269824 0.184274 0.263375 0.282527 
0.224174 0.291268 0.199203 0.285355 
0.234703 0.265346 0.192364 0.307587 
0.295975 0.293421 0.124135 0.286469 
0.290604 0.243962 0.179025 0.286410 
0.245829 0.237968 0.238410 0.277794 
0.238299 0.245115 0.239052 0.277533 
0.254811 0.235018 0.243971 0.266199 
0.218073 0.215150 0.289722 0.277054 
0.237764 0.190108 0.289328 0.282800 
0.287895 0.132843 0.292970 0.286291 
0.133222 0.292996 0.286810 0.286973 
0.112227 0.291366 0.298919 0.297488 
0.189984 0.252704 0.285703 0.271609 
0.135563 0.327469 0.252283 0.284685 
0.126485 0.367001 0.167465 0.339050 
0.376970 0.367523 0.130521 0.124986 
0.148324 0.339521 0.200465 0.311690 
0.274391 0.193059 0.254712 0.277838 
0.185546 0.255628 0.268747 0.290079 
0.255032 0.276137 0.208938 0.259893 
0.289733 0.270617 0.240789 0.198862 
0.298417 0.294404 0.293955 0.113225 
0.198553 0.289312 0.258072 0.254062 
0.213619 0.288001 0.259118 0.239263 
0.209426 0.270992 0.287399 0.232183 
0.265933 0.287981 0.227049 0.219038 
0.292442 0.289572 0.195760 0.222225 
0.315143 0.274514 0.191425 0.218917 
0.246036 0.277778 0.277051 0.199135 
0.261938 0.256227 0.232191 0.249644 
0.313233 0.225202 0.216405 0.245160 
0.253284 0.188443 0.277587 0.280685 
0.265482 0.174512 0.265089 0.294917 
0.302551 0.170318 0.357414 0.169717 
0.331243 0.188187 0.355463 0.125107 
0.331149 0.171285 0.366048 0.131519 
0.172568 0.160375 0.366715 0.300342 
0.200144 0.182721 0.311263 0.305871 
0.269995 0.193513 0.234646 0.301846 
0.266952 0.192871 0.233324 0.306853 
0.351550 0.189017 0.189286 0.270147 
0.291932 0.152920 0.287485 0.267662 
0.257067 0.139315 0.281290 0.322328 
0.275786 0.146511 0.268134 0.309569 
0.220264 0.153271 0.342527 0.283939 
0.235280 0.146513 0.332717 0.285490 
0.333307 0.158820 0.236682 0.271191 
0.317172 0.157903 0.226604 0.298322 
0.359052 0.163330 0.223886 0.253732 
0.289909 0.167107 0.348924 0.194060 
0.258301 0.156230 0.309151 0.276318 
0.233831 0.174786 0.352685 0.238698 
0.228471 0.162110 0.361900 0.247518 
0.397450 0.145945 0.380837 0.075768 
0.287547 0.140563 0.374252 0.197638 
0.261190 0.148712 0.338567 0.251531 
0.365336 0.151621 0.364539 0.118503 
0.320271 0.156843 0.348297 0.174589 
0.449464 0.174844 0.285478 0.090213 
0.323986 0.190932 0.186621 0.298462 
0.330088 0.169691 0.207091 0.293129 
0.370061 0.192965 0.154364 0.282610 
0.372428 0.177771 0.179129 0.270672 
0.324858 0.156205 0.214148 0.304790 
0.339790 0.196835 0.187578 0.275796 
0.407598 0.186994 0.167256 0.238152 
0.325515 0.171338 0.153525 0.349621 
0.288790 0.188777 0.157464 0.364969 
0.300776 0.224067 0.134471 0.340686 
0.290840 0.245808 0.141464 0.321888 
0.251258 0.234648 0.147431 0.366663 
0.441757 0.203149 0.159343 0.195751 
0.317004 0.204414 0.154812 0.323770 
0.466168 0.208030 0.139258 0.186544 
0.316704 0.199231 0.147736 0.336328 
0.349439 0.214566 0.142583 0.293413 
0.356748 0.187330 0.146315 0.309606 
0.351420 0.195464 0.158158 0.294959 
0.303764 0.227836 0.147322 0.321079 
0.338271 0.234217 0.138280 0.289233 
0.345095 0.283390 0.118023 0.253492 
0.454572 0.292965 0.148673 0.103790 
0.337511 0.222435 0.161877 0.278177 
0.299399 0.213312 0.177056 0.310233 
0.361668 0.221498 0.131091 0.285743 
0.335204 0.233559 0.127626 0.303611 
0.330596 0.266344 0.118609 0.284451 
0.389237 0.257327 0.116329 0.237106 
0.312237 0.285677 0.107904 0.294183 
0.368673 0.317818 0.104285 0.209224 
0.467707 0.373405 0.158348 0.000539 
0.297897 0.272985 0.109666 0.319451 
0.371053 0.265912 0.115376 0.247659 
0.501251 0.314127 0.144453 0.040169 
0.469520 0.303908 0.130301 0.096270 
0.497936 0.361329 0.128580 0.012155 
0.284675 0.305705 0.124652 0.284967 
0.276926 0.324620 0.108379 0.290075 
0.290036 0.320466 0.104732 0.284766 
0.308021 0.288052 0.113678 0.290249 
0.304134 0.270328 0.112767 0.312771 
0.475065 0.315708 0.119151 0.090076 
0.317871 0.301659 0.108921 0.271549 
0.302741 0.239588 0.123386 0.334285 
0.548540 0.241012 0.151352 0.059097 
0.317392 0.222288 0.126192 0.334128 
0.330919 0.209281 0.151864 0.307936 
0.280172 0.198153 0.148318 0.373357 
0.479289 0.196273 0.194837 0.129600 
0.472443 0.166797 0.318574 0.042186 
0.327444 0.121092 0.384798 0.166665 
0.394750 0.095863 0.304743 0.204644 
0.338338 0.084620 0.274750 0.302292 
0.394326 0.087258 0.260115 0.258301 
0.397767 0.088221 0.304292 0.209721 
0.362327 0.094864 0.311175 0.231634 
0.363866 0.109377 0.482843 0.043914 
0.358559 0.096281 0.214952 0.330208 
0.353021 0.083050 0.243842 0.320088 
0.292728 0.080249 0.300922 0.326101 
0.367645 0.099031 0.391751 0.141573 
0.393997 0.087935 0.268163 0.249906 
0.283544 0.087557 0.326163 0.302736 
0.280021 0.088190 0.345179 0.286610 
0.226378 0.106634 0.388756 0.278232 
0.292754 0.096668 0.291476 0.319103 
0.297222 0.095417 0.296016 0.311345 
0.352081 0.102359 0.258447 0.287113 
0.389101 0.099642 0.224388 0.286868 
0.278031 0.096666 0.362036 0.263267 
0.329662 0.106745 0.371850 0.191743 
0.238628 0.115874 0.382300 0.263198 
0.233908 0.096380 0.387272 0.282439 
0.275468 0.095266 0.332990 0.296276 
0.262149 0.089284 0.357354 0.291213 
0.302503 0.083316 0.301709 0.312472 
0.296174 0.078922 0.322054 0.302850 
0.396590 0.084451 0.300435 0.218525 
0.280821 0.105124 0.325596 0.288459 
0.396323 0.092138 0.404268 0.107270 
0.387626 0.085279 0.313362 0.213733 
0.388186 0.083343 0.320620 0.207852 
0.272297 0.080730 0.373359 0.273614 
0.337108 0.081205 0.311928 0.269759 
0.379926 0.082811 0.302417 0.234846 
0.357712 0.080154 0.282312 0.279821 
0.371002 0.080944 0.268650 0.279403 
0.377054 0.083402 0.273255 0.266289 
0.290606 0.081527 0.286146 0.341720 
0.280444 0.080854 0.281782 0.356920 
0.208581 0.092080 0.395597 0.303743 
0.203035 0.085776 0.391585 0.319605 
0.278979 0.084902 0.325384 0.310735 
0.289066 0.104790 0.285971 0.320174 
0.301393 0.104928 0.285892 0.307787 
0.292171 0.125016 0.280007 0.302807 
0.271349 0.134277 0.293896 0.300477 
0.294664 0.137966 0.267022 0.300348 
0.252385 0.138626 0.325347 0.283642 
0.325318 0.132036 0.259093 0.283554 
0.287651 0.173742 0.344451 0.194156 
0.324828 0.149808 0.275061 0.250302 
0.331204 0.164186 0.286741 0.217869 
0.255231 0.175872 0.314437 0.254459 
0.336564 0.156446 0.261376 0.245614 
0.315027 0.167249 0.262945 0.254780 
0.278459 0.159656 0.281583 0.280302 
0.320492 0.197106 0.353869 0.128533 
0.338233 0.189932 0.236007 0.235828 
0.353503 0.163893 0.241989 0.240616 
0.355710 0.183357 0.300486 0.160447 
0.345284 0.207139 0.246409 0.201168 
0.329797 0.225289 0.345287 0.099627 
0.270598 0.203024 0.347469 0.178909 
0.261470 0.207682 0.343361 0.187487 
0.336746 0.223447 0.226137 0.213671 
0.227593 0.201617 0.345799 0.224991 
0.217588 0.213170 0.337097 0.232144 
0.245690 0.250206 0.264207 0.239897 
0.200566 0.281704 0.241606 0.276124 
0.212400 0.285565 0.254967 0.247067 
0.234261 0.282842 0.298964 0.183934 
0.303216 0.254021 0.232462 0.210300 
0.311805 0.280495 0.198613 0.209086 
0.269817 0.261137 0.231105 0.237941 
0.298136 0.288878 0.193839 0.219146 
0.223729 0.266798 0.248586 0.260887 
0.306152 0.290498 0.299035 0.104314 
0.278802 0.313496 0.243715 0.163987 
0.283570 0.307025 0.295342 0.114063 
0.294836 0.303338 0.295016 0.106810 
0.228893 0.288416 0.232307 0.250384 
0.223056 0.282196 0.261228 0.233520 
0.293422 0.211920 0.281423 0.213235 
0.265305 0.239200 0.270909 0.224586 
0.231163 0.260680 0.283406 0.224751 
0.210490 0.288179 0.282918 0.218413 
0.219769 0.288279 0.257126 0.234826 
0.288741 0.290214 0.185370 0.235674 
0.269055 0.288371 0.219921 0.222654 
0.295165 0.296933 0.151463 0.256439 
0.295030 0.295224 0.143400 0.266345 
0.272603 0.291375 0.284810 0.151211 
0.245009 0.335895 0.095762 0.323335 
0.188410 0.290105 0.229842 0.291643 
0.114846 0.297440 0.289403 0.298311 
0.262482 0.269369 0.180151 0.287999 
0.265291 0.283419 0.162881 0.288409 
0.303742 0.287005 0.105019 0.304234 
0.294340 0.201650 0.200183 0.303828 
0.292078 0.201893 0.200738 0.305291 
0.305343 0.036940 0.307518 0.350199 
0.207887 0.056071 0.367014 0.369029 
0.244922 0.340056 0.072767 0.342256 
0.177028 0.141915 0.318468 0.362589 
0.246886 0.123834 0.321007 0.308274 
0.299132 0.119096 0.297990 0.283782 
0.219728 0.238087 0.272096 0.270089 
0.236589 0.290641 0.287372 0.185399 
0.132656 0.246120 0.322084 0.299140 
0.248995 0.265637 0.182347 0.303020 
0.219465 0.273820 0.222223 0.284492 
0.243122 0.248520 0.221625 0.286733 
0.265320 0.225252 0.220382 0.289046 
0.265796 0.142074 0.282618 0.309511 
0.157264 0.252509 0.292953 0.297274 
0.050483 0.334710 0.278664 0.336143 
0.061786 0.313595 0.307755 0.316864 
0.079638 0.264192 0.331427 0.324744 
0.157727 0.290373 0.287709 0.264191 
0.290536 0.120033 0.297366 0.292065 
0.286724 0.160939 0.283906 0.268431 
0.303683 0.137911 0.299212 0.259193 
0.284670 0.161868 0.288128 0.265335 
0.249998 0.178643 0.275491 0.295868 
0.239610 0.186993 0.277438 0.295959 
0.230332 0.263671 0.219369 0.286628 
0.207132 0.294472 0.203883 0.294512 
0.188975 0.274004 0.257432 0.279588 
0.219214 0.290333 0.211096 0.279357 
0.303471 0.289971 0.142466 0.264092 
0.281242 0.293379 0.142103 0.283277 
0.271378 0.259212 0.235103 0.234307 
0.240236 0.306530 0.292366 0.160869 
0.341986 0.225704 0.125478 0.306832 
0.291699 0.273961 0.165270 0.269071 
0.270510 0.238258 0.230274 0.260958 
0.292682 0.285224 0.269901 0.152194 
0.273371 0.272001 0.172196 0.282432 
0.258146 0.222120 0.213793 0.305940 
0.265514 0.223243 0.228928 0.282314 
0.230216 0.254413 0.235673 0.279699 
0.232261 0.250862 0.232490 0.284387 
0.224990 0.263026 0.224263 0.287720 
0.134507 0.295801 0.271713 0.297980 
0.255197 0.230330 0.197029 0.317444 
0.190797 0.283362 0.232681 0.293161 
0.215599 0.240262 0.255451 0.288688 
0.100938 0.293680 0.295951 0.309430 
0.174803 0.270300 0.239012 0.315885 
0.225937 0.267948 0.194881 0.311234 
0.227035 0.273610 0.216849 0.282506 
0.222828 0.260894 0.228921 0.287357 
0.219024 0.278535 0.213018 0.289423 
0.213692 0.282802 0.257707 0.245799 
0.207870 0.290122 0.219075 0.282933 
0.108663 0.251401 0.331635 0.308301 
0.074965 0.302875 0.312464 0.309695 
0.099792 0.299293 0.295687 0.305227 
0.222123 0.204784 0.289246 0.283847 
0.221622 0.271324 0.288852 0.218202 
0.214905 0.241917 0.285403 0.257775 
0.252713 0.218580 0.242752 0.285955 
0.173723 0.287326 0.261693 0.277258 
0.262569 0.177140 0.266233 0.294058 
0.220825 0.225398 0.260882 0.292895 
0.224111 0.220039 0.288077 0.267772 
0.237562 0.206975 0.260759 0.294704 
0.241421 0.228270 0.284726 0.245583 
0.194453 0.248684 0.288264 0.268600 
0.196977 0.279976 0.237638 0.285410 
0.195074 0.243872 0.277495 0.283559 
0.221970 0.206060 0.286486 0.285484 
0.182588 0.279968 0.261448 0.275996 
0.182983 0.290398 0.271127 0.255492 
0.222280 0.268567 0.243094 0.266059 
0.216917 0.250516 0.287719 0.244849 
0.261294 0.263280 0.207222 0.268204 
0.235427 0.274090 0.216396 0.274086 
0.208289 0.286109 0.242472 0.263130 
0.225114 0.263201 0.228333 0.283351 
0.254131 0.252960 0.212288 0.280620 
0.209554 0.218522 0.282387 0.289537 
0.178648 0.265846 0.277592 0.277914 
0.186040 0.281211 0.237749 0.295000 
0.071751 0.199488 0.364054 0.364707 
0.219931 0.262027 0.208796 0.309246 
0.116092 0.293436 0.282528 0.307944 
0.145275 0.275927 0.267388 0.311410 
0.167005 0.241016 0.284126 0.307853 
0.214802 0.194145 0.295754 0.295299 
0.243235 0.180177 0.284829 0.291758 
0.205567 0.208999 0.269933 0.315501 
0.217489 0.211535 0.240892 0.330084 
0.141764 0.306919 0.200546 0.350771 
0.149338 0.320688 0.191793 0.338181 
0.202625 0.257196 0.202885 0.337294 
0.040969 0.338176 0.280236 0.340619 
0.095857 0.283334 0.300105 0.320704 
0.218194 0.334300 0.231674 0.215831 
0.349549 0.324700 0.244154 0.081597 
0.303119 0.243173 0.243976 0.209732 
0.359165 0.315430 0.242401 0.083003 
0.343561 0.263952 0.331758 0.060728 
0.336237 0.324389 0.272291 0.067083 
0.341397 0.259425 0.182395 0.216783 
0.314341 0.219718 0.214621 0.251320 
0.330064 0.274124 0.187582 0.208230 
0.331399 0.275016 0.167468 0.226116 
0.333436 0.305854 0.137321 0.223389 
0.314330 0.330374 0.188970 0.166326 
0.351059 0.226147 0.143495 0.279299 
0.337527 0.354414 0.166255 0.141805 
0.359800 0.348343 0.156280 0.135577 
0.330612 0.247669 0.146409 0.275310 
0.328567 0.328379 0.158154 0.184900 
0.268641 0.353178 0.184142 0.194039 
0.271399 0.309561 0.181820 0.237219 
0.285768 0.269788 0.189409 0.255035 
0.265932 0.243812 0.247100 0.243156 
0.238086 0.252222 0.282084 0.227608 
0.110525 0.297094 0.298853 0.293529 
0.293942 0.100246 0.294562 0.311250 
0.317529 0.072159 0.304521 0.305790 
0.324966 0.081074 0.261697 0.332262 
0.265869 0.203105 0.240181 0.290845 
0.295230 0.256144 0.191997 0.256629 
0.327877 0.291107 0.156469 0.224547 
0.331414 0.245167 0.137709 0.285710 
0.326653 0.198985 0.152755 0.321607 
0.288841 0.297663 0.155540 0.257956 
0.244536 0.346499 0.185730 0.223234 
0.276639 0.289825 0.174959 0.258576 
0.256093 0.292127 0.207084 0.244696 
0.273718 0.251739 0.223137 0.251406 
0.249336 0.223857 0.268211 0.258596 
0.251102 0.227189 0.265583 0.256125 
0.246756 0.223463 0.245376 0.284405 
0.232089 0.237767 0.278350 0.251793 
0.263660 0.240812 0.252571 0.242956 
0.209427 0.247066 0.285569 0.257937 
0.214195 0.270085 0.279978 0.235742 
0.278324 0.240827 0.246797 0.234052 
0.281299 0.241040 0.238759 0.238902 
0.326287 0.233947 0.302964 0.136801 
0.288418 0.221874 0.232126 0.257582 
0.288672 0.252669 0.186110 0.272549 
0.316897 0.160280 0.161185 0.361638 
0.336871 0.072223 0.184996 0.405909 
0.381324 0.137861 0.103746 0.377069 
0.363162 0.168509 0.123818 0.344511 
0.336703 0.157868 0.170272 0.335156 
0.189612 0.216974 0.277307 0.316107 
0.325470 0.214474 0.144576 0.315480 
0.350090 0.136858 0.152023 0.361029 
0.327660 0.241285 0.094615 0.336440 
0.278633 0.305022 0.129106 0.287239 
0.318825 0.318553 0.079453 0.283169 
0.324067 0.325585 0.089298 0.261049 
0.302065 0.324005 0.106528 0.267403 
0.322806 0.297787 0.122930 0.256477 
0.327281 0.202571 0.222405 0.247742 
0.315633 0.245274 0.192183 0.246910 
0.334486 0.314840 0.105461 0.245213 
0.295540 0.200143 0.261844 0.242473 
0.229668 0.184235 0.305918 0.280179 
0.217329 0.188829 0.297353 0.296490 
0.096411 0.304216 0.284518 0.314855 
0.090913 0.301843 0.292426 0.314818 
0.114562 0.281861 0.274373 0.329204 
0.179883 0.217290 0.339873 0.262955 
0.048089 0.289067 0.325647 0.337196 
0.135718 0.320740 0.269002 0.274540 
0.112496 0.269361 0.304763 0.313380 
0.081837 0.326699 0.248101 0.343363 
0.055504 0.254039 0.273340 0.417117 
0.033890 0.178522 0.400201 0.387387 
0.035604 0.162291 0.430868 0.371237 
0.117488 0.178923 0.361637 0.341952 
0.010610 0.180495 0.461788 0.347106 
0.001086 0.246993 0.420393 0.331529 
0.000448 0.325593 0.353454 0.320505 
0.004452 0.381515 0.340939 0.273094 
0.004282 0.364313 0.356928 0.274476 
0.165322 0.287382 0.310961 0.236334 
0.310039 0.314755 0.136280 0.238925 
0.232186 0.310557 0.231715 0.225542 
0.242698 0.179774 0.320808 0.256720 
0.172924 0.282072 0.274825 0.270178 
0.016390 0.333493 0.306645 0.343472 
0.012018 0.334353 0.349201 0.304429 
0.021347 0.357069 0.321311 0.300273 
0.044337 0.343901 0.322474 0.289289 
0.007952 0.304046 0.295101 0.392901 
0.011331 0.232448 0.320406 0.435816 
0.020935 0.266277 0.304892 0.407896 
0.020259 0.258682 0.298330 0.422730 
0.009568 0.257965 0.254313 0.478153 
