0.289697 0.244150 0.233396 0.232757 
0.409189 0.185382 0.216351 0.189078 
0.302948 0.172798 0.269728 0.254526 
0.697181 0.062841 0.171199 0.068779 
0.167522 0.122928 0.195944 0.513606 
0.119935 0.119972 0.277056 0.483038 
0.080194 0.062428 0.529974 0.327404 
0.020392 0.011981 0.128188 0.839439 
0.019780 0.001302 0.021045 0.957873 
0.037732 0.000225 0.004297 0.957747 
0.974075 0.000007 0.000695 0.025223 
0.950070 0.000015 0.000549 0.049367 
0.968034 0.000153 0.016823 0.014990 
0.985158 0.000003 0.000187 0.014652 
0.884376 0.000008 0.000615 0.115001 
0.984771 0.000000 0.000005 0.015224 
0.996035 0.000000 0.000063 0.003901 
0.993944 0.000000 0.000058 0.005998 
0.999130 0.000000 0.000000 0.000870 
0.990453 0.000000 0.000000 0.009547 
0.997861 0.000000 0.000000 0.002139 
0.749493 0.000000 0.000001 0.250506 
0.993587 0.000000 0.000000 0.006413 
0.978779 0.000000 0.000001 0.021220 
0.982888 0.000000 0.000000 0.017111 
0.939519 0.000000 0.000000 0.060481 
0.991508 0.000000 0.000002 0.008490 
0.007273 0.000000 0.000004 0.992724 
0.999958 0.000000 0.000000 0.000042 
0.999926 0.000000 0.000000 0.000074 
0.967382 0.000000 0.000000 0.032618 
0.360178 0.000000 0.000000 0.639822 
0.968010 0.000000 0.000000 0.031990 
0.999614 0.000000 0.000000 0.000386 
0.996940 0.000000 0.000000 0.003060 
0.999138 0.000000 0.000000 0.000862 
0.999859 0.000000 0.000000 0.000141 
0.999982 0.000000 0.000000 0.000018 
0.999878 0.000000 0.000000 0.000122 
0.998411 0.000000 0.000000 0.001589 
0.994685 0.000000 0.000000 0.005315 
0.995477 0.000000 0.000000 0.004523 
0.983756 0.000000 0.000000 0.016244 
0.052083 0.000000 0.000000 0.947917 
0.873432 0.000000 0.000000 0.126568 
0.048127 0.000000 0.000000 0.951873 
0.285645 0.000000 0.000000 0.714355 
0.497548 0.000000 0.000000 0.502452 
0.067799 0.000000 0.000000 0.932201 
0.689767 0.000000 0.000000 0.310233 
0.859016 0.000000 0.000000 0.140984 
0.247215 0.000000 0.000000 0.752785 
0.329864 0.000000 0.000000 0.670136 
0.224753 0.000000 0.000000 0.775247 
0.715290 0.000000 0.000000 0.284710 
0.850958 0.000000 0.000000 0.149042 
0.621264 0.000000 0.000000 0.378736 
0.808503 0.000000 0.000000 0.191497 
0.532765 0.000000 0.000000 0.467235 
0.069328 0.000000 0.000000 0.930672 
0.788128 0.000000 0.000000 0.211872 
0.981445 0.000000 0.000000 0.018555 
0.771645 0.000000 0.000000 0.228355 
0.184925 0.000000 0.000000 0.815075 
0.697084 0.000000 0.000000 0.302916 
0.464163 0.000000 0.000000 0.535837 
0.511771 0.000000 0.000000 0.488229 
0.685559 0.000000 0.000000 0.314441 
0.974057 0.000000 0.000000 0.025943 
0.794046 0.000000 0.000000 0.205954 
0.937830 0.000000 0.000000 0.062170 
0.924727 0.000000 0.000000 0.075273 
0.027383 0.000000 0.000000 0.972617 
0.041180 0.000000 0.000000 0.958820 
0.404866 0.000000 0.000000 0.595134 
0.603060 0.000000 0.000000 0.396940 
0.680066 0.000000 0.000000 0.319934 
0.968504 0.000000 0.000000 0.031496 
0.984559 0.000002 0.000003 0.015436 
0.999837 0.000000 0.000000 0.000163 
0.856192 0.000000 0.000000 0.143808 
0.495478 0.000000 0.000000 0.504522 
0.522459 0.000000 0.000000 0.477541 
0.192361 0.000000 0.000000 0.807639 
0.292883 0.000000 0.000000 0.707117 
0.315789 0.000000 0.000000 0.684211 
0.478413 0.000000 0.000000 0.521587 
0.489024 0.000000 0.000000 0.510976 
0.728127 0.000000 0.000000 0.271873 
0.967369 0.000000 0.000000 0.032631 
0.993942 0.000000 0.000000 0.006058 
1.000000 0.000000 0.000000 0.000000 
0.999956 0.000000 0.000000 0.000043 
0.999250 0.000000 0.000000 0.000750 
0.999912 0.000000 0.000000 0.000088 
0.999998 0.000000 0.000000 0.000002 
0.999989 0.000000 0.000000 0.000011 
0.999938 0.000000 0.000000 0.000062 
1.000000 0.000000 0.000000 0.000000 
1.000000 0.000000 0.000000 0.000000 
0.999999 0.000000 0.000000 0.000001 
1.000000 0.000000 0.000000 0.000000 
0.999982 0.000000 0.000000 0.000018 
0.991345 0.000000 0.000000 0.008655 
0.999997 0.000000 0.000000 0.000003 
1.000000 0.000000 0.000000 0.000000 
0.999993 0.000000 0.000000 0.000007 
0.979032 0.000000 0.000000 0.020968 
0.818629 0.000005 0.000002 0.181365 
0.000095 0.000000 0.000000 0.999905 
0.000023 0.000000 0.000000 0.999977 
0.000412 0.000000 0.000000 0.999588 
0.000259 0.000000 0.000000 0.999741 
0.000005 0.000000 0.000000 0.999995 
0.000010 0.000000 0.000000 0.999990 
0.000065 0.000000 0.000000 0.999935 
0.009671 0.000000 0.000000 0.990329 
0.009662 0.000000 0.000000 0.990338 
0.000222 0.000000 0.000000 0.999778 
0.000999 0.000000 0.000000 0.999001 
0.008698 0.000000 0.000000 0.991302 
0.013740 0.000000 0.000000 0.986260 
0.004109 0.000000 0.000000 0.995891 
0.003399 0.000000 0.000000 0.996601 
0.136969 0.000000 0.000000 0.863031 
0.415738 0.000000 0.000000 0.584262 
0.000302 0.000000 0.000000 0.999698 
0.001671 0.000000 0.000000 0.998329 
0.302679 0.000000 0.000000 0.697321 
0.049785 0.000000 0.000000 0.950215 
0.006973 0.000000 0.000000 0.993027 
0.000907 0.000000 0.000000 0.999093 
0.016108 0.000000 0.000000 0.983892 
0.000813 0.000000 0.000000 0.999187 
0.000254 0.000000 0.000000 0.999746 
0.000045 0.000000 0.000000 0.999955 
0.007746 0.000000 0.000000 0.992254 
0.151771 0.000000 0.000000 0.848229 
0.046438 0.000000 0.000000 0.953562 
0.340614 0.000000 0.000000 0.659386 
0.367781 0.000000 0.000000 0.632218 
0.000973 0.000000 0.000000 0.999027 
0.000199 0.000000 0.000000 0.999801 
0.000221 0.000000 0.000000 0.999779 
0.000004 0.000000 0.000000 0.999996 
0.000000 0.000000 0.000000 1.000000 
0.000000 0.000000 0.000000 1.000000 
0.000000 0.000000 0.000000 1.000000 
0.000000 0.000000 0.000000 1.000000 
0.000000 0.000000 0.000000 1.000000 
0.000000 0.000000 0.000000 1.000000 
0.000000 0.000000 0.000000 1.000000 
0.000000 0.000000 0.000000 1.000000 
0.000000 0.000000 0.000000 1.000000 
0.000000 0.000000 0.000000 1.000000 
0.000000 0.000000 0.000000 1.000000 
0.000000 0.000000 0.000000 1.000000 
0.000000 0.000000 0.000000 1.000000 
0.000000 0.000000 0.000000 1.000000 
0.000000 0.000000 0.000000 1.000000 
0.000000 0.000000 0.000000 1.000000 
0.000000 0.000000 0.000000 1.000000 
0.000000 0.000000 0.000000 1.000000 
0.000000 0.000000 0.000000 1.000000 
0.000000 0.000000 0.000000 1.000000 
0.000000 0.000000 0.000000 1.000000 
0.000000 0.000000 0.000000 1.000000 
0.000000 0.000000 0.000000 1.000000 
0.000000 0.000000 0.000000 1.000000 
0.000000 0.000000 0.000000 1.000000 
0.000000 0.000000 0.000000 1.000000 
0.000000 0.000000 0.000000 1.000000 
0.000000 0.000000 0.000000 1.000000 
0.000000 0.000000 0.000000 1.000000 
0.000000 0.000000 0.000000 1.000000 
0.000000 0.000000 0.000000 1.000000 
0.000000 0.000000 0.000029 0.999971 
0.000000 0.000000 0.000000 1.000000 
0.000000 0.000000 0.000000 1.000000 
0.000000 0.000000 0.000000 1.000000 
0.000000 0.000000 0.000000 1.000000 
0.000000 0.000000 0.000000 1.000000 
0.000000 0.000000 0.000000 1.000000 
0.000000 0.000000 0.000000 1.000000 
0.000000 0.000000 0.000000 1.000000 
0.000000 0.000000 0.000000 1.000000 
0.000000 0.000000 0.000000 1.000000 
0.000000 0.000000 0.000000 1.000000 
0.000000 0.000000 0.000001 0.999999 
0.000000 0.000000 0.000000 1.000000 
0.000000 0.000000 0.000000 1.000000 
0.000000 0.000000 0.000000 1.000000 
0.000000 0.000000 0.000000 1.000000 
0.000000 0.000000 0.000000 1.000000 
0.000000 0.000000 0.000000 1.000000 
0.000000 0.000000 0.000000 1.000000 
0.000001 0.000000 0.000000 0.999999 
0.000006 0.000000 0.000000 0.999994 
0.000165 0.000000 0.000000 0.999835 
0.006942 0.000000 0.000000 0.993058 
0.013167 0.000000 0.000000 0.986833 
0.007726 0.000000 0.000000 0.992274 
0.009509 0.000000 0.000000 0.990491 
0.074352 0.000000 0.000000 0.925648 
0.101008 0.000000 0.000000 0.898992 
0.045778 0.000000 0.000000 0.954222 
0.044943 0.000000 0.000000 0.955057 
0.133825 0.000003 0.000000 0.866172 
0.040807 0.000001 0.000000 0.959193 
0.099949 0.000000 0.000000 0.900051 
0.069271 0.000009 0.000000 0.930720 
0.205136 0.000009 0.000000 0.794855 
0.279155 0.000094 0.000000 0.720751 
0.355180 0.000081 0.000000 0.644739 
0.470758 0.000000 0.000000 0.529241 
0.631016 0.000001 0.000000 0.368983 
0.825923 0.000000 0.000000 0.174077 
0.412168 0.000000 0.000000 0.587832 
0.512320 0.000000 0.000000 0.487680 
0.358483 0.000006 0.000000 0.641511 
0.587826 0.000000 0.000000 0.412174 
0.456677 0.000007 0.000000 0.543315 
0.953605 0.000072 0.000000 0.046323 
0.980099 0.001362 0.000000 0.018539 
0.986108 0.011311 0.000000 0.002581 
0.905553 0.015657 0.000000 0.078790 
0.940257 0.033273 0.000000 0.026470 
0.996703 0.001623 0.000000 0.001674 
0.997922 0.001787 0.000000 0.000291 
0.998898 0.000491 0.000000 0.000611 
0.926976 0.072959 0.000000 0.000065 
0.714170 0.279209 0.000000 0.006622 
0.734061 0.264081 0.000000 0.001857 
0.746401 0.243628 0.000000 0.009971 
0.734466 0.252291 0.000000 0.013243 
0.452678 0.546922 0.000000 0.000400 
0.709946 0.289806 0.000000 0.000249 
0.631966 0.367974 0.000000 0.000060 
0.666259 0.333729 0.000000 0.000013 
0.948821 0.051078 0.000000 0.000101 
0.999912 0.000000 0.000000 0.000088 
0.938292 0.000331 0.000000 0.061377 
0.962667 0.000000 0.000000 0.037332 
0.990550 0.005407 0.000000 0.004043 
0.862593 0.000066 0.000000 0.137341 
0.553492 0.001014 0.000000 0.445493 
0.972777 0.002716 0.000000 0.024507 
0.996656 0.000579 0.000000 0.002765 
0.994472 0.005465 0.000000 0.000063 
0.996851 0.000602 0.000000 0.002546 
0.999663 0.000336 0.000000 0.000001 
0.998113 0.000000 0.000000 0.001887 
0.848422 0.000000 0.000000 0.151578 
0.432099 0.000000 0.000000 0.567901 
0.987914 0.000000 0.000000 0.012086 
0.649003 0.000000 0.000000 0.350997 
0.535552 0.000000 0.000000 0.464448 
0.975011 0.000000 0.000000 0.024989 
0.711030 0.000000 0.000000 0.288970 
0.474819 0.000000 0.000000 0.525181 
0.325503 0.000000 0.000000 0.674497 
0.381469 0.000000 0.000000 0.618531 
0.611480 0.000000 0.000000 0.388520 
0.870657 0.000000 0.000000 0.129343 
0.791011 0.000000 0.000000 0.208989 
0.737997 0.000000 0.000000 0.262003 
0.439435 0.000000 0.000000 0.560565 
0.570876 0.000001 0.000000 0.429123 
0.533623 0.000004 0.000000 0.466374 
0.418557 0.000243 0.000000 0.581200 
0.649434 0.000051 0.000000 0.350515 
0.512378 0.005307 0.000000 0.482315 
0.454659 0.059731 0.000000 0.485610 
0.319534 0.001291 0.000000 0.679175 
0.152316 0.000332 0.000000 0.847352 
0.739069 0.124810 0.000000 0.136120 
0.557288 0.001333 0.000000 0.441379 
0.962411 0.012697 0.000000 0.024893 
0.908859 0.091141 0.000000 0.000000 
0.820981 0.179019 0.000000 0.000000 
0.512516 0.487483 0.000000 0.000001 
0.822683 0.177308 0.000000 0.000009 
0.700874 0.192953 0.000000 0.106174 
0.692244 0.304285 0.000000 0.003472 
0.565057 0.089325 0.000000 0.345618 
0.293807 0.222332 0.000000 0.483861 
0.080068 0.132271 0.000000 0.787661 
0.128377 0.047254 0.000000 0.824368 
0.058794 0.016541 0.000000 0.924665 
0.099499 0.060819 0.000000 0.839682 
0.156474 0.605011 0.000000 0.238514 
0.037637 0.778618 0.000000 0.183745 
0.036892 0.948992 0.000000 0.014116 
0.030719 0.745405 0.000000 0.223876 
0.020235 0.034645 0.000000 0.945120 
0.203648 0.000056 0.000000 0.796296 
0.173303 0.002402 0.000000 0.824295 
0.169568 0.000261 0.000000 0.830171 
0.891357 0.038159 0.000000 0.070483 
0.482084 0.486583 0.000000 0.031333 
0.259976 0.517451 0.000000 0.222572 
0.177466 0.395796 0.000000 0.426738 
0.327560 0.100251 0.000000 0.572189 
0.345534 0.000196 0.000000 0.654270 
0.246997 0.332460 0.000000 0.420543 
0.286119 0.519208 0.000000 0.194673 
0.419604 0.579432 0.000000 0.000964 
0.367148 0.602858 0.000000 0.029993 
0.304200 0.517118 0.000000 0.178682 
0.345971 0.097520 0.000000 0.556509 
0.577257 0.009288 0.000000 0.413455 
0.931361 0.036147 0.000000 0.032492 
0.960408 0.028071 0.000000 0.011520 
0.998814 0.000604 0.000000 0.000582 
0.998803 0.001116 0.000000 0.000081 
0.998161 0.001225 0.000000 0.000614 
0.999647 0.000080 0.000000 0.000273 
0.999478 0.000432 0.000001 0.000089 
0.996032 0.000217 0.000000 0.003751 
0.999849 0.000096 0.000000 0.000055 
0.999801 0.000172 0.000001 0.000026 
0.999007 0.000990 0.000003 0.000000 
0.995386 0.004610 0.000004 0.000000 
0.998239 0.001614 0.000147 0.000000 
0.994071 0.005459 0.000469 0.000000 
0.999296 0.000005 0.000697 0.000002 
0.995262 0.002749 0.001987 0.000002 
0.944987 0.049796 0.005217 0.000000 
0.980049 0.002304 0.017648 0.000000 
0.995323 0.000140 0.004537 0.000000 
0.997576 0.000084 0.002340 0.000001 
0.999047 0.000044 0.000905 0.000004 
0.998713 0.000002 0.001284 0.000000 
0.997616 0.000018 0.002361 0.000004 
0.992648 0.006177 0.001088 0.000087 
0.980540 0.012513 0.006807 0.000139 
0.667316 0.326427 0.006151 0.000105 
0.915431 0.056141 0.023774 0.004654 
0.943956 0.034207 0.019888 0.001949 
0.853195 0.128628 0.016646 0.001531 
0.506658 0.470447 0.022865 0.000029 
0.541971 0.315904 0.141947 0.000178 
0.508895 0.148490 0.342518 0.000097 
0.515645 0.222311 0.260212 0.001832 
0.772350 0.080837 0.077563 0.069250 
0.612544 0.185646 0.064306 0.137504 
0.891895 0.013853 0.072794 0.021459 
0.840842 0.005006 0.111364 0.042788 
0.657877 0.015872 0.250266 0.075985 
0.156842 0.256996 0.210972 0.375190 
0.262501 0.456048 0.256748 0.024703 
0.162358 0.247073 0.577267 0.013302 
0.231450 0.023023 0.484577 0.260950 
0.421311 0.010464 0.568224 0.000001 
0.274578 0.048343 0.421068 0.256011 
0.204795 0.277970 0.252639 0.264596 
0.336198 0.081633 0.327260 0.254909 
0.301699 0.208485 0.257223 0.232593 
0.332323 0.333139 0.206762 0.127777 
0.227881 0.264802 0.268419 0.238897 
0.241311 0.261025 0.266905 0.230759 
0.278253 0.160753 0.282275 0.278719 
0.301035 0.209437 0.229607 0.259922 
0.347460 0.337926 0.114844 0.199769 
0.340352 0.421584 0.001429 0.236635 
0.453892 0.412127 0.128905 0.005077 
0.325617 0.280561 0.277234 0.116588 
0.326937 0.341340 0.242271 0.089452 
0.273530 0.174946 0.257929 0.293596 
0.364098 0.029083 0.381124 0.225696 
0.327024 0.001723 0.337722 0.333531 
0.390264 0.001033 0.362921 0.245782 
0.592746 0.000727 0.182477 0.224050 
0.612430 0.000094 0.321434 0.066042 
0.445596 0.000032 0.398936 0.155435 
0.379819 0.000036 0.366301 0.253844 
0.518912 0.000002 0.455798 0.025288 
0.548083 0.000004 0.247613 0.204300 
0.587443 0.000003 0.411186 0.001367 
0.557515 0.001315 0.438769 0.002402 
0.459017 0.000010 0.539576 0.001397 
0.650822 0.000652 0.348432 0.000094 
0.483463 0.000084 0.514384 0.002069 
0.463232 0.000097 0.438400 0.098271 
0.334441 0.000134 0.310159 0.355266 
0.330586 0.003115 0.351452 0.314846 
0.400263 0.032070 0.184178 0.383489 
0.498672 0.013687 0.095148 0.392493 
0.856715 0.009114 0.068549 0.065622 
0.858536 0.000250 0.010933 0.130281 
0.697540 0.000428 0.000079 0.301953 
0.484394 0.038558 0.000027 0.477020 
0.602864 0.042385 0.000000 0.354751 
0.873193 0.006670 0.000000 0.120137 
0.950243 0.000397 0.000001 0.049359 
0.949565 0.015609 0.000309 0.034517 
0.799156 0.159243 0.007315 0.034286 
0.919885 0.015139 0.009969 0.055008 
0.805049 0.003265 0.156685 0.035000 
0.826727 0.077347 0.080962 0.014964 
0.644734 0.106760 0.208906 0.039600 
0.686953 0.195544 0.000032 0.117471 
0.392480 0.289592 0.075921 0.242006 
0.256991 0.270948 0.139724 0.332338 
0.315524 0.314488 0.038836 0.331152 
0.308441 0.131398 0.155260 0.404901 
0.294449 0.003986 0.369322 0.332244 
0.304414 0.006530 0.232495 0.456561 
0.431199 0.000919 0.028818 0.539064 
0.204356 0.008257 0.371839 0.415547 
0.187288 0.000285 0.527205 0.285222 
0.335068 0.000012 0.502431 0.162490 
0.360851 0.000002 0.552454 0.086693 
0.398464 0.000033 0.330495 0.271008 
0.362968 0.000523 0.094836 0.541673 
0.387148 0.000057 0.017377 0.595418 
0.199921 0.003768 0.282078 0.514233 
0.159122 0.227246 0.333737 0.279895 
0.143691 0.362774 0.210804 0.282731 
0.180533 0.399984 0.232658 0.186825 
0.191935 0.302173 0.342313 0.163580 
0.055391 0.433633 0.433018 0.077958 
0.028220 0.322975 0.541339 0.107466 
0.046127 0.152471 0.333331 0.468071 
0.065563 0.258494 0.507709 0.168234 
0.029375 0.415163 0.363328 0.192135 
0.029452 0.458379 0.193469 0.318700 
0.072242 0.025384 0.605067 0.297307 
0.032171 0.218025 0.433395 0.316409 
0.014904 0.344746 0.295508 0.344841 
0.019558 0.299802 0.397313 0.283327 
0.030593 0.364708 0.348724 0.255975 
0.077510 0.452791 0.254326 0.215373 
0.146714 0.508334 0.082948 0.262004 
0.413447 0.110691 0.196216 0.279646 
0.578660 0.001645 0.280793 0.138902 
0.734978 0.007303 0.244215 0.013505 
0.332745 0.179709 0.487024 0.000522 
0.462550 0.023615 0.512745 0.001090 
0.701793 0.016810 0.277594 0.003802 
0.315164 0.238938 0.445418 0.000481 
0.241979 0.371863 0.383917 0.002241 
0.585303 0.073459 0.315020 0.026217 
0.434111 0.403374 0.156281 0.006233 
0.405608 0.412163 0.167401 0.014828 
0.396813 0.420524 0.165672 0.016991 
0.302725 0.355191 0.322416 0.019668 
0.316504 0.243563 0.407462 0.032470 
0.523866 0.055273 0.415501 0.005360 
0.414162 0.000042 0.582938 0.002858 
0.373529 0.000062 0.625606 0.000803 
0.514633 0.000000 0.467361 0.018006 
0.269966 0.000002 0.589539 0.140493 
0.561238 0.000065 0.287730 0.150968 
0.241357 0.055165 0.347923 0.355555 
0.183645 0.281269 0.258222 0.276864 
0.314551 0.239074 0.026355 0.420020 
0.270912 0.520522 0.017512 0.191053 
0.341814 0.476810 0.002312 0.179064 
0.403066 0.410360 0.008715 0.177859 
0.512170 0.084499 0.134115 0.269216 
0.313060 0.338918 0.159809 0.188213 
0.375921 0.277130 0.028108 0.318841 
0.430678 0.036204 0.186670 0.346448 
0.489685 0.025991 0.229162 0.255162 
0.307573 0.130579 0.351044 0.210804 
0.352917 0.236751 0.016129 0.394202 
0.277955 0.174016 0.285242 0.262788 
0.310667 0.247231 0.320775 0.121327 
0.508514 0.015549 0.387664 0.088273 
0.331465 0.000011 0.599124 0.069400 
0.269066 0.000755 0.701284 0.028894 
0.246614 0.337838 0.100784 0.314765 
0.181175 0.334524 0.049494 0.434806 
0.296816 0.005164 0.000665 0.697355 
0.305730 0.341535 0.000048 0.352687 
0.252714 0.380537 0.000009 0.366739 
0.411777 0.167388 0.000000 0.420835 
0.274571 0.362376 0.000034 0.363019 
0.317424 0.320572 0.000014 0.361990 
0.379153 0.338457 0.000010 0.282380 
0.476271 0.040812 0.000002 0.482915 
0.494540 0.006613 0.000000 0.498847 
0.450011 0.088942 0.000000 0.461046 
0.503606 0.003080 0.000000 0.493315 
0.355064 0.304089 0.000000 0.340847 
0.355689 0.360504 0.000000 0.283807 
0.333175 0.326171 0.000000 0.340654 
0.336685 0.332705 0.000000 0.330610 
0.522206 0.318658 0.000000 0.159136 
0.462593 0.475292 0.000000 0.062116 
0.455181 0.477680 0.000000 0.067139 
0.445268 0.454992 0.000000 0.099740 
0.469806 0.343784 0.000000 0.186411 
0.501008 0.495875 0.000000 0.003117 
0.490348 0.390438 0.000000 0.119214 
0.480404 0.474036 0.000000 0.045561 
0.491068 0.256104 0.000000 0.252828 
0.472877 0.346773 0.000000 0.180350 
0.457468 0.062324 0.000000 0.480208 
0.325883 0.001143 0.336535 0.336439 
0.381366 0.022612 0.205682 0.390340 
0.245712 0.262353 0.228758 0.263176 
0.174096 0.147822 0.341954 0.336127 
0.101457 0.260602 0.161274 0.476668 
0.329644 0.169263 0.257585 0.243508 
0.494503 0.211660 0.003767 0.290070 
0.405472 0.290316 0.002961 0.301251 
0.189793 0.359547 0.219485 0.231175 
0.164457 0.409550 0.005059 0.420934 
0.033581 0.316308 0.359520 0.290591 
0.040379 0.068795 0.361799 0.529028 
0.089916 0.418318 0.015619 0.476147 
0.060170 0.310591 0.061905 0.567334 
0.031875 0.000007 0.093475 0.874644 
0.058733 0.000000 0.069782 0.871484 
0.121844 0.001197 0.382861 0.494098 
0.237906 0.197977 0.226867 0.337250 
0.337223 0.379953 0.033527 0.249296 
0.259143 0.273066 0.277659 0.190132 
0.208620 0.295869 0.253201 0.242310 
0.274333 0.230484 0.294366 0.200817 
0.458608 0.021111 0.197752 0.322528 
0.345711 0.177145 0.247589 0.229554 
0.339711 0.310707 0.043838 0.305745 
0.320682 0.122515 0.241026 0.315777 
0.341987 0.262723 0.037513 0.357777 
0.160673 0.442921 0.037637 0.358768 
0.017246 0.397601 0.245875 0.339278 
0.041342 0.143999 0.464145 0.350513 
0.012965 0.416557 0.251687 0.318791 
0.032571 0.264988 0.365603 0.336838 
0.005564 0.375369 0.245292 0.373775 
0.001991 0.190676 0.297548 0.509784 
0.038496 0.339462 0.279974 0.342068 
0.070507 0.178782 0.382885 0.367826 
0.045239 0.326535 0.193061 0.435165 
0.016744 0.129846 0.173863 0.679547 
0.117586 0.004495 0.051464 0.826455 
0.005705 0.000003 0.481755 0.512538 
0.002142 0.061243 0.393772 0.542843 
0.000084 0.389431 0.136183 0.474302 
0.000211 0.010152 0.459247 0.530390 
0.000001 0.269709 0.071528 0.658762 
0.003111 0.380963 0.079358 0.536568 
0.002634 0.001558 0.460202 0.535606 
0.004487 0.111417 0.296464 0.587632 
0.000067 0.465559 0.256653 0.277721 
0.002406 0.586786 0.091732 0.319075 
0.000639 0.361245 0.230850 0.407266 
0.002735 0.433127 0.022513 0.541626 
0.003613 0.241135 0.083953 0.671298 
0.009113 0.176935 0.421811 0.392140 
0.000129 0.645525 0.193289 0.161057 
0.000427 0.561684 0.220532 0.217357 
0.122709 0.006067 0.644524 0.226700 
0.108825 0.025856 0.448512 0.416806 
0.008302 0.172602 0.593696 0.225400 
0.090786 0.296804 0.391897 0.220513 
0.416024 0.335809 0.101556 0.146612 
0.787993 0.002456 0.061031 0.148520 
0.874755 0.000106 0.023026 0.102113 
0.796714 0.000253 0.092414 0.110618 
0.714818 0.000018 0.234943 0.050221 
0.410567 0.000561 0.553193 0.035679 
0.638422 0.156420 0.149746 0.055411 
0.417056 0.165017 0.403348 0.014580 
0.384400 0.221769 0.381562 0.012269 
0.336406 0.287584 0.347608 0.028402 
0.240740 0.368175 0.353767 0.037319 
0.341434 0.373722 0.220856 0.063989 
0.256533 0.364644 0.328564 0.050259 
0.179833 0.357746 0.360083 0.102338 
0.101947 0.318086 0.411500 0.168467 
0.290124 0.234666 0.348508 0.126701 
0.147742 0.181536 0.343617 0.327105 
0.222675 0.559561 0.084203 0.133561 
0.123764 0.759306 0.081146 0.035784 
0.387673 0.514841 0.066592 0.030894 
0.289587 0.326504 0.366135 0.017774 
0.295878 0.328543 0.356338 0.019241 
0.424369 0.468984 0.044174 0.062473 
0.462835 0.461588 0.019032 0.056545 
0.445743 0.451311 0.044812 0.058133 
0.351487 0.451497 0.158837 0.038179 
0.423833 0.156076 0.253485 0.166605 
0.698737 0.195922 0.011129 0.094212 
0.510375 0.199768 0.166352 0.123505 
0.381628 0.169180 0.379819 0.069373 
0.467919 0.009509 0.446269 0.076303 
0.422518 0.100574 0.425015 0.051893 
0.291867 0.293492 0.350962 0.063679 
0.351503 0.171079 0.430760 0.046658 
0.551347 0.065609 0.322525 0.060519 
0.478600 0.156872 0.278292 0.086236 
0.290940 0.293584 0.328335 0.087141 
0.280690 0.393203 0.243331 0.082777 
0.572799 0.143389 0.186029 0.097782 
0.154727 0.295954 0.468490 0.080830 
0.175014 0.385318 0.375710 0.063957 
0.083842 0.656243 0.203995 0.055920 
0.042805 0.327866 0.564253 0.065076 
0.116323 0.210492 0.444257 0.228928 
0.459687 0.087992 0.202953 0.249368 
0.111498 0.127523 0.671572 0.089407 
0.068535 0.168421 0.660204 0.102839 
0.358360 0.007848 0.561012 0.072781 
0.761561 0.001864 0.032430 0.204146 
0.249954 0.013016 0.540377 0.196652 
0.212783 0.171915 0.513150 0.102152 
0.305246 0.139679 0.124697 0.430378 
0.003678 0.687850 0.018374 0.290097 
0.000002 0.174013 0.603414 0.222571 
0.003202 0.416669 0.212862 0.367267 
0.014669 0.217495 0.538643 0.229192 
0.167429 0.020164 0.622250 0.190157 
0.028017 0.026748 0.641450 0.303786 
0.180532 0.000154 0.564955 0.254359 
0.617446 0.000522 0.186588 0.195443 
0.590690 0.000000 0.288930 0.120379 
0.208144 0.000023 0.646863 0.144970 
0.198194 0.000108 0.685418 0.116279 
0.785773 0.000126 0.116377 0.097723 
0.176792 0.000430 0.698382 0.124396 
0.531789 0.000136 0.429537 0.038539 
0.495114 0.000048 0.485632 0.019206 
0.873616 0.000000 0.003750 0.122634 
0.936831 0.000003 0.000032 0.063134 
0.890248 0.001381 0.005951 0.102420 
0.227284 0.027282 0.589940 0.155494 
0.128251 0.021111 0.597108 0.253530 
0.363529 0.023265 0.508161 0.105045 
0.040353 0.012223 0.766217 0.181207 
0.301584 0.015478 0.483970 0.198968 
0.392305 0.005996 0.379903 0.221796 
0.312085 0.000115 0.371182 0.316617 
0.446704 0.000000 0.284697 0.268599 
0.434443 0.000000 0.276234 0.289322 
0.305576 0.001048 0.472643 0.220733 
0.571009 0.026804 0.155996 0.246192 
0.273080 0.108340 0.470085 0.148494 
0.105282 0.217828 0.513023 0.163867 
0.084728 0.088304 0.588925 0.238043 
0.045883 0.192006 0.506941 0.255170 
0.384782 0.297451 0.114740 0.203028 
0.303857 0.297371 0.211271 0.187501 
0.270132 0.306790 0.284674 0.138405 
0.323344 0.296829 0.229681 0.150146 
0.416773 0.362036 0.008504 0.212687 
0.236890 0.344039 0.250497 0.168574 
0.029171 0.304321 0.482621 0.183886 
0.002635 0.483905 0.332466 0.180995 
0.007036 0.578371 0.193908 0.220684 
0.000071 0.480650 0.286847 0.232433 
0.000203 0.453200 0.229189 0.317408 
0.032547 0.147912 0.485701 0.333840 
0.273615 0.133629 0.316634 0.276122 
0.285598 0.068073 0.277737 0.368592 
0.167255 0.063244 0.162089 0.607412 
0.045529 0.053006 0.443933 0.457532 
0.477308 0.044367 0.028517 0.449808 
0.348010 0.004677 0.305284 0.342029 
0.371545 0.037502 0.169507 0.421445 
0.105189 0.005302 0.012674 0.876835 
0.362994 0.004557 0.102093 0.530356 
0.224037 0.038307 0.338652 0.399004 
0.348805 0.068668 0.225832 0.356695 
0.253960 0.135863 0.312464 0.297713 
0.381981 0.107994 0.123049 0.386976 
0.246597 0.122435 0.300306 0.330662 
0.013065 0.307185 0.347329 0.332422 
0.332377 0.196560 0.161936 0.309127 
0.225339 0.199715 0.259458 0.315488 
0.078533 0.251856 0.343748 0.325863 
0.025498 0.238511 0.324088 0.411902 
0.019773 0.076344 0.122793 0.781090 
0.100732 0.239386 0.322008 0.337874 
0.266890 0.185646 0.269075 0.278389 
0.113558 0.298733 0.241632 0.346077 
0.099861 0.216420 0.343520 0.340200 
0.107751 0.336031 0.210900 0.345318 
0.378602 0.183641 0.143351 0.294406 
0.301718 0.129826 0.301767 0.266689 
0.237433 0.271325 0.289377 0.201865 
0.229465 0.458804 0.043685 0.268046 
0.028250 0.492098 0.245455 0.234196 
0.055565 0.547881 0.043368 0.353186 
0.408516 0.345720 0.080413 0.165351 
0.354431 0.282148 0.181285 0.182136 
0.329177 0.394535 0.013307 0.262981 
0.080805 0.341156 0.022563 0.555476 
0.272152 0.162777 0.193444 0.371627 
0.000157 0.190771 0.541661 0.267411 
0.045238 0.239184 0.391428 0.324150 
0.351784 0.215625 0.372585 0.060006 
0.394351 0.287304 0.253344 0.065001 
0.400021 0.421966 0.098260 0.079752 
0.514648 0.247155 0.165923 0.072275 
0.032938 0.580984 0.220419 0.165660 
0.002835 0.552127 0.269882 0.175156 
0.491920 0.314323 0.122832 0.070925 
0.005435 0.832853 0.097977 0.063736 
0.128147 0.538850 0.284710 0.048293 
0.317094 0.541942 0.087523 0.053441 
0.526345 0.290963 0.122069 0.060623 
0.334424 0.189417 0.419606 0.056553 
0.382516 0.192389 0.420451 0.004644 
0.532593 0.286997 0.178666 0.001744 
0.488798 0.468201 0.039433 0.003567 
0.666460 0.328611 0.004414 0.000514 
0.531636 0.449597 0.017151 0.001616 
0.564259 0.242731 0.192220 0.000789 
0.388553 0.269178 0.339957 0.002313 
0.314185 0.235129 0.446557 0.004130 
0.571203 0.231341 0.184929 0.012527 
0.598867 0.334622 0.050523 0.015988 
0.175482 0.273231 0.501883 0.049403 
0.330730 0.232850 0.423154 0.013266 
0.360358 0.224932 0.388916 0.025794 
0.502949 0.304219 0.183038 0.009794 
0.142326 0.313011 0.524913 0.019750 
0.352377 0.357647 0.279695 0.010280 
0.373790 0.382042 0.238657 0.005511 
0.374509 0.262129 0.353837 0.009525 
0.377471 0.436946 0.168033 0.017551 
0.111634 0.631997 0.247239 0.009130 
0.335431 0.240809 0.422084 0.001676 
0.458646 0.222184 0.317294 0.001876 
0.451272 0.161083 0.385844 0.001802 
0.394632 0.204550 0.389482 0.011336 
0.369253 0.240394 0.388188 0.002166 
0.534822 0.249654 0.197193 0.018332 
0.577556 0.317115 0.074043 0.031286 
0.209710 0.555823 0.063214 0.171253 
0.016473 0.815055 0.009232 0.159240 
0.154549 0.402957 0.002117 0.440378 
0.001282 0.737655 0.000022 0.261040 
0.334064 0.431780 0.002152 0.232003 
0.357626 0.276642 0.000211 0.365522 
0.495759 0.251379 0.000230 0.252632 
0.563086 0.303853 0.000067 0.132994 
0.406464 0.447472 0.001624 0.144440 
0.653875 0.224349 0.000001 0.121776 
0.654144 0.277999 0.000001 0.067856 
0.481248 0.432115 0.000000 0.086637 
0.106214 0.859044 0.000001 0.034742 
0.001619 0.793546 0.000001 0.204834 
0.016733 0.554182 0.000002 0.429083 
0.115304 0.284455 0.000004 0.600237 
0.478768 0.142388 0.000002 0.378842 
0.091478 0.174240 0.000001 0.734282 
0.450046 0.079419 0.000004 0.470531 
0.492079 0.083772 0.000042 0.424107 
0.224282 0.106046 0.000774 0.668898 
0.231979 0.291260 0.010780 0.465981 
0.386198 0.342788 0.004152 0.266862 
0.151318 0.372083 0.001421 0.475178 
0.384769 0.364835 0.000064 0.250332 
0.395868 0.526084 0.000014 0.078034 
0.037971 0.572551 0.000044 0.389434 
0.075041 0.471786 0.000268 0.452905 
0.309429 0.344016 0.003127 0.343427 
0.213144 0.391397 0.000106 0.395353 
0.010245 0.411043 0.000008 0.578704 
0.248368 0.312533 0.000000 0.439099 
0.383299 0.240759 0.000002 0.375940 
0.388947 0.236621 0.000001 0.374432 
0.361905 0.338316 0.000004 0.299775 
0.103871 0.421208 0.000101 0.474820 
0.365914 0.268926 0.001857 0.363303 
0.349535 0.273302 0.001456 0.375708 
0.258022 0.408593 0.027127 0.306258 
0.550864 0.250482 0.038363 0.160291 
0.335927 0.371254 0.089719 0.203099 
0.012194 0.294724 0.606642 0.086440 
0.000447 0.245734 0.594320 0.159498 
0.003289 0.171065 0.565960 0.259686 
0.424171 0.111374 0.077819 0.386636 
0.396076 0.108171 0.061026 0.434727 
0.258294 0.134922 0.073592 0.533192 
0.000200 0.158149 0.320641 0.521010 
0.116564 0.159886 0.354834 0.368716 
0.022014 0.169084 0.541831 0.267071 
0.000141 0.202983 0.726048 0.070829 
0.001066 0.212334 0.780207 0.006393 
0.000000 0.239375 0.721176 0.039449 
0.000000 0.167642 0.800205 0.032153 
0.000000 0.176984 0.772497 0.050519 
0.170876 0.143307 0.388672 0.297145 
0.375558 0.147008 0.024409 0.453025 
0.017119 0.390490 0.012094 0.580296 
0.443291 0.310906 0.025661 0.220142 
0.202082 0.372886 0.000857 0.424175 
0.026598 0.358093 0.000000 0.615309 
0.438298 0.144456 0.000000 0.417246 
0.568280 0.147496 0.000000 0.284224 
0.733620 0.176786 0.000000 0.089594 
0.442944 0.416997 0.000002 0.140057 
0.086024 0.787988 0.000012 0.125977 
0.168150 0.697746 0.000016 0.134088 
0.034301 0.514556 0.000004 0.451139 
0.588324 0.261729 0.076172 0.073775 
0.341344 0.171290 0.242391 0.244975 
0.338516 0.109594 0.323320 0.228571 
0.442090 0.149896 0.210764 0.197250 
0.377469 0.106979 0.313810 0.201742 
0.347121 0.082460 0.406013 0.164406 
0.008467 0.118687 0.553291 0.319555 
0.404523 0.097860 0.291771 0.205846 
0.218741 0.133150 0.390360 0.257748 
0.398273 0.140658 0.282795 0.178275 
0.321673 0.094615 0.314681 0.269031 
0.318894 0.076673 0.300529 0.303904 
0.315392 0.142270 0.274418 0.267920 
0.002618 0.260314 0.227521 0.509547 
0.202220 0.190703 0.135957 0.471120 
0.364718 0.130163 0.097294 0.407824 
0.445230 0.151125 0.065060 0.338585 
0.358854 0.151448 0.114933 0.374765 
0.339525 0.173421 0.167176 0.319878 
0.346305 0.189178 0.120034 0.344483 
0.194159 0.197416 0.225261 0.383164 
0.387589 0.230713 0.180142 0.201555 
0.044235 0.721035 0.121581 0.113149 
0.443227 0.321958 0.015650 0.219166 
0.392502 0.412311 0.148164 0.047024 
0.107432 0.441294 0.357883 0.093392 
0.423734 0.197733 0.271720 0.106813 
0.314605 0.231512 0.188504 0.265379 
0.153039 0.366302 0.034143 0.446516 
0.138821 0.361736 0.085107 0.414336 
0.154524 0.321657 0.386683 0.137136 
0.288255 0.252735 0.235693 0.223316 
0.292488 0.274665 0.283064 0.149783 
0.050496 0.451275 0.357285 0.140945 
0.008143 0.423140 0.433001 0.135716 
0.047897 0.374340 0.351286 0.226477 
0.271600 0.295084 0.164718 0.268598 
0.192035 0.302840 0.200964 0.304161 
0.006886 0.631085 0.035975 0.326053 
0.013276 0.474526 0.177668 0.334531 
0.053775 0.415480 0.381908 0.148837 
0.066498 0.485440 0.253211 0.194850 
0.230401 0.657477 0.004807 0.107315 
0.020451 0.702142 0.044210 0.233197 
0.005334 0.801736 0.090940 0.101990 
0.009420 0.549919 0.164091 0.276570 
0.155373 0.422612 0.139981 0.282034 
0.201247 0.365610 0.018086 0.415057 
0.325213 0.288502 0.033657 0.352628 
0.043413 0.462148 0.038283 0.456156 
0.366342 0.380850 0.003122 0.249686 
0.216960 0.444571 0.006205 0.332265 
0.221768 0.364235 0.177552 0.236445 
0.278349 0.332995 0.239447 0.149209 
0.110267 0.452656 0.210709 0.226368 
0.040090 0.442942 0.257233 0.259735 
0.130753 0.373962 0.290838 0.204447 
0.004235 0.430590 0.319642 0.245534 
0.000140 0.476723 0.349469 0.173668 
0.000024 0.457212 0.457469 0.085295 
0.001987 0.879044 0.025844 0.093126 
0.000272 0.768882 0.012535 0.218311 
0.291684 0.382200 0.004814 0.321303 
0.217364 0.508448 0.000528 0.273660 
0.125725 0.422089 0.001459 0.450727 
0.349554 0.273545 0.000002 0.376899 
0.210927 0.333767 0.002811 0.452494 
0.433419 0.239618 0.003178 0.323786 
0.225741 0.253508 0.001148 0.519603 
0.042961 0.336956 0.000530 0.619554 
0.397695 0.245369 0.007168 0.349768 
0.364351 0.186633 0.009479 0.439537 
0.340770 0.157835 0.089425 0.411970 
0.007746 0.265832 0.098253 0.628168 
0.259392 0.216766 0.076064 0.447778 
0.398344 0.176630 0.080299 0.344727 
0.042903 0.240799 0.174963 0.541335 
0.063158 0.088383 0.458469 0.389990 
0.204789 0.063769 0.398121 0.333322 
0.013441 0.093189 0.185228 0.708142 
0.045721 0.042426 0.363302 0.548551 
0.260332 0.028631 0.356043 0.354994 
0.428720 0.036794 0.091864 0.442622 
0.353398 0.036890 0.306430 0.303282 
0.295711 0.074850 0.409781 0.219657 
0.250576 0.065411 0.351007 0.333005 
0.357977 0.038666 0.249417 0.353941 
0.507777 0.087860 0.148452 0.255911 
0.659689 0.191865 0.016520 0.131925 
0.467411 0.192524 0.259122 0.080943 
0.104745 0.077121 0.704851 0.113284 
0.001354 0.114691 0.867384 0.016572 
0.000034 0.138115 0.571940 0.289911 
0.331072 0.167016 0.212829 0.289082 
0.366317 0.214195 0.407465 0.012022 
0.024812 0.821571 0.110457 0.043160 
0.016376 0.393036 0.538371 0.052217 
0.001705 0.593282 0.159583 0.245430 
0.240622 0.227712 0.321169 0.210497 
0.231512 0.099374 0.345959 0.323155 
0.052831 0.089306 0.459044 0.398820 
0.409481 0.065682 0.077707 0.447130 
0.233596 0.046587 0.416060 0.303757 
0.435007 0.039061 0.251068 0.274863 
0.357634 0.043911 0.356138 0.242318 
0.329278 0.084468 0.307457 0.278797 
0.381121 0.123591 0.143686 0.351601 
0.321157 0.090473 0.313970 0.274400 
0.411369 0.242047 0.011486 0.335099 
0.341405 0.121246 0.315330 0.222019 
0.291341 0.322844 0.191135 0.194680 
0.076121 0.317394 0.362681 0.243804 
0.322392 0.223050 0.331451 0.123106 
0.310466 0.280793 0.252060 0.156681 
0.410329 0.352784 0.103226 0.133661 
0.461351 0.400300 0.066520 0.071829 
0.477369 0.464602 0.000291 0.057737 
0.468025 0.433080 0.008248 0.090647 
0.435177 0.448210 0.001024 0.115589 
0.383445 0.400793 0.058653 0.157109 
0.047522 0.563035 0.114573 0.274871 
0.384299 0.358734 0.126428 0.130539 
0.281263 0.267178 0.290687 0.160872 
0.216047 0.250261 0.331946 0.201747 
0.310461 0.225359 0.313495 0.150685 
0.082522 0.189652 0.508536 0.219291 
0.447324 0.215812 0.115070 0.221794 
0.285480 0.473366 0.017197 0.223957 
0.017972 0.417204 0.451866 0.112958 
0.220010 0.467791 0.173374 0.138825 
0.410517 0.344652 0.150607 0.094224 
0.057701 0.391732 0.341835 0.208732 
0.024022 0.511857 0.240224 0.223896 
0.001770 0.651614 0.238148 0.108468 
0.000295 0.834190 0.056003 0.109512 
0.000060 0.888850 0.005871 0.105220 
0.010003 0.678913 0.196795 0.114289 
0.063086 0.643128 0.246526 0.047260 
0.340870 0.370291 0.266332 0.022507 
0.318165 0.355703 0.294705 0.031427 
0.308804 0.552205 0.089445 0.049546 
0.272420 0.358607 0.327875 0.041098 
0.008473 0.467719 0.472475 0.051334 
0.045645 0.430339 0.453290 0.070726 
0.348581 0.128546 0.369161 0.153711 
0.462039 0.019710 0.352023 0.166227 
0.254957 0.031691 0.515424 0.197928 
0.039273 0.040420 0.646070 0.274237 
0.489655 0.022902 0.318395 0.169048 
0.658378 0.085905 0.040791 0.214926 
0.526935 0.040282 0.183551 0.249231 
0.385383 0.063517 0.120808 0.430292 
0.353810 0.016726 0.047650 0.581814 
0.004006 0.011739 0.008921 0.975334 
0.054549 0.011576 0.359561 0.574314 
0.173732 0.002627 0.189897 0.633745 
0.581030 0.005642 0.115694 0.297634 
0.697544 0.020718 0.002574 0.279164 
0.079682 0.044895 0.617876 0.257547 
0.507986 0.021376 0.119880 0.350758 
0.546247 0.064646 0.087855 0.301252 
0.439411 0.213197 0.000023 0.347369 
0.210277 0.395974 0.009191 0.384558 
0.265891 0.222435 0.246018 0.265656 
0.263053 0.234624 0.247512 0.254812 
0.148144 0.273584 0.288382 0.289891 
0.152495 0.296405 0.248264 0.302836 
0.350114 0.209596 0.102754 0.337537 
0.207322 0.296772 0.204626 0.291280 
0.188930 0.277360 0.258545 0.275165 
0.173373 0.297777 0.237426 0.291424 
0.006845 0.387486 0.306551 0.299118 
0.004061 0.259320 0.387928 0.348691 
0.116516 0.228878 0.336232 0.318374 
0.051633 0.295243 0.154833 0.498290 
0.109572 0.164949 0.348393 0.377086 
0.262353 0.272485 0.009544 0.455617 
0.160572 0.246879 0.193029 0.399520 
0.114575 0.283402 0.224340 0.377682 
0.251283 0.386079 0.030221 0.332416 
0.195674 0.405696 0.064306 0.334323 
0.040321 0.452946 0.092757 0.413976 
0.216303 0.285256 0.255978 0.242463 
0.304502 0.304266 0.147637 0.243595 
0.214957 0.278244 0.252668 0.254131 
0.248581 0.319389 0.077258 0.354771 
0.164764 0.317009 0.205170 0.313056 
0.248926 0.302276 0.097017 0.351781 
0.157073 0.357392 0.075593 0.409941 
0.026874 0.329889 0.313702 0.329534 
0.276785 0.124602 0.287779 0.310834 
0.311067 0.184285 0.191944 0.312703 
0.217065 0.318321 0.020147 0.444467 
0.051058 0.239728 0.334965 0.374249 
0.104661 0.191508 0.353093 0.350739 
0.226068 0.261005 0.071435 0.441491 
0.330412 0.298844 0.044347 0.326397 
0.326984 0.246832 0.129103 0.297081 
0.253045 0.167525 0.272643 0.306787 
