0.402433 0.189911 0.218277 0.189378 
0.257086 0.190814 0.359529 0.192572 
0.488554 0.133307 0.242606 0.135533 
0.805575 0.047663 0.100388 0.046375 
0.722978 0.090338 0.094149 0.092535 
0.254029 0.165340 0.391311 0.189320 
0.197207 0.124026 0.555036 0.123731 
0.787636 0.067310 0.065312 0.079742 
0.922034 0.014315 0.032222 0.031429 
0.433082 0.120085 0.109631 0.337203 
0.937440 0.012599 0.012185 0.037776 
0.997054 0.000677 0.000803 0.001465 
0.997458 0.000630 0.000688 0.001225 
0.994781 0.000961 0.003206 0.001052 
0.985136 0.003561 0.005431 0.005871 
0.990750 0.002278 0.002699 0.004273 
0.999278 0.000230 0.000240 0.000251 
0.998827 0.000353 0.000328 0.000492 
0.999309 0.000211 0.000192 0.000288 
0.999587 0.000110 0.000142 0.000161 
0.559739 0.047080 0.189793 0.203387 
0.968657 0.003937 0.014885 0.012521 
0.767825 0.003290 0.210077 0.018808 
0.810973 0.003668 0.062761 0.122597 
0.035040 0.011205 0.228619 0.725136 
0.120586 0.011913 0.032523 0.834978 
0.056142 0.012858 0.077940 0.853060 
0.056730 0.006053 0.150164 0.787053 
0.012108 0.001490 0.743139 0.243263 
0.034304 0.002664 0.060566 0.902466 
0.000674 0.000009 0.993682 0.005635 
0.011048 0.000037 0.821803 0.167112 
0.059780 0.000012 0.833432 0.106775 
0.010191 0.000001 0.979191 0.010617 
0.700829 0.000001 0.291013 0.008158 
0.337654 0.000000 0.661836 0.000509 
0.982571 0.000000 0.017425 0.000004 
0.998767 0.000000 0.001233 0.000000 
0.999897 0.000000 0.000103 0.000000 
0.999651 0.000000 0.000349 0.000000 
0.999737 0.000000 0.000263 0.000000 
0.999824 0.000000 0.000176 0.000000 
0.997677 0.000000 0.002323 0.000000 
0.999950 0.000000 0.000050 0.000000 
0.999279 0.000000 0.000719 0.000001 
0.902231 0.000000 0.097768 0.000000 
0.896680 0.000000 0.103320 0.000000 
0.038086 0.000000 0.961914 0.000000 
0.426911 0.000000 0.573089 0.000000 
0.217983 0.000000 0.782017 0.000000 
0.373392 0.000000 0.626608 0.000000 
0.125899 0.000000 0.874101 0.000000 
0.341765 0.000000 0.658235 0.000000 
0.610425 0.000000 0.389575 0.000000 
0.924747 0.000000 0.075253 0.000000 
0.556238 0.000000 0.443762 0.000000 
0.421755 0.000000 0.578245 0.000000 
0.644091 0.000000 0.355909 0.000000 
0.132828 0.000000 0.867172 0.000000 
0.981518 0.000000 0.018482 0.000000 
0.997751 0.000000 0.002249 0.000000 
0.571799 0.000000 0.428201 0.000000 
0.080471 0.000000 0.919529 0.000000 
0.656170 0.000000 0.343830 0.000000 
0.226664 0.000000 0.773336 0.000000 
0.061781 0.000000 0.938219 0.000000 
0.929496 0.000000 0.070504 0.000000 
0.139171 0.000000 0.860829 0.000000 
0.437931 0.000000 0.562069 0.000000 
0.743567 0.000000 0.256433 0.000000 
0.976073 0.000000 0.023927 0.000000 
0.971430 0.000000 0.028570 0.000000 
0.989887 0.000000 0.010113 0.000000 
0.985325 0.000000 0.014675 0.000000 
0.801735 0.000000 0.198265 0.000000 
0.984313 0.000000 0.015687 0.000000 
0.933909 0.000000 0.066091 0.000000 
0.888136 0.000000 0.111864 0.000000 
0.942280 0.000000 0.057720 0.000000 
0.999908 0.000000 0.000092 0.000000 
0.999866 0.000000 0.000134 0.000000 
0.999998 0.000000 0.000002 0.000000 
1.000000 0.000000 0.000000 0.000000 
0.923635 0.000086 0.076202 0.000076 
0.999745 0.000002 0.000252 0.000001 
0.999865 0.000000 0.000134 0.000000 
0.999923 0.000000 0.000077 0.000000 
1.000000 0.000000 0.000000 0.000000 
1.000000 0.000000 0.000000 0.000000 
1.000000 0.000000 0.000000 0.000000 
1.000000 0.000000 0.000000 0.000000 
1.000000 0.000000 0.000000 0.000000 
1.000000 0.000000 0.000000 0.000000 
1.000000 0.000000 0.000000 0.000000 
1.000000 0.000000 0.000000 0.000000 
1.000000 0.000000 0.000000 0.000000 
1.000000 0.000000 0.000000 0.000000 
1.000000 0.000000 0.000000 0.000000 
1.000000 0.000000 0.000000 0.000000 
0.999915 0.000002 0.000082 0.000001 
0.999998 0.000000 0.000002 0.000000 
1.000000 0.000000 0.000000 0.000000 
0.999825 0.000002 0.000172 0.000001 
0.000400 0.000047 0.999535 0.000018 
0.090432 0.000000 0.909567 0.000000 
0.988817 0.000000 0.011183 0.000000 
0.999702 0.000000 0.000298 0.000000 
0.999911 0.000000 0.000089 0.000000 
0.000000 0.000000 1.000000 0.000000 
0.000000 0.000000 1.000000 0.000000 
0.000000 0.000000 1.000000 0.000000 
0.000000 0.000000 1.000000 0.000000 
0.000556 0.000000 0.999444 0.000000 
0.000001 0.000000 0.999999 0.000000 
0.000001 0.000000 0.999999 0.000000 
0.000000 0.000000 1.000000 0.000000 
0.000000 0.000000 1.000000 0.000000 
0.000000 0.000000 1.000000 0.000000 
0.000181 0.000000 0.999819 0.000000 
0.014899 0.000000 0.985101 0.000000 
0.044068 0.000000 0.955932 0.000000 
0.192901 0.000000 0.807099 0.000000 
0.362766 0.000000 0.637234 0.000000 
0.556742 0.000000 0.443258 0.000000 
0.460254 0.000000 0.539746 0.000000 
0.416902 0.000000 0.583098 0.000000 
0.506895 0.000000 0.493105 0.000000 
0.492721 0.000000 0.507279 0.000000 
0.415364 0.000000 0.584636 0.000000 
0.454851 0.000000 0.545149 0.000000 
0.215551 0.000000 0.784449 0.000000 
0.000000 0.000000 1.000000 0.000000 
0.000000 0.000000 1.000000 0.000000 
0.000019 0.000000 0.999981 0.000000 
0.153910 0.000000 0.846090 0.000001 
0.001473 0.000000 0.998527 0.000000 
0.034364 0.000000 0.965636 0.000000 
0.003112 0.000000 0.996888 0.000000 
0.093494 0.000000 0.906506 0.000000 
0.000366 0.000000 0.999633 0.000001 
0.000506 0.000000 0.999494 0.000000 
0.012407 0.000000 0.987593 0.000000 
0.046706 0.000000 0.953289 0.000004 
0.976599 0.000000 0.023395 0.000007 
0.878973 0.000000 0.121017 0.000011 
0.956321 0.000000 0.043674 0.000005 
0.911490 0.000000 0.088508 0.000002 
0.741998 0.000000 0.258001 0.000001 
0.950076 0.000000 0.049920 0.000004 
0.676021 0.000000 0.323972 0.000008 
0.999856 0.000000 0.000132 0.000012 
0.999426 0.000000 0.000000 0.000574 
0.962610 0.000000 0.000000 0.037390 
0.965653 0.000000 0.000000 0.034347 
0.894956 0.000000 0.000000 0.105044 
0.172984 0.000000 0.000000 0.827016 
0.663014 0.000000 0.000000 0.336986 
0.419241 0.000000 0.000000 0.580759 
0.561508 0.000000 0.000000 0.438492 
0.297724 0.000000 0.000005 0.702270 
0.730456 0.000000 0.000000 0.269544 
0.713682 0.000000 0.000001 0.286317 
0.756107 0.000000 0.000000 0.243893 
0.757816 0.000000 0.000000 0.242184 
0.807187 0.000000 0.000000 0.192813 
0.878233 0.000000 0.000017 0.121749 
0.944844 0.000000 0.016651 0.038505 
0.000003 0.000000 0.959082 0.040915 
0.000000 0.000000 0.886263 0.113737 
0.000181 0.000000 0.968505 0.031314 
0.001794 0.000000 0.982160 0.016047 
0.151553 0.000000 0.847836 0.000611 
0.204349 0.000000 0.791728 0.003923 
0.368150 0.000000 0.607077 0.024772 
0.931324 0.000000 0.032419 0.036257 
0.923865 0.000000 0.002384 0.073751 
0.708474 0.000000 0.004219 0.287307 
0.558362 0.000000 0.006838 0.434800 
0.380701 0.000000 0.091131 0.528167 
0.186871 0.000000 0.412429 0.400699 
0.095002 0.000000 0.440347 0.464651 
0.383990 0.000000 0.171629 0.444380 
0.649704 0.000000 0.038859 0.311437 
0.699212 0.000000 0.009628 0.291160 
0.034175 0.000000 0.019415 0.946411 
0.566040 0.000000 0.065864 0.368096 
0.509840 0.000000 0.041868 0.448291 
0.093238 0.000000 0.000315 0.906447 
0.435275 0.000000 0.077657 0.487068 
0.342952 0.000000 0.246369 0.410679 
0.239653 0.000000 0.433651 0.326696 
0.319886 0.000000 0.344840 0.335274 
0.468977 0.000000 0.184069 0.346954 
0.256059 0.000000 0.243545 0.500396 
0.196190 0.000000 0.427476 0.376334 
0.024430 0.000000 0.452002 0.523568 
0.327415 0.000000 0.050631 0.621954 
0.147776 0.000000 0.550016 0.302208 
0.189131 0.000000 0.464415 0.346454 
0.053158 0.000000 0.443693 0.503148 
0.090343 0.000000 0.355423 0.554234 
0.006539 0.000000 0.306336 0.687125 
0.002775 0.000000 0.732134 0.265091 
0.056326 0.000000 0.507319 0.436355 
0.811394 0.000000 0.005546 0.183061 
0.968363 0.000000 0.004431 0.027206 
0.896757 0.000000 0.002354 0.100889 
0.748997 0.000000 0.008627 0.242376 
0.741983 0.000000 0.031699 0.226318 
0.302133 0.000000 0.094446 0.603421 
0.239700 0.000000 0.216284 0.544016 
0.025508 0.000000 0.230261 0.744232 
0.090373 0.000000 0.201243 0.708384 
0.146841 0.000000 0.147029 0.706130 
0.033660 0.000000 0.004511 0.961829 
0.691553 0.000000 0.000016 0.308431 
0.656285 0.000000 0.000001 0.343714 
0.563925 0.000000 0.000073 0.436002 
0.608975 0.000000 0.000201 0.390824 
0.264302 0.000000 0.000348 0.735350 
0.595829 0.000000 0.000055 0.404117 
0.797732 0.000000 0.000372 0.201896 
0.025561 0.000000 0.003782 0.970656 
0.487866 0.000000 0.002485 0.509649 
0.678382 0.000000 0.000001 0.321617 
0.642343 0.000000 0.000010 0.357647 
0.951385 0.000000 0.000764 0.047852 
0.920045 0.000000 0.047553 0.032402 
0.593885 0.000000 0.367870 0.038245 
0.255716 0.000000 0.678849 0.065435 
0.055057 0.000000 0.577945 0.366998 
0.204575 0.000000 0.536598 0.258827 
0.072143 0.000000 0.737150 0.190707 
0.082968 0.000000 0.773814 0.143218 
0.123112 0.000000 0.449284 0.427604 
0.229297 0.000000 0.229887 0.540816 
0.144450 0.000000 0.388872 0.466679 
0.451342 0.000000 0.343164 0.205495 
0.574483 0.000000 0.209797 0.215720 
0.175708 0.000000 0.384054 0.440238 
0.360853 0.000000 0.324123 0.315024 
0.139473 0.000000 0.421869 0.438657 
0.177861 0.000000 0.440446 0.381693 
0.072206 0.000000 0.547449 0.380345 
0.208706 0.000000 0.464040 0.327254 
0.303622 0.000000 0.251646 0.444732 
0.146748 0.000000 0.462579 0.390673 
0.021083 0.000000 0.380947 0.597970 
0.017409 0.000000 0.322425 0.660167 
0.183144 0.000000 0.743736 0.073120 
0.378991 0.000000 0.243499 0.377510 
0.012394 0.000000 0.408329 0.579277 
0.045426 0.000000 0.650617 0.303958 
0.062197 0.000000 0.592178 0.345625 
0.027037 0.000000 0.636055 0.336908 
0.078889 0.000000 0.530702 0.390409 
0.142481 0.000000 0.418105 0.439413 
0.190742 0.000000 0.702349 0.106909 
0.252515 0.000000 0.661814 0.085672 
0.343360 0.000000 0.303778 0.352862 
0.541496 0.000000 0.319693 0.138810 
0.377567 0.000000 0.301447 0.320986 
0.366180 0.000000 0.250147 0.383673 
0.391875 0.000000 0.206366 0.401759 
0.118294 0.000000 0.252374 0.629331 
0.392251 0.000000 0.270751 0.336998 
0.390567 0.000000 0.472993 0.136440 
0.520158 0.000000 0.468505 0.011336 
0.128074 0.000000 0.415705 0.456221 
0.142352 0.000000 0.434985 0.422663 
0.335105 0.000000 0.326257 0.338638 
0.405145 0.000000 0.288194 0.306661 
0.251176 0.000000 0.677238 0.071585 
0.111026 0.000000 0.374395 0.514579 
0.148300 0.000000 0.459015 0.392684 
0.309790 0.000000 0.542061 0.148149 
0.015217 0.000000 0.434860 0.549923 
0.000298 0.000000 0.653708 0.345994 
0.012006 0.000000 0.550908 0.437086 
0.047207 0.000000 0.462771 0.490023 
0.194320 0.000000 0.393165 0.412515 
0.030586 0.000000 0.498064 0.471350 
0.165375 0.000000 0.385248 0.449377 
0.177791 0.000000 0.411841 0.410368 
0.325728 0.000000 0.321014 0.353257 
0.241199 0.000000 0.385399 0.373402 
0.157374 0.000000 0.409335 0.433291 
0.024425 0.000000 0.553776 0.421799 
0.028085 0.000000 0.447310 0.524605 
0.227679 0.000000 0.385635 0.386686 
0.334506 0.000000 0.360387 0.305108 
0.598259 0.000000 0.343551 0.058190 
0.388837 0.000000 0.237177 0.373986 
0.151441 0.000000 0.543457 0.305102 
0.359424 0.000000 0.612489 0.028087 
0.032580 0.000000 0.576699 0.390721 
0.000607 0.000000 0.483772 0.515621 
0.005510 0.000000 0.453179 0.541311 
0.105007 0.000000 0.252413 0.642580 
0.155071 0.000000 0.429717 0.415212 
0.605711 0.000000 0.342546 0.051743 
0.319346 0.000000 0.647920 0.032734 
0.025877 0.000000 0.969640 0.004483 
0.333318 0.000000 0.666346 0.000336 
0.249212 0.000000 0.746775 0.004013 
0.089451 0.000000 0.861986 0.048563 
0.090007 0.000000 0.909949 0.000043 
0.163635 0.000000 0.836365 0.000000 
0.555707 0.000000 0.444292 0.000000 
0.580881 0.000000 0.419119 0.000000 
0.480766 0.000000 0.519233 0.000001 
0.472400 0.000000 0.527598 0.000001 
0.520321 0.000000 0.479287 0.000392 
0.277179 0.000000 0.722781 0.000039 
0.635668 0.000000 0.364244 0.000088 
0.642884 0.000000 0.356783 0.000334 
0.487089 0.000000 0.512631 0.000279 
0.692934 0.000000 0.307055 0.000010 
0.386553 0.000000 0.613447 0.000000 
0.755848 0.000000 0.244152 0.000000 
0.684530 0.000000 0.315470 0.000000 
0.689601 0.000000 0.310399 0.000000 
0.131871 0.000000 0.868129 0.000000 
0.609302 0.000000 0.390698 0.000000 
0.615014 0.000000 0.384986 0.000000 
0.667112 0.000000 0.332888 0.000000 
0.510244 0.000000 0.489754 0.000002 
0.724157 0.000000 0.275843 0.000000 
0.713540 0.000000 0.286460 0.000000 
0.456236 0.000000 0.543761 0.000003 
0.526720 0.000000 0.473280 0.000000 
0.665897 0.000000 0.334103 0.000000 
0.714586 0.000000 0.285413 0.000001 
0.680706 0.000000 0.319291 0.000003 
0.182248 0.000000 0.817751 0.000000 
0.842891 0.000000 0.157108 0.000000 
0.174249 0.000000 0.825751 0.000000 
0.835922 0.000000 0.164077 0.000001 
0.849635 0.000000 0.150303 0.000062 
0.848471 0.000000 0.151088 0.000442 
0.818699 0.000000 0.181157 0.000144 
0.820316 0.000000 0.179385 0.000298 
0.822264 0.000000 0.177725 0.000011 
0.835392 0.000000 0.164575 0.000033 
0.685438 0.000000 0.314542 0.000020 
0.871157 0.000000 0.128732 0.000110 
0.868542 0.000000 0.124452 0.007006 
0.837027 0.000000 0.152190 0.010783 
0.648410 0.000000 0.157313 0.194277 
0.665757 0.000000 0.154629 0.179614 
0.475097 0.000000 0.145948 0.378956 
0.599876 0.000000 0.139492 0.260631 
0.764219 0.000000 0.165836 0.069945 
0.798361 0.000000 0.189854 0.011784 
0.546852 0.000000 0.168118 0.285030 
0.058368 0.000000 0.316841 0.624791 
0.405363 0.000000 0.079999 0.514638 
0.259260 0.000000 0.099875 0.640864 
0.322102 0.000000 0.071468 0.606430 
0.517869 0.000000 0.154056 0.328075 
0.867245 0.000000 0.079159 0.053597 
0.653369 0.000000 0.299086 0.047545 
0.869232 0.000000 0.097246 0.033521 
0.832875 0.000000 0.120175 0.046951 
0.603279 0.000000 0.082577 0.314144 
0.691217 0.000000 0.135325 0.173457 
0.834381 0.000000 0.102676 0.062943 
0.402802 0.000000 0.061413 0.535785 
0.786093 0.000000 0.162906 0.051001 
0.397709 0.000000 0.171634 0.430658 
0.069539 0.000000 0.592831 0.337630 
0.001020 0.000000 0.347171 0.651808 
0.001304 0.000000 0.250370 0.748326 
0.014898 0.000000 0.202820 0.782282 
0.009882 0.000000 0.107799 0.882320 
0.013965 0.000000 0.230175 0.755860 
0.000842 0.000000 0.069551 0.929607 
0.004465 0.000000 0.055931 0.939604 
0.003701 0.000000 0.072209 0.924089 
0.000270 0.000000 0.041203 0.958527 
0.000151 0.000000 0.079040 0.920808 
0.002376 0.000000 0.083272 0.914352 
0.005491 0.000000 0.091768 0.902741 
0.015377 0.000000 0.293851 0.690772 
0.001196 0.000000 0.042612 0.956192 
0.050046 0.000000 0.614253 0.335701 
0.493396 0.000000 0.387579 0.119025 
0.753497 0.000000 0.069915 0.176588 
0.594467 0.000000 0.023501 0.382031 
0.647228 0.000000 0.024056 0.328716 
0.548144 0.000000 0.011945 0.439911 
0.436757 0.000000 0.026145 0.537098 
0.055983 0.000000 0.034460 0.909557 
0.250134 0.000000 0.006505 0.743361 
0.102123 0.000000 0.006480 0.891397 
0.580030 0.000000 0.003487 0.416483 
0.542879 0.000000 0.005130 0.451992 
0.505811 0.000000 0.008133 0.486056 
0.504143 0.000000 0.007970 0.487887 
0.419117 0.000000 0.010821 0.570062 
0.166328 0.000000 0.007398 0.826273 
0.097275 0.000000 0.010757 0.891968 
0.027339 0.000000 0.006670 0.965991 
0.005217 0.000000 0.005787 0.988996 
0.284701 0.000000 0.015451 0.699848 
0.000232 0.000000 0.003642 0.996126 
0.016991 0.000000 0.005411 0.977599 
0.010067 0.000000 0.002829 0.987104 
0.000326 0.000000 0.001826 0.997847 
0.000229 0.000000 0.009891 0.989880 
0.000105 0.000000 0.002126 0.997769 
0.000110 0.000000 0.002651 0.997239 
0.000102 0.000000 0.001436 0.998463 
0.001144 0.000000 0.001873 0.996983 
0.000887 0.000000 0.001003 0.998110 
0.290874 0.000000 0.002612 0.706514 
0.206790 0.000000 0.000590 0.792620 
0.964036 0.000000 0.002049 0.033915 
0.998095 0.000000 0.001865 0.000040 
0.992146 0.000000 0.007849 0.000005 
0.934699 0.000000 0.047223 0.018078 
0.946326 0.000000 0.035165 0.018510 
0.720865 0.000000 0.010616 0.268518 
0.569782 0.000000 0.006256 0.423962 
0.981464 0.000000 0.009121 0.009415 
0.807790 0.000000 0.002401 0.189809 
0.996316 0.000000 0.002186 0.001498 
0.989198 0.000000 0.001927 0.008875 
0.709416 0.000000 0.000518 0.290066 
0.535080 0.000000 0.000277 0.464644 
0.560283 0.000000 0.000557 0.439160 
0.501210 0.000000 0.000461 0.498329 
0.480933 0.000000 0.000422 0.518645 
0.682319 0.000000 0.001184 0.316497 
0.920354 0.000000 0.001580 0.078066 
0.982055 0.000000 0.001348 0.016597 
0.996044 0.000014 0.003197 0.000745 
0.995310 0.000066 0.002411 0.002214 
0.478285 0.000003 0.000136 0.521576 
0.259241 0.000013 0.000150 0.740596 
0.128923 0.000002 0.000228 0.870847 
0.024953 0.000009 0.000250 0.974789 
0.061518 0.000001 0.000206 0.938275 
0.202664 0.000005 0.000050 0.797282 
0.224328 0.000001 0.000179 0.775493 
0.345433 0.000302 0.000101 0.654164 
0.588045 0.000088 0.000086 0.411781 
0.394246 0.000006 0.000064 0.605684 
0.563260 0.000286 0.000170 0.436284 
0.644960 0.000581 0.000234 0.354224 
0.360296 0.001957 0.000096 0.637650 
0.564841 0.042885 0.000062 0.392212 
0.415998 0.194100 0.000059 0.389844 
0.330411 0.400194 0.000035 0.269360 
0.345440 0.358546 0.000062 0.295953 
0.432380 0.126878 0.000029 0.440713 
0.506246 0.441554 0.000016 0.052184 
0.939076 0.049272 0.000045 0.011608 
0.765323 0.000732 0.000071 0.233874 
0.787849 0.079456 0.000111 0.132584 
0.831647 0.000030 0.000080 0.168244 
0.527956 0.000000 0.000117 0.471927 
0.266018 0.000010 0.000410 0.733562 
0.371855 0.000001 0.000291 0.627853 
0.782599 0.000025 0.000896 0.216479 
0.513601 0.000517 0.000674 0.485208 
0.381509 0.000182 0.000422 0.617887 
0.499912 0.000006 0.000876 0.499206 
0.273421 0.003932 0.000604 0.722043 
0.399357 0.099273 0.000389 0.500981 
0.869898 0.005085 0.001151 0.123865 
0.948295 0.001099 0.001168 0.049438 
0.511034 0.000000 0.000539 0.488427 
0.535614 0.000000 0.000304 0.464082 
0.415178 0.000000 0.000414 0.584408 
0.357187 0.000000 0.000629 0.642184 
0.335776 0.000000 0.000102 0.664122 
0.186803 0.000003 0.000173 0.813022 
0.108998 0.249089 0.000174 0.641739 
0.123445 0.023932 0.000139 0.852485 
0.100290 0.005889 0.000244 0.893577 
0.619105 0.001002 0.000708 0.379185 
0.992599 0.003773 0.000265 0.003363 
0.715645 0.143957 0.000495 0.139902 
0.928647 0.011304 0.000527 0.059522 
0.921213 0.020719 0.000129 0.057940 
0.678377 0.005998 0.000293 0.315331 
0.560141 0.000004 0.000156 0.439699 
0.744240 0.000193 0.000234 0.255334 
0.788436 0.002444 0.000667 0.208452 
0.865729 0.096683 0.000115 0.037473 
0.958355 0.038036 0.000124 0.003485 
0.811824 0.185560 0.000277 0.002338 
0.669362 0.293876 0.000696 0.036066 
0.745422 0.001112 0.000571 0.252894 
0.459631 0.006605 0.000561 0.533204 
0.750642 0.017382 0.001669 0.230307 
0.995026 0.000162 0.001855 0.002956 
0.997613 0.000003 0.002024 0.000361 
0.996625 0.000000 0.001983 0.001392 
0.991374 0.000000 0.001645 0.006981 
0.888715 0.000004 0.007879 0.103402 
0.828357 0.091099 0.026829 0.053714 
0.281986 0.448797 0.004857 0.264361 
0.424557 0.516254 0.010114 0.049075 
0.509123 0.137295 0.035682 0.317899 
0.417554 0.010229 0.057963 0.514254 
0.299325 0.241333 0.164522 0.294820 
0.399564 0.445223 0.073349 0.081864 
0.261231 0.358257 0.142127 0.238386 
0.478867 0.235404 0.056367 0.229362 
0.428547 0.510643 0.019695 0.041115 
0.505318 0.419098 0.075566 0.000018 
0.753143 0.038952 0.207882 0.000023 
0.911206 0.003794 0.068317 0.016683 
0.626865 0.002651 0.353073 0.017412 
0.681483 0.000254 0.231170 0.087093 
0.533657 0.000000 0.066057 0.400286 
0.539519 0.000000 0.024899 0.435582 
0.413502 0.000000 0.043641 0.542857 
0.421838 0.000048 0.038907 0.539207 
0.453402 0.000520 0.018020 0.528059 
0.807928 0.000432 0.017646 0.173993 
0.678719 0.007368 0.032686 0.281227 
0.655616 0.075492 0.001460 0.267433 
0.593918 0.025915 0.003211 0.376956 
0.768049 0.053517 0.017759 0.160675 
0.483464 0.500068 0.012152 0.004316 
0.421480 0.545491 0.011135 0.021893 
0.584463 0.344620 0.059607 0.011311 
0.578939 0.303481 0.022276 0.095304 
0.290149 0.514893 0.051885 0.143074 
0.706142 0.105458 0.172105 0.016296 
0.529911 0.102999 0.248718 0.118371 
0.504500 0.413946 0.079888 0.001666 
0.333072 0.360842 0.008129 0.297957 
0.428929 0.198729 0.126148 0.246194 
0.335162 0.453060 0.171295 0.040483 
0.742819 0.088921 0.168250 0.000010 
0.482269 0.190256 0.327306 0.000169 
0.400754 0.475003 0.123827 0.000416 
0.867062 0.014209 0.117289 0.001441 
0.410287 0.340682 0.116333 0.132699 
0.142447 0.354409 0.122383 0.380761 
0.151482 0.417492 0.226202 0.204823 
0.145878 0.336913 0.268351 0.248858 
0.171946 0.317126 0.340920 0.170008 
0.188393 0.304063 0.215123 0.292421 
0.211698 0.276067 0.233345 0.278890 
0.305685 0.385838 0.117254 0.191223 
0.320864 0.341845 0.071981 0.265310 
0.340974 0.395560 0.035818 0.227648 
0.781918 0.052973 0.039128 0.125981 
0.725673 0.058159 0.191295 0.024873 
0.774860 0.000249 0.093500 0.131391 
0.377620 0.051979 0.037510 0.532891 
0.229489 0.360165 0.018747 0.391599 
0.401273 0.276322 0.081764 0.240641 
0.202065 0.306404 0.217910 0.273621 
0.249803 0.325063 0.177839 0.247295 
0.314827 0.300921 0.033225 0.351027 
0.341502 0.438873 0.015947 0.203678 
0.328854 0.309077 0.057942 0.304128 
0.399021 0.018010 0.013874 0.569094 
0.690611 0.013007 0.036971 0.259411 
0.607091 0.056628 0.001765 0.334517 
0.494705 0.317672 0.002279 0.185345 
0.308870 0.516606 0.032062 0.142462 
0.335828 0.465722 0.195482 0.002968 
0.206090 0.328831 0.157164 0.307915 
0.284109 0.493192 0.196618 0.026081 
0.173882 0.510835 0.275861 0.039423 
0.195534 0.378226 0.228392 0.197848 
0.139379 0.347615 0.154344 0.358661 
0.222809 0.201096 0.103299 0.472796 
0.173146 0.353434 0.048715 0.424704 
0.141286 0.364896 0.160762 0.333056 
0.230569 0.026483 0.017938 0.725009 
0.274705 0.022159 0.000949 0.702187 
0.243418 0.355358 0.000799 0.400425 
0.219710 0.423622 0.001630 0.355038 
0.187713 0.388417 0.000441 0.423428 
0.536659 0.079023 0.001430 0.382888 
0.279811 0.601497 0.002297 0.116395 
0.382693 0.329321 0.283340 0.004647 
0.061527 0.208185 0.312369 0.417918 
0.053161 0.455673 0.199916 0.291250 
0.044223 0.641201 0.134266 0.180309 
0.037809 0.718565 0.098580 0.145045 
0.052164 0.126274 0.780844 0.040719 
0.018962 0.288264 0.369383 0.323391 
0.027793 0.177375 0.423975 0.370857 
0.017891 0.015943 0.512907 0.453260 
0.021885 0.250634 0.600928 0.126554 
0.017858 0.175111 0.391455 0.415575 
0.012510 0.273716 0.356951 0.356823 
0.011792 0.377323 0.385829 0.225056 
0.008732 0.161797 0.399317 0.430155 
0.010037 0.359122 0.255063 0.375778 
0.011923 0.237086 0.253620 0.497370 
0.042045 0.653150 0.037381 0.267424 
0.010779 0.417251 0.467645 0.104325 
0.005679 0.502475 0.327850 0.163995 
0.013204 0.720856 0.045007 0.220933 
0.015891 0.674869 0.091882 0.217359 
0.050345 0.006054 0.121900 0.821701 
0.040793 0.564655 0.081138 0.313414 
0.039915 0.054167 0.627656 0.278262 
0.062058 0.000023 0.476394 0.461525 
0.012682 0.268075 0.402453 0.316790 
0.023132 0.185280 0.519181 0.272408 
0.019486 0.225576 0.505904 0.249033 
0.037490 0.561401 0.074690 0.326419 
0.233453 0.037925 0.057964 0.670658 
0.049300 0.001240 0.676603 0.272857 
0.181334 0.022059 0.090639 0.705968 
0.096892 0.437009 0.016570 0.449529 
0.056459 0.461985 0.000559 0.480996 
0.053324 0.218069 0.000036 0.728571 
0.039743 0.459401 0.000003 0.500853 
0.051929 0.498706 0.000025 0.449340 
0.050449 0.520862 0.000700 0.427989 
0.050255 0.572382 0.001517 0.375847 
0.019555 0.188055 0.106959 0.685431 
0.018219 0.536191 0.019511 0.426079 
0.032209 0.492195 0.230483 0.245114 
0.055376 0.069856 0.431688 0.443079 
0.135747 0.293143 0.040765 0.530345 
0.046145 0.317875 0.405511 0.230470 
0.018780 0.509576 0.331291 0.140352 
0.015260 0.274763 0.412104 0.297873 
0.013468 0.278728 0.291403 0.416401 
0.007231 0.385811 0.082323 0.524635 
0.002794 0.403688 0.427048 0.166470 
0.003828 0.354249 0.362913 0.279010 
0.005846 0.177332 0.385578 0.431243 
0.001735 0.315371 0.389811 0.293084 
0.003079 0.000886 0.563070 0.432964 
0.005055 0.371884 0.230030 0.393031 
0.001432 0.533363 0.058925 0.406280 
0.000643 0.507888 0.008401 0.483068 
0.003676 0.036039 0.119526 0.840760 
0.000799 0.431502 0.352663 0.215036 
0.000525 0.325241 0.298152 0.376082 
0.001386 0.069115 0.382769 0.546730 
0.001515 0.202832 0.368925 0.426727 
0.000951 0.198902 0.300206 0.499941 
0.000631 0.343251 0.164046 0.492072 
0.002780 0.009433 0.071017 0.916770 
0.007012 0.341637 0.512316 0.139035 
0.009265 0.395149 0.551414 0.044171 
0.001960 0.740116 0.250553 0.007370 
0.002585 0.596060 0.252335 0.149020 
0.020219 0.634717 0.195162 0.149903 
0.008523 0.783978 0.122293 0.085205 
0.005728 0.620401 0.013480 0.360391 
0.003765 0.250037 0.057711 0.688488 
0.004520 0.003217 0.207359 0.784904 
0.003564 0.170021 0.244193 0.582222 
0.001323 0.414599 0.185459 0.398619 
0.003385 0.313320 0.026445 0.656850 
0.003632 0.027524 0.349621 0.619222 
0.003287 0.212530 0.238675 0.545508 
0.006020 0.761767 0.134037 0.098176 
0.002679 0.186818 0.523423 0.287081 
0.004357 0.002914 0.485591 0.507139 
0.001097 0.450620 0.226682 0.321602 
0.001285 0.054078 0.398726 0.545911 
0.001059 0.026204 0.459924 0.512813 
0.001292 0.309879 0.354270 0.334559 
0.000976 0.341365 0.279465 0.378194 
0.001551 0.101573 0.645695 0.251181 
0.001180 0.069700 0.399346 0.529773 
0.000778 0.093758 0.476674 0.428789 
0.000495 0.357390 0.276802 0.365313 
0.000407 0.437503 0.196914 0.365175 
0.000255 0.215993 0.359998 0.423754 
0.000262 0.418445 0.090362 0.490930 
0.000081 0.362080 0.312931 0.324908 
0.000103 0.392906 0.118425 0.488567 
0.000176 0.404089 0.081488 0.514247 
0.000127 0.366709 0.310009 0.323155 
0.000119 0.253724 0.252427 0.493730 
0.000089 0.097071 0.440719 0.462120 
0.000066 0.236868 0.373599 0.389468 
0.000085 0.166690 0.549756 0.283468 
0.000193 0.020894 0.412742 0.566170 
0.000108 0.447266 0.382361 0.170264 
0.000166 0.234164 0.464690 0.300979 
0.000231 0.069386 0.714254 0.216128 
0.000080 0.512418 0.206449 0.281053 
0.000097 0.478493 0.375335 0.146075 
0.000157 0.214313 0.714975 0.070555 
0.000105 0.500282 0.499020 0.000593 
0.000293 0.001270 0.965409 0.033028 
0.000426 0.010919 0.970924 0.017730 
0.008949 0.000385 0.911158 0.079509 
0.018391 0.012030 0.927203 0.042376 
0.025990 0.023751 0.625720 0.324540 
0.012050 0.565083 0.198209 0.224657 
0.005556 0.931720 0.000028 0.062696 
0.040646 0.072982 0.844872 0.041500 
0.005851 0.321809 0.620516 0.051824 
0.038637 0.761659 0.175845 0.023858 
0.092071 0.496401 0.387290 0.024238 
0.305950 0.439032 0.238873 0.016145 
0.425093 0.356459 0.172315 0.046133 
0.182339 0.692408 0.058094 0.067159 
0.368183 0.014746 0.495244 0.121827 
0.142249 0.396528 0.428712 0.032512 
0.036388 0.044791 0.869339 0.049482 
0.042008 0.549203 0.382418 0.026372 
0.360071 0.570902 0.043704 0.025323 
0.517522 0.410921 0.031218 0.040340 
0.642455 0.282444 0.032426 0.042674 
0.591614 0.304081 0.072326 0.031979 
0.423786 0.454902 0.105280 0.016032 
0.875230 0.076001 0.003921 0.044848 
0.870740 0.037190 0.000006 0.092064 
0.532726 0.368310 0.008471 0.090493 
0.480367 0.457121 0.024626 0.037885 
0.551564 0.117855 0.275935 0.054647 
0.494855 0.030805 0.418091 0.056249 
0.742219 0.050889 0.002431 0.204460 
0.671635 0.002092 0.058179 0.268094 
0.321054 0.535375 0.008286 0.135285 
0.810916 0.055256 0.001267 0.132561 
0.422375 0.464930 0.000044 0.112651 
0.589151 0.116794 0.083492 0.210563 
0.287674 0.564804 0.018176 0.129346 
0.349052 0.577266 0.017811 0.055871 
0.412188 0.480526 0.094117 0.013169 
0.407120 0.188778 0.390200 0.013903 
0.390733 0.424614 0.166687 0.017966 
0.045738 0.617330 0.320230 0.016702 
0.080607 0.716467 0.187079 0.015848 
0.308172 0.547134 0.082895 0.061799 
0.678846 0.171960 0.106076 0.043118 
0.800693 0.015653 0.130609 0.053045 
0.629609 0.001555 0.340948 0.027887 
0.559739 0.274166 0.135487 0.030608 
0.875232 0.004816 0.071388 0.048564 
0.841708 0.013583 0.101702 0.043006 
0.285484 0.441127 0.253872 0.019517 
0.092798 0.477868 0.417296 0.012038 
0.115903 0.256415 0.612719 0.014962 
0.271370 0.168734 0.547635 0.012261 
0.288328 0.173095 0.527249 0.011328 
0.286230 0.402813 0.304683 0.006274 
0.403599 0.379776 0.182630 0.033994 
0.423860 0.553612 0.004354 0.018174 
0.011918 0.926643 0.029990 0.031448 
0.221745 0.509115 0.195705 0.073435 
0.359400 0.473715 0.131188 0.035697 
0.861027 0.062713 0.019412 0.056848 
0.444375 0.527444 0.007525 0.020657 
0.154374 0.824110 0.000197 0.021320 
0.503271 0.482761 0.000105 0.013864 
0.395844 0.594642 0.000007 0.009507 
0.530855 0.451241 0.000076 0.017828 
0.778993 0.191860 0.000101 0.029046 
0.679995 0.280126 0.002964 0.036915 
0.328918 0.452539 0.180275 0.038269 
0.570902 0.345706 0.071188 0.012204 
0.214233 0.512508 0.266068 0.007191 
0.473872 0.502255 0.009504 0.014370 
0.121793 0.865456 0.003344 0.009407 
0.130460 0.682332 0.176772 0.010435 
0.323341 0.624191 0.044516 0.007952 
0.017798 0.623895 0.351523 0.006783 
0.098218 0.325028 0.567348 0.009405 
0.051974 0.299012 0.637826 0.011188 
0.000938 0.971142 0.006980 0.020940 
0.022630 0.919977 0.043256 0.014136 
0.036641 0.585010 0.371152 0.007197 
0.054757 0.879774 0.055441 0.010028 
0.016436 0.743392 0.226421 0.013750 
0.464049 0.426509 0.099520 0.009922 
0.528793 0.443095 0.012836 0.015276 
0.786847 0.188579 0.012199 0.012375 
0.968833 0.018116 0.000296 0.012755 
0.740511 0.241513 0.000032 0.017944 
0.849058 0.120870 0.000000 0.030072 
0.484135 0.497027 0.000002 0.018837 
0.721588 0.202216 0.033295 0.042901 
0.421613 0.042323 0.505019 0.031045 
0.420521 0.431490 0.124290 0.023699 
0.887868 0.030071 0.005581 0.076480 
0.673579 0.069589 0.213786 0.043046 
0.442949 0.207672 0.293071 0.056308 
0.502462 0.406160 0.013415 0.077963 
0.602872 0.037061 0.173649 0.186419 
0.062162 0.863901 0.001396 0.072541 
0.281693 0.522208 0.121184 0.074916 
0.312610 0.616152 0.003540 0.067698 
0.840544 0.021950 0.047858 0.089648 
0.757730 0.011837 0.148643 0.081790 
0.533437 0.000804 0.364362 0.101397 
0.194205 0.579508 0.170748 0.055538 
0.346249 0.220955 0.398920 0.033876 
0.226983 0.092791 0.638731 0.041494 
0.198807 0.148934 0.591842 0.060416 
0.406201 0.050481 0.474297 0.069022 
0.298336 0.078842 0.504396 0.118427 
0.664793 0.017263 0.188656 0.129288 
0.419844 0.016059 0.498694 0.065402 
0.432520 0.003381 0.520135 0.043963 
0.810668 0.003803 0.000971 0.184558 
0.586307 0.000323 0.051416 0.361954 
0.110445 0.001158 0.798926 0.089471 
0.097775 0.018636 0.736300 0.147289 
0.229465 0.248751 0.322901 0.198883 
0.004361 0.114614 0.777719 0.103305 
0.258436 0.067458 0.614395 0.059711 
0.292317 0.211032 0.435410 0.061241 
0.449157 0.400734 0.065871 0.084238 
0.004651 0.390491 0.450192 0.154666 
0.001320 0.211523 0.513800 0.273356 
0.462716 0.154525 0.140164 0.242595 
0.584815 0.137680 0.015530 0.261975 
0.309539 0.404989 0.121192 0.164281 
0.262943 0.406405 0.230006 0.100646 
0.022678 0.584759 0.228177 0.164387 
0.003759 0.275498 0.571594 0.149150 
0.042844 0.517614 0.236832 0.202710 
0.218232 0.180351 0.440677 0.160740 
0.317093 0.222552 0.318890 0.141465 
0.308788 0.280837 0.186630 0.223746 
0.279243 0.209863 0.300043 0.210850 
0.351557 0.101083 0.307999 0.239361 
0.437331 0.076500 0.016012 0.470157 
0.553081 0.001452 0.015278 0.430190 
0.469699 0.000827 0.133908 0.395566 
0.416128 0.006637 0.356686 0.220549 
0.213699 0.007120 0.426840 0.352341 
0.139275 0.003409 0.035132 0.822184 
0.474683 0.001848 0.028568 0.494901 
0.132446 0.009220 0.047037 0.811297 
0.006100 0.191478 0.273811 0.528611 
0.006151 0.304112 0.370726 0.319011 
0.033012 0.210687 0.329035 0.427266 
0.003891 0.434435 0.172888 0.388786 
0.057325 0.315694 0.293267 0.333714 
0.192302 0.280333 0.277422 0.249943 
0.206649 0.310747 0.185803 0.296801 
0.112036 0.292267 0.130486 0.465210 
0.251482 0.179342 0.176561 0.392615 
0.134810 0.283868 0.280542 0.300779 
0.335000 0.260261 0.035700 0.369039 
0.306374 0.200090 0.100163 0.393373 
0.312292 0.223470 0.196901 0.267337 
0.305824 0.257204 0.185158 0.251814 
0.115844 0.174751 0.233522 0.475884 
0.245655 0.156900 0.270539 0.326906 
0.208760 0.304529 0.191093 0.295619 
0.272802 0.214412 0.197779 0.315007 
0.279356 0.342152 0.076587 0.301906 
0.079925 0.221728 0.370605 0.327742 
0.002449 0.603470 0.032070 0.362012 
0.000596 0.371560 0.321961 0.305884 
0.001613 0.183180 0.479187 0.336021 
0.007819 0.095039 0.503478 0.393664 
0.240063 0.043829 0.126021 0.590087 
0.100479 0.009114 0.271477 0.618930 
0.115372 0.001309 0.340034 0.543285 
0.195899 0.006574 0.363032 0.434495 
0.406380 0.012078 0.074918 0.506624 
0.240131 0.054505 0.288702 0.416662 
0.339860 0.065256 0.245558 0.349326 
0.198423 0.104840 0.256711 0.440025 
0.166670 0.024570 0.408347 0.400413 
0.285601 0.018041 0.224601 0.471758 
0.442568 0.011084 0.108092 0.438256 
0.346960 0.003842 0.270932 0.378267 
0.314286 0.002368 0.335076 0.348270 
0.278551 0.003651 0.143017 0.574781 
0.030899 0.029763 0.469384 0.469954 
0.009588 0.053668 0.413305 0.523440 
0.263910 0.057574 0.264989 0.413527 
0.001224 0.028171 0.486212 0.484393 
0.013083 0.042180 0.229029 0.715708 
0.001264 0.103340 0.444352 0.451044 
0.040867 0.059471 0.452182 0.447479 
0.228355 0.194486 0.288506 0.288652 
0.248855 0.250280 0.238040 0.262825 
0.188311 0.220002 0.295675 0.296012 
0.252534 0.245150 0.196058 0.306257 
0.361984 0.279304 0.018942 0.339769 
0.280541 0.053991 0.355002 0.310465 
0.150441 0.157677 0.152580 0.539302 
0.223583 0.084767 0.158882 0.532767 
0.296135 0.036239 0.001379 0.666246 
0.418899 0.153543 0.042860 0.384698 
0.373283 0.165634 0.057538 0.403545 
0.256428 0.020878 0.231210 0.491484 
0.143606 0.105315 0.172227 0.578851 
0.140846 0.235289 0.004494 0.619372 
0.020533 0.325256 0.328731 0.325480 
0.131837 0.319851 0.260450 0.287862 
0.302938 0.336131 0.047605 0.313326 
0.256018 0.270617 0.188955 0.284410 
0.154422 0.315687 0.217961 0.311930 
0.164453 0.317708 0.176113 0.341725 
0.208466 0.315589 0.311096 0.164848 
0.031454 0.329664 0.331482 0.307401 
0.218432 0.268403 0.246960 0.266204 
0.214295 0.403219 0.204237 0.178249 
0.296533 0.303804 0.267929 0.131734 
0.307118 0.339638 0.324350 0.028895 
0.252611 0.596180 0.122311 0.028897 
0.132874 0.642180 0.139120 0.085827 
0.258499 0.673553 0.014387 0.053561 
0.126170 0.765304 0.010727 0.097800 
0.301380 0.680474 0.002815 0.015330 
0.318395 0.631094 0.005445 0.045067 
0.443114 0.404073 0.000236 0.152577 
0.477509 0.392614 0.000007 0.129870 
0.022287 0.790091 0.000000 0.187622 
0.000697 0.577636 0.000001 0.421666 
0.002804 0.807948 0.000117 0.189131 
0.163699 0.453312 0.000183 0.382805 
0.007682 0.755607 0.003864 0.232847 
0.005329 0.625317 0.006155 0.363199 
0.005525 0.467884 0.009064 0.517528 
0.193066 0.425199 0.035135 0.346601 
0.313208 0.356188 0.080024 0.250580 
0.228576 0.335883 0.152416 0.283125 
0.184427 0.297767 0.362841 0.154965 
0.015986 0.333982 0.400073 0.249959 
0.033213 0.403238 0.141342 0.422206 
0.221380 0.295327 0.203535 0.279758 
0.129694 0.416302 0.264276 0.189728 
0.143405 0.494163 0.112522 0.249909 
0.445440 0.326655 0.104088 0.123817 
0.200722 0.304408 0.351662 0.143208 
0.292932 0.226302 0.294043 0.186723 
0.322946 0.226300 0.257361 0.193393 
0.126460 0.397741 0.408121 0.067678 
0.233570 0.423229 0.216782 0.126419 
0.253891 0.487524 0.190576 0.068009 
0.280660 0.411283 0.242304 0.065753 
0.318996 0.281941 0.312415 0.086648 
0.258923 0.292999 0.338726 0.109352 
0.249687 0.235882 0.272318 0.242113 
0.239967 0.307979 0.137942 0.314112 
0.164862 0.290993 0.259324 0.284820 
0.274027 0.280860 0.175716 0.269397 
0.029893 0.412193 0.140672 0.417241 
0.007465 0.390593 0.394749 0.207193 
0.000223 0.347638 0.332655 0.319483 
0.068277 0.383996 0.265829 0.281898 
0.151400 0.324642 0.213692 0.310266 
0.130421 0.305001 0.273523 0.291055 
0.166228 0.474917 0.000211 0.358644 
0.137630 0.488295 0.000000 0.374074 
0.030103 0.490100 0.000000 0.479797 
0.263947 0.400303 0.000000 0.335750 
0.062101 0.466636 0.000000 0.471263 
0.008786 0.598435 0.000000 0.392779 
0.000000 0.776708 0.000000 0.223292 
0.032717 0.547353 0.000000 0.419930 
0.000011 0.766716 0.000017 0.233257 
0.113816 0.689225 0.009489 0.187470 
0.243412 0.689821 0.051269 0.015498 
0.435516 0.430751 0.089385 0.044348 
0.419376 0.362328 0.139450 0.078846 
0.332410 0.334286 0.180552 0.152752 
0.301125 0.303352 0.223001 0.172523 
0.163597 0.363338 0.185357 0.287708 
0.031835 0.367969 0.225649 0.374546 
0.136678 0.295487 0.275474 0.292361 
0.188293 0.290905 0.229418 0.291384 
0.023174 0.324796 0.326014 0.326016 
0.167666 0.459371 0.041829 0.331133 
0.194050 0.308354 0.360658 0.136939 
0.387679 0.364573 0.235194 0.012554 
0.209582 0.382910 0.382261 0.025247 
0.460740 0.424788 0.086315 0.028157 
0.489458 0.466384 0.031991 0.012166 
0.570778 0.412719 0.009237 0.007266 
0.030990 0.895749 0.001917 0.071343 
0.014961 0.933695 0.025035 0.026308 
0.302761 0.390225 0.272928 0.034085 
0.000602 0.431730 0.479022 0.088645 
0.000132 0.476815 0.440318 0.082735 
0.001152 0.533780 0.446579 0.018489 
0.003670 0.734250 0.230944 0.031135 
0.059318 0.559111 0.349033 0.032538 
0.000346 0.311848 0.429455 0.258351 
0.030162 0.339257 0.123490 0.507091 
0.259198 0.266840 0.121190 0.352773 
0.281895 0.261963 0.166124 0.290018 
0.190052 0.278644 0.326741 0.204564 
0.127025 0.283949 0.258687 0.330339 
0.314353 0.279290 0.060520 0.345838 
0.178685 0.267785 0.197634 0.355896 
0.174726 0.344031 0.147812 0.333431 
0.091514 0.389218 0.341718 0.177550 
0.214866 0.400194 0.053426 0.331514 
0.392726 0.356088 0.047827 0.203359 
