0.254006 0.239846 0.251083 0.255065 
0.329258 0.325890 0.015852 0.329000 
0.333398 0.327487 0.005596 0.333519 
0.333795 0.332601 0.000668 0.332936 
0.334411 0.330864 0.000001 0.334724 
0.334406 0.330769 0.000000 0.334825 
0.335591 0.327740 0.000000 0.336668 
0.341419 0.316129 0.000005 0.342448 
0.368729 0.246217 0.016409 0.368645 
0.355206 0.009628 0.279592 0.355574 
0.337794 0.000000 0.324165 0.338041 
0.336174 0.000000 0.328050 0.335776 
0.337226 0.000019 0.328521 0.334235 
0.337400 0.004190 0.323002 0.335408 
0.345288 0.046783 0.264409 0.343520 
0.345422 0.064629 0.250470 0.339480 
0.340698 0.038215 0.291767 0.329320 
0.338431 0.034292 0.307004 0.320272 
0.341292 0.003753 0.321606 0.333349 
0.331874 0.033715 0.306450 0.327961 
0.339988 0.001608 0.320146 0.338259 
0.337485 0.001694 0.328133 0.332688 
0.346958 0.002216 0.319623 0.331203 
0.340731 0.002788 0.326864 0.329617 
0.345977 0.005079 0.321291 0.327653 
0.343137 0.035587 0.295056 0.326220 
0.345522 0.322437 0.022140 0.309901 
0.344046 0.322128 0.013895 0.319931 
0.348947 0.331110 0.034790 0.285153 
0.355798 0.347597 0.011380 0.285225 
0.361025 0.353102 0.131957 0.153917 
0.363297 0.358181 0.203507 0.075015 
0.360638 0.349142 0.053508 0.236712 
0.354811 0.343671 0.261850 0.039668 
0.370854 0.343937 0.090576 0.194634 
0.377109 0.328052 0.005225 0.289615 
0.397067 0.232653 0.005439 0.364841 
0.405363 0.213421 0.011501 0.369715 
0.412618 0.174831 0.026313 0.386238 
0.414967 0.055010 0.139087 0.390936 
0.412116 0.045404 0.162399 0.380081 
0.410904 0.020973 0.198034 0.370090 
0.408933 0.009792 0.222817 0.358458 
0.412591 0.054044 0.182975 0.350390 
0.411141 0.026578 0.222927 0.339353 
0.407573 0.002136 0.288514 0.301778 
0.411983 0.059399 0.252267 0.276351 
0.412733 0.131345 0.184894 0.271029 
0.411174 0.024638 0.287126 0.277061 
0.412445 0.110119 0.180005 0.297432 
0.408712 0.003608 0.291930 0.295751 
0.410153 0.174541 0.309633 0.105674 
0.407569 0.302622 0.268008 0.021801 
0.406874 0.333379 0.004877 0.254870 
0.410094 0.301749 0.045604 0.242553 
0.411846 0.211784 0.128416 0.247954 
0.411573 0.084706 0.317842 0.185879 
0.412111 0.088580 0.279783 0.219526 
0.412673 0.130589 0.276162 0.180575 
0.412040 0.053263 0.360563 0.174134 
0.412127 0.104156 0.319885 0.163832 
0.412148 0.055819 0.336187 0.195846 
0.411640 0.254249 0.194217 0.139895 
0.410846 0.182290 0.175629 0.231235 
0.412151 0.111481 0.169084 0.307284 
0.411714 0.088413 0.209389 0.290484 
0.410944 0.027711 0.318460 0.242884 
0.411216 0.133262 0.318972 0.136550 
0.409861 0.013205 0.317720 0.259214 
0.412656 0.123805 0.237524 0.226015 
0.412641 0.261948 0.138069 0.187342 
0.411829 0.263540 0.234663 0.089969 
0.412937 0.202363 0.215807 0.168893 
0.412759 0.169402 0.245448 0.172391 
0.412693 0.154727 0.262856 0.169724 
0.412248 0.192711 0.223496 0.171545 
0.412725 0.131658 0.219168 0.236450 
0.412759 0.135954 0.228524 0.222763 
0.412631 0.272075 0.123957 0.191337 
0.412552 0.277185 0.146684 0.163578 
0.412936 0.209787 0.188139 0.189138 
0.412776 0.158613 0.269815 0.158795 
0.412437 0.198287 0.282915 0.106362 
0.412653 0.295029 0.162663 0.129655 
0.412636 0.233137 0.238258 0.115968 
0.412599 0.190739 0.286995 0.109666 
0.412817 0.151832 0.282218 0.153134 
0.412669 0.249568 0.200501 0.137261 
0.412916 0.240576 0.148169 0.198339 
0.412700 0.118173 0.266530 0.202598 
0.412796 0.165712 0.157502 0.263990 
0.412909 0.192095 0.159554 0.235441 
0.412825 0.199144 0.147029 0.241002 
0.412581 0.109278 0.293455 0.184685 
0.411797 0.054299 0.336724 0.197180 
0.413679 0.081954 0.360406 0.143960 
0.412247 0.046756 0.353192 0.187805 
0.412199 0.055872 0.341359 0.190571 
0.412630 0.154194 0.329947 0.103228 
0.412878 0.239352 0.200761 0.147010 
0.413045 0.225227 0.179936 0.181792 
0.413076 0.189381 0.204512 0.193032 
0.413028 0.191882 0.207044 0.188047 
0.412702 0.235004 0.147030 0.205264 
0.412589 0.279908 0.149511 0.157992 
0.412924 0.192544 0.187046 0.207486 
0.412469 0.180727 0.231078 0.175727 
0.412690 0.167683 0.261469 0.158158 
0.412998 0.182463 0.193369 0.211170 
0.412872 0.212745 0.155726 0.218657 
0.412830 0.255525 0.141341 0.190303 
0.413036 0.190614 0.183528 0.212821 
0.413058 0.177356 0.196538 0.213048 
0.412962 0.208257 0.174653 0.204127 
0.412984 0.194996 0.217272 0.174748 
0.412935 0.157379 0.269887 0.159798 
0.412739 0.197822 0.252195 0.137244 
0.412726 0.267049 0.196801 0.123424 
0.412752 0.210138 0.256079 0.121031 
0.413020 0.190891 0.226981 0.169108 
0.413089 0.189622 0.208193 0.189095 
0.412972 0.196244 0.217629 0.173154 
0.412571 0.271227 0.201720 0.114483 
0.412572 0.172470 0.310671 0.104286 
0.412858 0.334027 0.127851 0.125263 
0.412743 0.294914 0.150305 0.142038 
0.413547 0.352563 0.128955 0.104935 
0.412611 0.287239 0.161516 0.138634 
0.411336 0.306878 0.197079 0.084706 
0.411725 0.303897 0.177606 0.106773 
0.412471 0.235704 0.172464 0.179361 
0.412471 0.277000 0.156002 0.154526 
0.412647 0.186330 0.277636 0.123388 
0.412522 0.155759 0.311977 0.119741 
0.411857 0.231470 0.301986 0.054687 
0.412410 0.179857 0.330272 0.077461 
0.412388 0.193748 0.306795 0.087069 
0.412731 0.135589 0.309465 0.142215 
0.412752 0.150562 0.290762 0.145924 
0.412663 0.206765 0.230242 0.150331 
0.412718 0.150790 0.270803 0.165688 
0.412672 0.123842 0.294692 0.168794 
0.411311 0.276243 0.244702 0.067743 
0.410226 0.266758 0.297735 0.025281 
0.411659 0.157647 0.329243 0.101451 
0.412517 0.103592 0.359565 0.124326 
0.412368 0.165191 0.391928 0.030513 
0.415732 0.080394 0.398913 0.104960 
0.417246 0.087636 0.404313 0.090805 
0.417928 0.087855 0.412730 0.081487 
0.415006 0.126912 0.390386 0.067697 
0.413789 0.154298 0.396245 0.035668 
0.414276 0.108821 0.386078 0.090826 
0.415850 0.095011 0.405112 0.084026 
0.414826 0.087492 0.412076 0.085606 
0.408339 0.075742 0.402493 0.113426 
0.415648 0.066400 0.411974 0.105979 
0.411975 0.118912 0.411568 0.057545 
0.415224 0.088073 0.419201 0.077501 
0.408218 0.084062 0.419257 0.088464 
0.399823 0.114117 0.414124 0.071936 
0.393385 0.094160 0.405334 0.107122 
0.393911 0.111033 0.391498 0.103559 
0.377478 0.252636 0.365799 0.004087 
0.392611 0.219785 0.339033 0.048570 
0.400609 0.165540 0.335379 0.098472 
0.399502 0.136025 0.369378 0.095095 
0.397331 0.159145 0.369498 0.074027 
0.382725 0.231064 0.364902 0.021309 
0.388469 0.098536 0.397791 0.115204 
0.391338 0.158833 0.374896 0.074934 
0.380182 0.233169 0.370451 0.016198 
0.383465 0.137837 0.363701 0.114998 
0.387125 0.113496 0.362503 0.136876 
0.385576 0.192358 0.370849 0.051217 
0.398556 0.104735 0.373562 0.123147 
0.399398 0.098284 0.378866 0.123452 
0.401423 0.115343 0.372196 0.111037 
0.404346 0.131514 0.380117 0.084023 
0.397176 0.219724 0.368949 0.014151 
0.400260 0.128550 0.374871 0.096320 
0.397406 0.143878 0.399198 0.059518 
0.395691 0.207456 0.369685 0.027168 
0.397649 0.095065 0.361282 0.146005 
0.399911 0.098883 0.346326 0.154879 
0.396260 0.223437 0.340542 0.039761 
0.400360 0.133373 0.358640 0.107628 
0.396237 0.190062 0.343370 0.070332 
0.398213 0.070704 0.354121 0.176963 
0.398129 0.073070 0.372373 0.156428 
0.394890 0.103569 0.363873 0.137667 
0.395291 0.107460 0.371018 0.126231 
0.389864 0.234253 0.340709 0.035174 
0.383668 0.290870 0.323995 0.001468 
0.396235 0.179488 0.372301 0.051976 
0.400194 0.101180 0.382584 0.116042 
0.377127 0.204492 0.383443 0.034938 
0.380248 0.167771 0.370065 0.081916 
0.370942 0.125866 0.384862 0.118330 
0.356846 0.227909 0.377951 0.037295 
0.371303 0.165056 0.374541 0.089100 
0.364766 0.135553 0.385957 0.113724 
0.358844 0.117762 0.386320 0.137074 
0.286854 0.217447 0.383635 0.112064 
0.338506 0.135718 0.377609 0.148167 
0.325578 0.166542 0.356603 0.151278 
0.346576 0.239426 0.339917 0.074081 
0.331719 0.323424 0.336371 0.008486 
0.326346 0.177600 0.362394 0.133661 
0.311225 0.249348 0.359211 0.080216 
0.312515 0.155775 0.364490 0.167220 
0.342769 0.137502 0.361504 0.158226 
0.329626 0.141109 0.366798 0.162466 
0.353553 0.153481 0.352461 0.140505 
0.332638 0.254547 0.349312 0.063503 
0.351579 0.139176 0.362657 0.146588 
0.372903 0.175400 0.356521 0.095177 
0.390503 0.205198 0.343996 0.060303 
0.379077 0.182707 0.348151 0.090065 
0.374056 0.170536 0.346242 0.109166 
0.374564 0.213881 0.342544 0.069011 
0.392295 0.141375 0.347307 0.119022 
0.365716 0.171521 0.360688 0.102075 
0.363941 0.149627 0.355396 0.131036 
0.302961 0.277484 0.355241 0.064314 
0.285436 0.183987 0.330641 0.199936 
0.203453 0.224577 0.363780 0.208190 
0.231152 0.203644 0.353241 0.211964 
0.184807 0.247851 0.366347 0.200994 
0.152062 0.322405 0.359358 0.166175 
0.311439 0.188555 0.338365 0.161641 
0.243428 0.282585 0.325940 0.148047 
0.321320 0.168528 0.342816 0.167335 
0.312766 0.204066 0.359176 0.123993 
0.333984 0.165793 0.353444 0.146779 
0.360166 0.149788 0.335077 0.154968 
0.354848 0.213276 0.271162 0.160714 
0.355020 0.248375 0.297555 0.099050 
0.342124 0.184719 0.345825 0.127331 
0.320453 0.165898 0.353959 0.159689 
0.345437 0.314339 0.322006 0.018217 
0.354627 0.254328 0.328359 0.062686 
0.294677 0.185606 0.333228 0.186489 
0.223689 0.234766 0.328127 0.213418 
0.279312 0.194324 0.336780 0.189584 
0.221273 0.221502 0.336904 0.220321 
0.241954 0.252796 0.316396 0.188854 
0.242254 0.252880 0.276085 0.228781 
0.234099 0.395083 0.194438 0.176379 
0.210591 0.344473 0.228025 0.216910 
0.216084 0.380466 0.200663 0.202787 
0.210431 0.364843 0.206811 0.217915 
0.221106 0.371578 0.201595 0.205722 
0.241378 0.248344 0.263715 0.246562 
0.354174 0.167753 0.305936 0.172138 
0.337394 0.233617 0.344669 0.084321 
0.335833 0.150380 0.349527 0.164260 
0.269784 0.176623 0.357914 0.195679 
0.370998 0.287969 0.281307 0.059726 
0.374994 0.195398 0.261287 0.168321 
0.407147 0.193621 0.207002 0.192231 
0.347623 0.258076 0.246700 0.147601 
0.300491 0.277742 0.353193 0.068574 
0.319129 0.193182 0.357203 0.130485 
0.227546 0.222808 0.367136 0.182509 
0.184535 0.296176 0.366876 0.152413 
0.308782 0.171289 0.353653 0.166275 
0.328229 0.169509 0.352782 0.149480 
0.278909 0.234597 0.349328 0.137166 
0.322893 0.247906 0.264201 0.165000 
0.274267 0.203482 0.309337 0.212914 
0.352236 0.210125 0.240712 0.196927 
0.279031 0.230583 0.232330 0.258056 
0.291428 0.230160 0.284475 0.193936 
0.223308 0.188896 0.347691 0.240104 
0.268834 0.175639 0.326413 0.229114 
0.224636 0.226779 0.283995 0.264590 
0.248889 0.190750 0.343752 0.216609 
0.242702 0.190852 0.352915 0.213531 
0.248433 0.350980 0.257676 0.142912 
0.303443 0.330660 0.238231 0.127667 
0.323519 0.298068 0.277546 0.100867 
0.253582 0.233106 0.269796 0.243517 
0.221032 0.217061 0.307025 0.254882 
0.225013 0.215762 0.300203 0.259022 
0.211815 0.210980 0.320335 0.256870 
0.180622 0.310588 0.288674 0.220115 
0.174069 0.354806 0.260926 0.210199 
0.166673 0.358789 0.257836 0.216702 
0.240748 0.259270 0.231200 0.268782 
0.213754 0.327056 0.213159 0.246031 
0.209335 0.366613 0.192380 0.231672 
0.304295 0.321001 0.164410 0.210294 
0.320362 0.349325 0.134849 0.195465 
0.282839 0.243965 0.219962 0.253234 
0.283950 0.239760 0.210106 0.266184 
0.282691 0.327277 0.162426 0.227606 
0.347114 0.206275 0.231155 0.215456 
0.340143 0.171776 0.295971 0.192111 
0.360162 0.146569 0.347594 0.145674 
0.345489 0.168659 0.355659 0.130193 
0.314041 0.160854 0.363990 0.161115 
0.307082 0.167330 0.367266 0.158323 
0.284460 0.191357 0.358699 0.165484 
0.292464 0.299015 0.345444 0.063077 
0.166403 0.313031 0.353102 0.167465 
0.243938 0.220461 0.339361 0.196241 
0.238226 0.214917 0.341966 0.204891 
0.188671 0.336870 0.320115 0.154344 
0.194353 0.338491 0.287496 0.179660 
0.260077 0.315988 0.321967 0.101968 
0.246945 0.284535 0.323334 0.145185 
0.199349 0.311559 0.337832 0.151260 
0.192750 0.301545 0.340828 0.164877 
0.191698 0.317094 0.345717 0.145490 
0.155932 0.359753 0.330161 0.154154 
0.171608 0.363512 0.336975 0.127905 
0.148404 0.366800 0.363232 0.121564 
0.249607 0.370387 0.344671 0.035335 
0.141700 0.379064 0.354476 0.124761 
0.143663 0.362667 0.358902 0.134768 
0.129943 0.368194 0.352708 0.149155 
0.256478 0.368021 0.353007 0.022495 
0.298953 0.354677 0.334989 0.011382 
0.205122 0.372876 0.342780 0.079221 
0.178525 0.377850 0.324821 0.118804 
0.155060 0.379333 0.317451 0.148155 
0.234799 0.375822 0.309177 0.080202 
0.238072 0.388397 0.293609 0.079921 
0.282155 0.370622 0.312326 0.034897 
0.183256 0.368454 0.343484 0.104806 
0.134409 0.377546 0.353557 0.134488 
0.149399 0.387872 0.348094 0.114636 
0.248122 0.384280 0.323542 0.044056 
0.137152 0.396024 0.325514 0.141310 
0.171103 0.401587 0.317628 0.109682 
0.269444 0.386692 0.324534 0.019330 
0.196303 0.396548 0.344695 0.062454 
0.210839 0.407176 0.329395 0.052590 
0.175130 0.396555 0.320270 0.108045 
0.143846 0.396815 0.308023 0.151315 
0.238657 0.403641 0.307701 0.050001 
0.144481 0.410440 0.310809 0.134270 
0.165176 0.403291 0.281266 0.150268 
0.142498 0.397873 0.328431 0.131198 
0.149633 0.395821 0.331703 0.122844 
0.164813 0.391318 0.324704 0.119164 
0.246821 0.389975 0.272276 0.090928 
0.230981 0.395465 0.239120 0.134434 
0.209620 0.394445 0.217445 0.178491 
0.210858 0.394053 0.196363 0.198726 
0.225668 0.383055 0.217128 0.174149 
0.192434 0.365783 0.245969 0.195814 
0.185306 0.375078 0.264088 0.175528 
0.160079 0.365595 0.322429 0.151897 
0.251579 0.364565 0.318478 0.065377 
0.178861 0.390159 0.287415 0.143565 
0.219831 0.398062 0.260181 0.121926 
0.115571 0.385033 0.329228 0.170168 
0.131619 0.367498 0.334909 0.165974 
0.190810 0.355648 0.349814 0.103728 
0.098187 0.359216 0.357789 0.184808 
0.127668 0.382420 0.349813 0.140099 
0.157991 0.363112 0.378876 0.100022 
0.104290 0.389091 0.382357 0.124262 
0.191589 0.380911 0.380134 0.047367 
0.178881 0.385861 0.410056 0.025201 
0.177915 0.391998 0.381109 0.048979 
0.089144 0.395507 0.334146 0.181203 
0.299594 0.388795 0.204453 0.107158 
0.137661 0.396522 0.307638 0.158180 
0.176402 0.398420 0.312102 0.113076 
0.304710 0.398196 0.275419 0.021676 
0.147179 0.394580 0.326558 0.131683 
0.148825 0.381938 0.334985 0.134252 
0.199681 0.389575 0.290594 0.120150 
0.249242 0.394509 0.260473 0.095776 
0.175086 0.401054 0.249094 0.174766 
0.140655 0.401979 0.317669 0.139697 
0.124968 0.401037 0.348459 0.125536 
0.114831 0.392520 0.369395 0.123253 
0.141535 0.396983 0.382999 0.078483 
0.132478 0.383329 0.385518 0.098675 
0.121136 0.368879 0.397428 0.112557 
0.117554 0.381923 0.366022 0.134500 
0.272967 0.382915 0.323197 0.020921 
0.126333 0.399015 0.345569 0.129083 
0.134549 0.364780 0.379241 0.121430 
0.149240 0.363995 0.383493 0.103273 
0.125726 0.350834 0.396475 0.126966 
0.130005 0.351367 0.387614 0.131014 
0.156356 0.364888 0.381413 0.097343 
0.126157 0.373584 0.373569 0.126690 
0.172011 0.363565 0.369120 0.095304 
0.162647 0.360290 0.374405 0.102658 
0.194516 0.338395 0.398669 0.068420 
0.115417 0.349751 0.400326 0.134506 
0.202655 0.355515 0.401038 0.040792 
0.193450 0.390364 0.387079 0.029107 
0.096786 0.398463 0.389546 0.115206 
0.148697 0.394480 0.375169 0.081654 
0.151138 0.398375 0.329288 0.121199 
0.159985 0.400042 0.333973 0.106000 
0.303557 0.390600 0.294596 0.011247 
0.250571 0.405438 0.232765 0.111226 
0.189301 0.405713 0.238856 0.166130 
0.201012 0.404843 0.195647 0.198498 
0.214534 0.404159 0.188744 0.192563 
0.203164 0.405538 0.196182 0.195116 
0.348827 0.399882 0.131479 0.119812 
0.320807 0.399923 0.164373 0.114896 
0.334429 0.405025 0.163714 0.096831 
0.309254 0.408473 0.143415 0.138857 
0.302278 0.406639 0.168080 0.123003 
0.303925 0.407251 0.156496 0.132328 
0.195625 0.410637 0.212100 0.181638 
0.298417 0.407008 0.143308 0.151267 
0.189001 0.404254 0.286864 0.119881 
0.168900 0.400946 0.258363 0.171791 
0.187300 0.391015 0.276001 0.145684 
0.211181 0.384085 0.241941 0.162793 
0.269447 0.382249 0.220574 0.127731 
0.189645 0.394445 0.238234 0.177676 
0.185975 0.391314 0.238552 0.184160 
0.208955 0.376990 0.216317 0.197738 
0.210970 0.366644 0.210821 0.211565 
0.205555 0.366561 0.222623 0.205261 
0.294854 0.369665 0.174336 0.161145 
0.239843 0.370296 0.199970 0.189891 
0.179654 0.360650 0.298207 0.161490 
0.221989 0.360582 0.208492 0.208936 
0.238080 0.354091 0.213896 0.193933 
0.271908 0.357428 0.226038 0.144626 
0.247732 0.321114 0.334214 0.096940 
0.268389 0.331349 0.342709 0.057553 
0.152453 0.344996 0.335507 0.167044 
0.245883 0.348708 0.219942 0.185466 
0.245989 0.371596 0.227897 0.154517 
0.283921 0.364635 0.169805 0.181638 
0.201528 0.361663 0.245929 0.190880 
0.303295 0.351619 0.174165 0.170920 
0.273509 0.357848 0.217146 0.151497 
0.303490 0.359960 0.170852 0.165698 
0.351643 0.350747 0.150122 0.147488 
0.330858 0.362160 0.183187 0.123795 
0.225255 0.361509 0.202390 0.210846 
0.279552 0.357102 0.189098 0.174248 
0.310917 0.358769 0.163825 0.166489 
0.282271 0.359691 0.175604 0.182434 
0.256384 0.368343 0.190689 0.184584 
0.294629 0.375263 0.229119 0.100989 
0.190442 0.379413 0.334014 0.096131 
0.134604 0.372317 0.375786 0.117293 
0.133007 0.374719 0.359863 0.132410 
0.121654 0.365717 0.361706 0.150923 
0.138035 0.334823 0.400264 0.126878 
0.162880 0.284613 0.398346 0.154160 
0.242062 0.237919 0.391850 0.128170 
0.193438 0.226406 0.354100 0.226057 
0.200384 0.200455 0.375662 0.223499 
0.262705 0.186039 0.316778 0.234478 
0.363220 0.172493 0.245083 0.219204 
0.194720 0.313085 0.244797 0.247398 
0.216863 0.311912 0.215708 0.255517 
0.405693 0.257952 0.145085 0.191270 
0.411865 0.234192 0.187294 0.166648 
0.362110 0.338434 0.152510 0.146945 
0.281754 0.345726 0.154038 0.218482 
0.158182 0.334195 0.290850 0.216772 
0.157790 0.327601 0.361464 0.153145 
0.170635 0.321842 0.393524 0.113999 
0.154294 0.282066 0.395308 0.168332 
0.120315 0.305855 0.411203 0.162627 
0.195617 0.309602 0.399569 0.095212 
0.224622 0.225273 0.403441 0.146664 
0.256686 0.168908 0.403493 0.170913 
0.314300 0.149768 0.369884 0.166048 
0.269889 0.185651 0.371262 0.173199 
0.349770 0.166668 0.329411 0.154151 
0.338435 0.217296 0.363656 0.080613 
0.319892 0.279891 0.325474 0.074743 
0.297769 0.295376 0.209806 0.197049 
0.227360 0.307439 0.225449 0.239752 
0.277059 0.315447 0.206834 0.200660 
0.265036 0.213625 0.337433 0.183905 
0.199826 0.243629 0.375276 0.181269 
0.201948 0.220615 0.405505 0.171932 
0.297289 0.210763 0.410529 0.081418 
0.321924 0.216564 0.405343 0.056169 
0.230637 0.210103 0.409122 0.150138 
0.254162 0.217308 0.375200 0.153330 
0.331104 0.236203 0.361554 0.071139 
0.210293 0.309214 0.356085 0.124409 
0.236811 0.313512 0.368821 0.080856 
0.257777 0.339521 0.327906 0.074797 
0.182209 0.317147 0.293067 0.207577 
0.316603 0.221333 0.228791 0.233273 
0.316587 0.201309 0.255991 0.226113 
0.233103 0.243143 0.271051 0.252703 
0.246907 0.250350 0.246914 0.255830 
0.229228 0.228115 0.296014 0.246643 
0.215281 0.210345 0.324584 0.249790 
0.235723 0.202054 0.360749 0.201474 
0.293872 0.222825 0.258950 0.224353 
0.274602 0.207455 0.308056 0.209886 
0.227689 0.221003 0.268683 0.282625 
0.279871 0.216669 0.253953 0.249506 
0.362426 0.135349 0.332232 0.169993 
0.284900 0.178956 0.226552 0.309592 
0.283383 0.144361 0.276579 0.295677 
0.219416 0.197214 0.273381 0.309989 
0.263297 0.232187 0.198044 0.306471 
0.265887 0.234215 0.234395 0.265503 
0.292820 0.244421 0.223521 0.239238 
0.199287 0.225395 0.277704 0.297614 
0.235946 0.257656 0.260424 0.245974 
0.242640 0.248000 0.258781 0.250578 
0.232500 0.250830 0.280858 0.235812 
0.244198 0.225504 0.286387 0.243912 
0.317160 0.235447 0.219356 0.228038 
0.277351 0.240160 0.264280 0.218209 
0.295796 0.217632 0.291155 0.195416 
0.319348 0.175878 0.286029 0.218746 
0.207115 0.236377 0.292848 0.263660 
0.242102 0.258892 0.237005 0.262001 
0.217468 0.247892 0.248285 0.286355 
0.312931 0.233864 0.225723 0.227483 
0.360496 0.208582 0.201121 0.229801 
0.357294 0.138290 0.320702 0.183715 
0.356074 0.143383 0.352172 0.148371 
0.369830 0.179152 0.289666 0.161351 
0.290750 0.176383 0.371402 0.161465 
0.320187 0.122662 0.359838 0.197313 
0.165338 0.164198 0.358115 0.312349 
0.284245 0.043535 0.368705 0.303514 
0.367363 0.133292 0.344536 0.154809 
0.381592 0.141642 0.303113 0.173653 
0.370273 0.171691 0.244841 0.213195 
0.382125 0.183003 0.184510 0.250362 
0.296245 0.106235 0.293396 0.304123 
0.245880 0.155711 0.284065 0.314345 
0.209008 0.156333 0.345281 0.289378 
0.228023 0.229746 0.253147 0.289084 
0.285428 0.234898 0.237260 0.242414 
0.275662 0.238748 0.241178 0.244412 
0.323053 0.213391 0.245913 0.217644 
0.292662 0.211105 0.245155 0.251078 
0.268847 0.235337 0.257881 0.237935 
0.266005 0.233217 0.233116 0.267662 
0.291467 0.230635 0.248985 0.228913 
0.335333 0.174151 0.298746 0.191770 
0.328895 0.185544 0.227944 0.257616 
0.336015 0.127220 0.308765 0.228001 
0.346418 0.166847 0.307248 0.179487 
0.329410 0.214090 0.257542 0.198957 
0.244387 0.261965 0.225137 0.268510 
0.185138 0.227533 0.324159 0.263170 
0.269464 0.244688 0.248690 0.237158 
0.228721 0.225571 0.292441 0.253267 
0.271784 0.141118 0.339882 0.247216 
0.249574 0.169526 0.360626 0.220273 
0.317001 0.171685 0.318474 0.192840 
0.321444 0.242685 0.213569 0.222302 
0.235194 0.247485 0.240219 0.277102 
0.292785 0.188140 0.334488 0.184587 
0.267117 0.236705 0.286146 0.210032 
0.277981 0.238081 0.238659 0.245279 
0.232771 0.270805 0.246750 0.249674 
0.214675 0.256144 0.289686 0.239494 
0.285278 0.293904 0.198702 0.222115 
0.339013 0.296365 0.192353 0.172269 
0.341785 0.314978 0.177768 0.165469 
0.267931 0.313538 0.200258 0.218273 
0.280560 0.313752 0.274673 0.131015 
0.321502 0.265546 0.349901 0.063050 
0.351257 0.275596 0.242783 0.130364 
0.289713 0.285922 0.199338 0.225027 
0.264758 0.275077 0.249187 0.210978 
0.329482 0.243222 0.265492 0.161803 
0.360340 0.277353 0.187307 0.175000 
0.354186 0.280945 0.179619 0.185251 
0.308538 0.256409 0.295426 0.139627 
0.268514 0.296058 0.201956 0.233471 
0.227635 0.284910 0.211567 0.275889 
0.208384 0.291120 0.222436 0.278059 
0.116423 0.265483 0.349430 0.268664 
0.235140 0.268055 0.261705 0.235101 
0.262413 0.233846 0.239102 0.264638 
0.332011 0.245466 0.227634 0.194889 
0.149747 0.316437 0.243731 0.290085 
0.313846 0.324733 0.036976 0.324445 
0.150995 0.200025 0.318410 0.330569 
0.323578 0.009123 0.355345 0.311955 
0.338961 0.004801 0.348259 0.307979 
0.352992 0.041439 0.343864 0.261705 
0.255648 0.173816 0.339777 0.230759 
0.317700 0.309159 0.116588 0.256553 
0.309029 0.315807 0.045682 0.329482 
0.275000 0.308843 0.074298 0.341859 
0.255803 0.319435 0.107060 0.317702 
0.300104 0.311368 0.051509 0.337018 
0.275203 0.332877 0.092370 0.299551 
0.189860 0.332099 0.143097 0.334944 
0.172546 0.345199 0.173166 0.309089 
0.200721 0.349846 0.216689 0.232744 
0.169620 0.345966 0.270946 0.213468 
0.209123 0.357915 0.212984 0.219979 
0.150731 0.351132 0.342869 0.155268 
0.215179 0.356626 0.217552 0.210644 
0.180182 0.355305 0.226336 0.238177 
0.010106 0.327012 0.333598 0.329284 
0.084305 0.339592 0.376429 0.199673 
0.003944 0.308940 0.369264 0.317852 
0.017819 0.325557 0.347828 0.308795 
0.027613 0.322427 0.359226 0.290734 
0.009461 0.318847 0.316365 0.355327 
0.035455 0.332726 0.318871 0.312948 
0.062078 0.324360 0.364583 0.248979 
0.159518 0.345454 0.347075 0.147954 
0.137477 0.339129 0.336315 0.187079 
0.228735 0.343959 0.264811 0.162494 
0.300812 0.328652 0.276259 0.094278 
0.330679 0.304812 0.291161 0.073348 
0.344890 0.307737 0.200254 0.147118 
0.293271 0.288528 0.331166 0.087035 
0.267756 0.275723 0.300858 0.155663 
0.252678 0.315933 0.214801 0.216588 
0.244650 0.319674 0.192057 0.243618 
0.234094 0.284369 0.351735 0.129802 
0.267412 0.285396 0.201070 0.246122 
0.277938 0.265719 0.144144 0.312199 
0.256890 0.249224 0.301440 0.192446 
0.225895 0.238931 0.285053 0.250121 
0.218606 0.258725 0.292717 0.229952 
0.220991 0.241248 0.247860 0.289902 
0.260229 0.239216 0.252493 0.248061 
0.335745 0.197816 0.123272 0.343167 
0.231381 0.187597 0.219355 0.361667 
0.278611 0.194896 0.168798 0.357695 
0.274731 0.199889 0.180646 0.344734 
0.309173 0.211823 0.263560 0.215444 
0.296408 0.201842 0.310646 0.191103 
0.240670 0.174197 0.366960 0.218173 
0.189612 0.128175 0.349345 0.332868 
0.162208 0.163897 0.301174 0.372721 
0.178152 0.228472 0.202604 0.390772 
0.117593 0.201746 0.297916 0.382746 
0.145079 0.158825 0.310762 0.385334 
0.131840 0.158920 0.359493 0.349747 
0.097185 0.190945 0.353345 0.358524 
0.118091 0.271331 0.254164 0.356414 
0.150854 0.198468 0.349928 0.300751 
0.153348 0.271346 0.363788 0.211518 
0.293449 0.323653 0.316117 0.066780 
0.281567 0.331371 0.154494 0.232568 
0.302163 0.341008 0.144853 0.211975 
0.332070 0.326065 0.317881 0.023985 
0.355442 0.330495 0.105451 0.208612 
0.364344 0.329170 0.142194 0.164292 
0.350322 0.343062 0.147217 0.159399 
0.348491 0.341516 0.229324 0.080669 
0.351067 0.330947 0.294414 0.023572 
0.366468 0.342278 0.155548 0.135706 
0.357395 0.337902 0.132367 0.172336 
0.343627 0.297416 0.284179 0.074777 
0.324843 0.315800 0.289031 0.070325 
0.328999 0.340191 0.116617 0.214193 
0.318721 0.341198 0.120955 0.219125 
0.270939 0.340976 0.093434 0.294652 
0.211235 0.350517 0.246163 0.192084 
0.040382 0.322211 0.355446 0.281962 
0.028926 0.314874 0.331709 0.324491 
0.127758 0.329794 0.365849 0.176599 
0.174155 0.334743 0.221960 0.269142 
0.259783 0.332908 0.211429 0.195880 
0.240174 0.321887 0.231515 0.206423 
0.221322 0.327065 0.186975 0.264638 
0.231006 0.297493 0.287893 0.183608 
0.092622 0.321617 0.291179 0.294581 
0.197721 0.347065 0.196641 0.258573 
0.226773 0.351305 0.205802 0.216120 
0.229110 0.350355 0.207663 0.212873 
0.219097 0.352233 0.205299 0.223370 
0.172587 0.348963 0.251797 0.226653 
0.193194 0.347365 0.301671 0.157770 
0.209786 0.348381 0.261617 0.180215 
0.234169 0.350828 0.143068 0.271935 
0.213245 0.357830 0.249960 0.178965 
0.159896 0.346801 0.243510 0.249793 
0.142561 0.351387 0.310208 0.195844 
0.160476 0.348554 0.187850 0.303120 
0.227416 0.343708 0.350827 0.078050 
0.123594 0.360221 0.289352 0.226834 
0.105269 0.352058 0.316129 0.226545 
0.153203 0.350711 0.345398 0.150687 
0.157222 0.359123 0.314962 0.168693 
0.224522 0.354487 0.244758 0.176234 
0.195938 0.350467 0.194837 0.258759 
0.225066 0.352410 0.097950 0.324574 
0.166442 0.341556 0.216844 0.275159 
0.272005 0.259851 0.245311 0.222833 
0.242458 0.304995 0.147481 0.305066 
0.262907 0.253057 0.322947 0.161089 
0.308362 0.237251 0.277035 0.177353 
0.325572 0.223868 0.284365 0.166195 
0.302725 0.148532 0.375705 0.173039 
0.310195 0.114281 0.360848 0.214676 
0.287967 0.058745 0.385520 0.267767 
0.322259 0.127529 0.335638 0.214574 
0.313640 0.152377 0.381378 0.152605 
0.296040 0.173359 0.406327 0.124274 
0.255560 0.175284 0.412647 0.156508 
0.245464 0.122571 0.411886 0.220079 
0.211767 0.073363 0.376609 0.338261 
0.264093 0.142131 0.210167 0.383610 
0.288887 0.105135 0.246977 0.359001 
0.265433 0.107672 0.249300 0.377595 
0.255182 0.031420 0.338177 0.375222 
0.227737 0.030944 0.335620 0.405698 
0.243173 0.067151 0.282640 0.407036 
0.260693 0.057200 0.276413 0.405694 
0.207676 0.076557 0.312496 0.403271 
0.199017 0.092766 0.307083 0.401134 
0.173340 0.102162 0.321485 0.403013 
0.176320 0.075419 0.338129 0.410131 
0.181505 0.070619 0.337562 0.410314 
0.182857 0.067285 0.344468 0.405389 
0.158888 0.069319 0.365259 0.406534 
0.168559 0.048534 0.373943 0.408964 
0.199517 0.049630 0.346014 0.404839 
0.184901 0.046886 0.365099 0.403114 
0.134297 0.041866 0.423266 0.400572 
0.150892 0.043674 0.404460 0.400973 
0.162164 0.044315 0.390444 0.403077 
0.143842 0.035163 0.408994 0.412000 
0.159403 0.054544 0.373590 0.412464 
0.124071 0.056965 0.401212 0.417753 
0.178701 0.080487 0.328730 0.412082 
0.128912 0.103799 0.354979 0.412311 
0.050219 0.155647 0.382005 0.412129 
0.031142 0.211128 0.349338 0.408392 
0.103972 0.142705 0.345027 0.408296 
0.038119 0.161016 0.392130 0.408735 
0.131386 0.093960 0.362096 0.412559 
0.109766 0.111452 0.367717 0.411066 
0.065484 0.137350 0.388115 0.409051 
0.051926 0.208822 0.329992 0.409260 
0.123063 0.220061 0.244433 0.412444 
0.178930 0.260586 0.148592 0.411892 
0.200307 0.212413 0.177547 0.409733 
0.156794 0.152224 0.282074 0.408908 
0.183867 0.123016 0.287708 0.405409 
0.174335 0.125691 0.290752 0.409222 
0.140290 0.094045 0.358099 0.407566 
0.141046 0.093478 0.354719 0.410758 
0.145211 0.083070 0.360115 0.411605 
0.158254 0.089603 0.340103 0.412040 
0.149880 0.087372 0.354062 0.408686 
0.151639 0.078414 0.360420 0.409528 
0.171259 0.057793 0.359115 0.411833 
0.134469 0.090123 0.362664 0.412745 
0.162501 0.051241 0.372530 0.413728 
0.150308 0.050173 0.385448 0.414071 
0.138196 0.068370 0.386940 0.406494 
0.130585 0.077857 0.383279 0.408280 
0.124893 0.086347 0.376940 0.411820 
0.088039 0.111484 0.391131 0.409345 
0.104795 0.132456 0.367808 0.394942 
0.087208 0.173964 0.349175 0.389652 
0.109865 0.121375 0.370867 0.397893 
0.132700 0.111520 0.353036 0.402743 
0.145623 0.107820 0.370476 0.376080 
0.170552 0.129820 0.321672 0.377956 
0.155260 0.124225 0.347415 0.373100 
0.129048 0.184526 0.337139 0.349287 
0.162487 0.208042 0.259739 0.369732 
0.212398 0.240909 0.180804 0.365889 
0.200809 0.150444 0.273276 0.375471 
0.194974 0.101968 0.332344 0.370715 
0.235631 0.145485 0.242994 0.375890 
0.193795 0.214074 0.195657 0.396474 
0.240526 0.197834 0.159436 0.402204 
0.195990 0.130048 0.269847 0.404115 
0.220131 0.165515 0.213720 0.400634 
0.177476 0.191674 0.230565 0.400285 
0.176554 0.231498 0.188808 0.403140 
0.132548 0.133504 0.334231 0.399717 
0.132577 0.121869 0.348956 0.396597 
0.136945 0.081766 0.377430 0.403859 
0.143791 0.074116 0.379153 0.402939 
0.112250 0.097798 0.397057 0.392895 
0.127451 0.062745 0.420689 0.389115 
0.094614 0.086427 0.416489 0.402470 
0.127992 0.065243 0.411105 0.395659 
0.114488 0.059943 0.422962 0.402606 
0.130825 0.066671 0.419850 0.382653 
0.110199 0.054272 0.425673 0.409856 
0.107546 0.063956 0.423496 0.405003 
0.069893 0.083661 0.427739 0.418707 
0.088457 0.048271 0.428866 0.434406 
0.071388 0.041222 0.405521 0.481869 
0.078295 0.044040 0.421849 0.455816 
0.053829 0.058808 0.405620 0.481743 
0.060496 0.059580 0.386784 0.493140 
0.082444 0.041469 0.406728 0.469359 
0.060031 0.052260 0.421571 0.466138 
0.042575 0.059856 0.414847 0.482722 
0.059472 0.058385 0.439064 0.443080 
0.068656 0.063277 0.434666 0.433401 
0.082451 0.060810 0.428503 0.428235 
0.045403 0.061789 0.426047 0.466761 
0.060674 0.044311 0.434151 0.460864 
0.058169 0.044810 0.383000 0.514020 
0.059713 0.050083 0.377632 0.512573 
0.035737 0.068808 0.402360 0.493095 
0.070935 0.070722 0.429636 0.428707 
0.089706 0.095607 0.413001 0.401687 
0.101580 0.101225 0.386031 0.411164 
0.097875 0.099194 0.386541 0.416390 
0.078310 0.077363 0.420330 0.423997 
0.056725 0.066111 0.438291 0.438873 
0.047421 0.089867 0.432268 0.430444 
0.054581 0.060858 0.437927 0.446634 
0.083634 0.084556 0.411857 0.419952 
0.078741 0.105712 0.400911 0.414635 
0.103414 0.109085 0.378726 0.408775 
0.114422 0.158461 0.319777 0.407340 
0.112579 0.151023 0.329175 0.407222 
0.185608 0.207220 0.204312 0.402860 
0.183192 0.207986 0.201712 0.407110 
0.195859 0.195993 0.199622 0.408526 
0.189321 0.191498 0.213357 0.405824 
0.174093 0.186567 0.230958 0.408382 
0.188126 0.188067 0.219053 0.404754 
0.138098 0.147274 0.306174 0.408454 
0.134541 0.134867 0.334178 0.396415 
0.052262 0.197881 0.362716 0.387141 
0.137685 0.126409 0.352492 0.383413 
0.200821 0.126402 0.271013 0.401765 
0.180534 0.100618 0.314165 0.404683 
0.173974 0.119426 0.297247 0.409353 
0.162937 0.126231 0.299425 0.411408 
0.109011 0.166508 0.312729 0.411752 
0.098861 0.134967 0.355116 0.411057 
0.090259 0.135173 0.361765 0.412803 
0.092289 0.103828 0.387691 0.416192 
0.108486 0.078478 0.396759 0.416277 
0.106476 0.074286 0.400933 0.418305 
0.110342 0.075546 0.402296 0.411816 
0.117193 0.082387 0.387327 0.413093 
0.084857 0.113873 0.388765 0.412505 
0.106598 0.078663 0.399419 0.415319 
0.086047 0.110340 0.389066 0.414547 
0.037344 0.153712 0.394651 0.414293 
0.026227 0.182318 0.381936 0.409520 
0.032019 0.196308 0.360768 0.410905 
0.022086 0.195397 0.370488 0.412029 
0.067787 0.140568 0.376957 0.414688 
0.097824 0.102602 0.383771 0.415803 
0.096652 0.090300 0.395069 0.417979 
0.094003 0.119465 0.371636 0.414896 
0.095531 0.107058 0.381430 0.415981 
0.076058 0.142001 0.368297 0.413644 
0.092087 0.091789 0.397635 0.418489 
0.071456 0.099385 0.408699 0.420460 
0.029644 0.134731 0.416199 0.419426 
0.030214 0.130400 0.418382 0.421004 
0.008272 0.171384 0.408699 0.411646 
0.019871 0.140121 0.419431 0.420578 
0.013444 0.149856 0.418336 0.418364 
0.004848 0.166558 0.415398 0.413197 
0.006634 0.163786 0.416205 0.413376 
0.010603 0.165945 0.415145 0.408308 
0.016186 0.150676 0.418627 0.414511 
0.029677 0.153537 0.416133 0.400653 
0.009207 0.189999 0.407468 0.393325 
0.035911 0.164047 0.411120 0.388922 
0.088293 0.111793 0.415418 0.384496 
0.101333 0.126399 0.408351 0.363917 
0.108573 0.104159 0.413029 0.374239 
0.127339 0.115097 0.409531 0.348033 
0.132832 0.102698 0.412390 0.352080 
0.130864 0.107299 0.412668 0.349169 
0.136542 0.115457 0.412374 0.335627 
0.130544 0.096816 0.413371 0.359270 
0.117237 0.132258 0.412081 0.338423 
0.123803 0.125103 0.411010 0.340084 
0.115593 0.125898 0.409584 0.348926 
0.146701 0.133765 0.403780 0.315753 
0.117530 0.123242 0.409912 0.349316 
0.114827 0.138334 0.404521 0.342318 
0.100899 0.159412 0.404952 0.334737 
0.167999 0.085787 0.397961 0.348253 
0.129033 0.137991 0.401739 0.331237 
0.161953 0.150288 0.408967 0.278791 
0.229297 0.228551 0.410008 0.132144 
0.232576 0.204505 0.412428 0.150491 
0.194954 0.201583 0.412045 0.191418 
0.205314 0.221319 0.409758 0.163609 
0.123774 0.204579 0.410036 0.261611 
0.175841 0.212995 0.408767 0.202396 
0.145424 0.196037 0.406558 0.251980 
0.120247 0.166683 0.407311 0.305760 
0.117186 0.166115 0.408054 0.308646 
0.163251 0.235157 0.405343 0.196249 
0.199543 0.161360 0.397564 0.241533 
0.190354 0.245313 0.402883 0.161450 
0.194208 0.236986 0.408624 0.160183 
0.171696 0.256266 0.406354 0.165683 
0.141128 0.218296 0.388129 0.252447 
0.184942 0.219118 0.386581 0.209359 
0.174316 0.200113 0.388931 0.236639 
0.189246 0.212132 0.394843 0.203778 
0.273698 0.178506 0.395153 0.152643 
0.263287 0.143942 0.393294 0.199476 
0.332225 0.064224 0.374639 0.228912 
0.319105 0.194334 0.367395 0.119166 
0.194144 0.225845 0.316743 0.263268 
0.253178 0.290506 0.226749 0.229568 
0.223535 0.254673 0.277534 0.244258 
0.204201 0.244157 0.307928 0.243714 
0.206621 0.228863 0.357821 0.206695 
0.255578 0.231666 0.291493 0.221263 
0.247550 0.192364 0.361415 0.198671 
0.207230 0.106794 0.342376 0.343600 
0.279527 0.188080 0.189466 0.342928 
0.357260 0.215213 0.207844 0.219684 
0.340970 0.173864 0.337280 0.147886 
0.266175 0.174730 0.370200 0.188894 
0.312748 0.102687 0.331393 0.253172 
0.231825 0.171044 0.307790 0.289341 
0.265711 0.244313 0.240451 0.249524 
0.236457 0.173258 0.252143 0.338143 
0.293997 0.068594 0.297634 0.339774 
0.263024 0.071235 0.341723 0.324018 
0.253702 0.201746 0.230310 0.314242 
0.220367 0.201292 0.264279 0.314062 
0.274137 0.209764 0.308604 0.207496 
0.278491 0.223451 0.261847 0.236210 
0.250767 0.212162 0.317483 0.219588 
0.233081 0.233018 0.249349 0.284552 
0.281452 0.238103 0.240864 0.239581 
0.213348 0.136939 0.330986 0.318727 
0.208399 0.212756 0.241264 0.337581 
0.234077 0.207386 0.206253 0.352284 
0.188543 0.187253 0.229462 0.394743 
0.238649 0.090889 0.279495 0.390967 
0.223556 0.048780 0.341240 0.386424 
0.173015 0.153860 0.287107 0.386018 
0.194519 0.121720 0.314318 0.369443 
0.193619 0.094399 0.318521 0.393461 
0.276314 0.026733 0.318265 0.378688 
0.272918 0.044648 0.330005 0.352429 
0.276781 0.053987 0.303796 0.365436 
0.205296 0.132456 0.272470 0.389779 
0.268367 0.187816 0.172239 0.371577 
0.154684 0.186850 0.322957 0.335508 
0.198552 0.225697 0.205159 0.370592 
0.192923 0.233032 0.179993 0.394052 
0.174493 0.192491 0.244264 0.388752 
0.218515 0.196634 0.190239 0.394613 
0.209444 0.194286 0.195046 0.401224 
0.273665 0.126782 0.192351 0.407203 
0.237018 0.094519 0.267890 0.400572 
0.249312 0.045135 0.325581 0.379971 
0.210569 0.046695 0.341620 0.401116 
0.196067 0.005337 0.402637 0.395959 
0.206879 0.004598 0.389271 0.399252 
0.118372 0.042866 0.419767 0.418996 
0.119465 0.100981 0.373340 0.406214 
0.130037 0.188137 0.273517 0.408309 
0.133246 0.138519 0.326807 0.401427 
0.182724 0.125845 0.282222 0.409210 
0.216116 0.183170 0.191414 0.409300 
0.117398 0.151566 0.320771 0.410266 
0.121333 0.102056 0.363899 0.412712 
0.089166 0.223337 0.275133 0.412364 
0.117119 0.211334 0.259006 0.412540 
0.060906 0.190526 0.337012 0.411556 
0.068001 0.147989 0.370707 0.413303 
0.038530 0.084576 0.438006 0.438888 
0.049689 0.092695 0.429490 0.428126 
0.073031 0.050126 0.437607 0.439236 
0.173122 0.053510 0.361766 0.411603 
0.189762 0.102144 0.296689 0.411404 
0.308522 0.095198 0.185367 0.410913 
0.235535 0.151834 0.201186 0.411445 
0.216183 0.231620 0.143514 0.408683 
0.256669 0.100397 0.233332 0.409602 
0.289871 0.118947 0.180136 0.411046 
0.316484 0.104761 0.169384 0.409372 
0.138246 0.206739 0.246689 0.408326 
0.167207 0.270576 0.150797 0.411419 
0.100842 0.235939 0.256886 0.406333 
0.111391 0.256768 0.227938 0.403904 
0.201118 0.261685 0.131361 0.405835 
0.171516 0.260183 0.168631 0.399671 
0.190110 0.233526 0.175752 0.400612 
0.104541 0.185844 0.310077 0.399538 
0.157425 0.163798 0.280153 0.398623 
