0.254398 0.213372 0.266083 0.266146 
0.238604 0.200141 0.280465 0.280790 
0.261567 0.194664 0.272036 0.271732 
0.242562 0.222809 0.246469 0.288160 
0.317792 0.145026 0.214816 0.322366 
0.315500 0.268042 0.104059 0.312399 
0.332196 0.267263 0.066922 0.333619 
0.349877 0.199354 0.103001 0.347769 
0.351251 0.000318 0.300298 0.348133 
0.350458 0.000401 0.300618 0.348523 
0.352926 0.019552 0.274569 0.352954 
0.341007 0.000874 0.316424 0.341695 
0.343633 0.009512 0.302893 0.343961 
0.342928 0.228474 0.081269 0.347329 
0.351544 0.010287 0.281813 0.356356 
0.362259 0.034432 0.241428 0.361881 
0.361896 0.034112 0.244454 0.359537 
0.369376 0.161582 0.101938 0.367104 
0.351181 0.000000 0.302050 0.346769 
0.347395 0.000000 0.308047 0.344558 
0.355499 0.000000 0.295839 0.348662 
0.343136 0.000000 0.325239 0.331624 
0.342455 0.000000 0.325192 0.332353 
0.347686 0.000000 0.310563 0.341751 
0.353250 0.000000 0.301420 0.345330 
0.350050 0.000001 0.308104 0.341845 
0.358047 0.000021 0.293320 0.348612 
0.364447 0.000050 0.280885 0.354617 
0.369639 0.000002 0.270389 0.359970 
0.376206 0.000002 0.253000 0.370792 
0.379350 0.000002 0.248379 0.372269 
0.386976 0.000033 0.231686 0.381306 
0.380111 0.000089 0.244595 0.375206 
0.382236 0.000330 0.239020 0.378414 
0.370126 0.000004 0.262771 0.367099 
0.375814 0.000003 0.251452 0.372730 
0.371081 0.000000 0.259373 0.369546 
0.359226 0.000000 0.289464 0.351310 
0.385360 0.000038 0.232153 0.382449 
0.395706 0.000290 0.209775 0.394228 
0.401569 0.003285 0.193735 0.401412 
0.375135 0.000249 0.245295 0.379321 
0.382095 0.070454 0.156787 0.390664 
0.360240 0.001240 0.256371 0.382149 
0.378240 0.015085 0.214095 0.392580 
0.356336 0.000717 0.269519 0.373428 
0.372774 0.197051 0.050147 0.380028 
0.382114 0.048254 0.179137 0.390495 
0.366705 0.247522 0.000491 0.385282 
0.394225 0.065186 0.129873 0.410716 
0.356255 0.001287 0.246104 0.396354 
0.370239 0.004342 0.222130 0.403289 
0.364126 0.036352 0.190791 0.408732 
0.348143 0.036948 0.205307 0.409602 
0.320165 0.001115 0.273224 0.405495 
0.324293 0.140716 0.123966 0.411025 
0.317202 0.149711 0.120621 0.412466 
0.312403 0.085192 0.190058 0.412347 
0.304273 0.134372 0.148677 0.412677 
0.252414 0.214586 0.120400 0.412599 
0.244863 0.166561 0.175792 0.412785 
0.075874 0.310758 0.201312 0.412056 
0.189438 0.095221 0.303098 0.412243 
0.157688 0.064630 0.364971 0.412712 
0.017216 0.213004 0.359555 0.410224 
0.002339 0.225334 0.366525 0.405802 
0.008937 0.213878 0.368018 0.409167 
0.055705 0.132691 0.395247 0.416356 
0.068425 0.110818 0.402625 0.418132 
0.081292 0.094833 0.405202 0.418673 
0.142213 0.071369 0.373173 0.413245 
0.136645 0.076533 0.372870 0.413952 
0.121074 0.116410 0.349394 0.413121 
0.124131 0.301447 0.161978 0.412443 
0.055143 0.317847 0.215818 0.411191 
0.002879 0.309346 0.282535 0.405239 
0.000135 0.257903 0.345773 0.396190 
0.000273 0.251608 0.352040 0.396079 
0.000009 0.268712 0.342042 0.389237 
0.000179 0.247570 0.355034 0.397216 
0.000024 0.259412 0.349780 0.390784 
0.000030 0.273822 0.332433 0.393715 
0.000016 0.307015 0.299104 0.393864 
0.000197 0.375889 0.227952 0.395962 
0.000006 0.369138 0.245276 0.385580 
0.001611 0.383151 0.209574 0.405664 
0.009016 0.370282 0.211414 0.409289 
0.000769 0.346517 0.251364 0.401350 
0.000108 0.313770 0.286360 0.399761 
0.000525 0.282606 0.314160 0.402709 
0.000075 0.293028 0.309819 0.397078 
0.000017 0.314012 0.295174 0.390797 
0.000159 0.330776 0.280714 0.388351 
0.000207 0.335079 0.272366 0.392348 
0.001725 0.369481 0.232240 0.396554 
0.000085 0.347659 0.263872 0.388385 
0.000004 0.303807 0.317001 0.379187 
0.000001 0.309785 0.309152 0.381061 
0.000000 0.323566 0.299760 0.376674 
0.000000 0.331898 0.304465 0.363636 
0.000000 0.340213 0.314090 0.345696 
0.000000 0.344797 0.321585 0.333618 
0.000000 0.333932 0.332893 0.333175 
0.000000 0.331800 0.323970 0.344230 
0.000000 0.319405 0.339317 0.341278 
0.000000 0.318632 0.338230 0.343138 
0.000000 0.324115 0.334913 0.340972 
0.000000 0.309991 0.337159 0.352850 
0.000000 0.295394 0.344675 0.359931 
0.000000 0.301179 0.341814 0.357008 
0.000000 0.328291 0.319069 0.352640 
0.000000 0.336936 0.318944 0.344120 
0.000000 0.331400 0.324373 0.344227 
0.000000 0.328437 0.325989 0.345574 
0.000000 0.319466 0.341892 0.338642 
0.000000 0.328604 0.338475 0.332921 
0.000000 0.350447 0.306465 0.343088 
0.000000 0.345724 0.315248 0.339028 
0.000000 0.339145 0.332869 0.327986 
0.000000 0.339466 0.328105 0.332429 
0.000000 0.331410 0.336210 0.332380 
0.000000 0.337182 0.334383 0.328436 
0.000000 0.338871 0.337912 0.323217 
0.000000 0.329280 0.336256 0.334464 
0.000000 0.332557 0.334189 0.333254 
0.000000 0.328844 0.335240 0.335916 
0.000000 0.332259 0.331736 0.336005 
0.000000 0.328107 0.337094 0.334800 
0.000000 0.322302 0.338922 0.338776 
0.000000 0.314373 0.342619 0.343008 
0.000000 0.331342 0.335261 0.333397 
0.000000 0.334364 0.333808 0.331828 
0.000000 0.333338 0.333775 0.332887 
0.000000 0.335336 0.332086 0.332578 
0.000000 0.336426 0.333984 0.329590 
0.000000 0.329090 0.340939 0.329971 
0.000000 0.327546 0.340635 0.331819 
0.000000 0.330091 0.343187 0.326722 
0.000000 0.329477 0.344687 0.325836 
0.000000 0.337404 0.342564 0.320032 
0.000000 0.339733 0.330516 0.329752 
0.000000 0.315129 0.346154 0.338717 
0.000000 0.320236 0.342389 0.337375 
0.000000 0.322779 0.345006 0.332216 
0.000000 0.334424 0.337797 0.327779 
0.000000 0.345578 0.329779 0.324643 
0.000000 0.343499 0.325279 0.331222 
0.000000 0.330606 0.326678 0.342716 
0.000000 0.322521 0.339168 0.338311 
0.000000 0.319252 0.342374 0.338374 
0.000000 0.325469 0.337456 0.337075 
0.000000 0.318881 0.339364 0.341755 
0.000000 0.321564 0.341348 0.337087 
0.000000 0.331749 0.336101 0.332149 
0.000000 0.333961 0.335149 0.330890 
0.000000 0.334165 0.333143 0.332693 
0.000000 0.332249 0.329923 0.337828 
0.000000 0.331764 0.333659 0.334578 
0.000000 0.335873 0.324981 0.339145 
0.000000 0.306570 0.344421 0.349009 
0.000000 0.325177 0.332182 0.342641 
0.000000 0.337141 0.314953 0.347906 
0.000000 0.311928 0.323183 0.364889 
0.000000 0.311478 0.314781 0.373741 
0.000000 0.320206 0.304751 0.375043 
0.000000 0.300447 0.323323 0.376230 
0.000000 0.276102 0.359526 0.364372 
0.000000 0.281342 0.359881 0.358776 
0.000000 0.303064 0.345381 0.351555 
0.000000 0.329553 0.312692 0.357755 
0.000000 0.329871 0.296070 0.374059 
0.000005 0.341356 0.278313 0.380326 
0.000005 0.289745 0.326211 0.384039 
0.000017 0.287918 0.320004 0.392060 
0.000712 0.235381 0.362521 0.401386 
0.000560 0.248710 0.348509 0.402221 
0.022195 0.182319 0.385290 0.410197 
0.001183 0.212039 0.384398 0.402381 
0.024539 0.161475 0.399100 0.414886 
0.027020 0.165405 0.392729 0.414846 
0.002245 0.210593 0.379681 0.407481 
0.004131 0.195679 0.390755 0.409435 
0.000204 0.219934 0.385189 0.394673 
0.000295 0.225370 0.374853 0.399482 
0.000032 0.278579 0.327801 0.393588 
0.000079 0.308054 0.293619 0.398248 
0.000009 0.304557 0.304007 0.391427 
0.000035 0.316754 0.288913 0.394298 
0.000777 0.324584 0.277248 0.397392 
0.000103 0.320908 0.288965 0.390025 
0.000044 0.292337 0.322254 0.385365 
0.000029 0.280411 0.335079 0.384482 
0.000003 0.278063 0.345186 0.376747 
0.000023 0.265366 0.345580 0.389031 
0.000123 0.244222 0.364560 0.391094 
0.000002 0.265784 0.367878 0.366336 
0.001987 0.205398 0.401787 0.390827 
0.003206 0.197086 0.406430 0.393278 
0.005732 0.198754 0.404576 0.390938 
0.000864 0.226967 0.397304 0.374865 
0.001577 0.227799 0.397437 0.373187 
0.012453 0.194290 0.404903 0.388354 
0.031203 0.167788 0.408387 0.392622 
0.000516 0.256749 0.394619 0.348116 
0.000025 0.276502 0.381325 0.342149 
0.000003 0.280382 0.375371 0.344244 
0.000583 0.235601 0.388694 0.375122 
0.071345 0.119343 0.407087 0.402225 
0.099459 0.083554 0.407026 0.409960 
0.148847 0.045566 0.403177 0.402410 
0.128058 0.062933 0.400529 0.408480 
0.157920 0.044303 0.390242 0.407535 
0.057467 0.159655 0.375522 0.407356 
0.127328 0.093722 0.376028 0.402922 
0.157867 0.071198 0.365486 0.405449 
0.156369 0.085210 0.356167 0.402254 
0.139461 0.099303 0.358991 0.402244 
0.134421 0.091571 0.369432 0.404575 
0.114730 0.116961 0.356654 0.411655 
0.126077 0.117532 0.345841 0.410550 
0.110340 0.134046 0.348429 0.407185 
0.113902 0.138710 0.338754 0.408635 
0.135243 0.136978 0.316859 0.410919 
0.128112 0.149339 0.310761 0.411788 
0.138395 0.136250 0.315511 0.409844 
0.132873 0.142984 0.315611 0.408532 
0.067171 0.246616 0.278918 0.407296 
0.020938 0.294180 0.282128 0.402753 
0.011328 0.278782 0.312911 0.396979 
0.103772 0.177042 0.325305 0.393881 
0.167886 0.157298 0.277037 0.397779 
0.138872 0.164425 0.301184 0.395519 
0.147568 0.179757 0.298402 0.374273 
0.072211 0.294940 0.292089 0.340759 
0.034290 0.300755 0.333628 0.331327 
0.090970 0.216866 0.326918 0.365246 
0.013853 0.321541 0.292454 0.372151 
0.001674 0.338532 0.302799 0.356995 
0.001256 0.318490 0.324039 0.356214 
0.000098 0.408243 0.273533 0.318126 
0.000172 0.361963 0.313898 0.323967 
0.000719 0.372998 0.298451 0.327831 
0.009227 0.359465 0.344567 0.286742 
0.001157 0.319882 0.337369 0.341593 
0.020310 0.283884 0.352475 0.343331 
0.033543 0.259198 0.355829 0.351430 
0.048317 0.230103 0.358228 0.363352 
0.131273 0.138620 0.352631 0.377476 
0.076118 0.210253 0.337912 0.375718 
0.020094 0.301681 0.327222 0.351004 
0.108182 0.206722 0.317674 0.367422 
0.118393 0.294265 0.225169 0.362173 
0.112163 0.334545 0.182139 0.371153 
0.064573 0.351745 0.233896 0.349785 
0.067923 0.311223 0.337070 0.283784 
0.097642 0.298955 0.284618 0.318785 
0.062565 0.350759 0.274173 0.312504 
0.081921 0.388276 0.251732 0.278072 
0.043650 0.357547 0.287611 0.311192 
0.059661 0.315527 0.255889 0.368924 
0.062755 0.365826 0.216340 0.355080 
0.073296 0.381243 0.211954 0.333507 
0.092257 0.332418 0.234215 0.341111 
0.068951 0.361005 0.228245 0.341799 
0.047113 0.399934 0.249922 0.303031 
0.012702 0.394329 0.291792 0.301177 
0.035016 0.377024 0.255739 0.332221 
0.068027 0.373085 0.242194 0.316694 
0.175532 0.289121 0.204612 0.330734 
0.264811 0.289675 0.216172 0.229342 
0.264596 0.236979 0.217804 0.280621 
0.249311 0.239375 0.219359 0.291955 
0.160194 0.291438 0.206606 0.341763 
0.224209 0.285659 0.276964 0.213168 
0.256621 0.233445 0.287260 0.222674 
0.245748 0.222568 0.234125 0.297559 
0.287495 0.238500 0.237032 0.236973 
0.238138 0.335153 0.200956 0.225753 
0.232071 0.350659 0.208081 0.209189 
0.201349 0.346948 0.171667 0.280036 
0.201540 0.362736 0.245334 0.190390 
0.208097 0.336125 0.217561 0.238217 
0.210189 0.335830 0.210126 0.243855 
0.215494 0.327006 0.215642 0.241857 
0.236318 0.253099 0.247309 0.263274 
0.165634 0.318047 0.260472 0.255848 
0.242717 0.279613 0.253919 0.223750 
0.270667 0.236000 0.252033 0.241300 
0.249818 0.290683 0.224056 0.235443 
0.247569 0.230915 0.198939 0.322577 
0.268502 0.241727 0.243616 0.246155 
0.285503 0.235719 0.236446 0.242332 
0.266495 0.214329 0.283569 0.235607 
0.212388 0.238804 0.208532 0.340276 
0.258549 0.228407 0.235361 0.277683 
0.213539 0.147096 0.310460 0.328905 
0.129790 0.248160 0.328563 0.293487 
0.164334 0.235151 0.352110 0.248405 
0.199278 0.199816 0.366736 0.234170 
0.222159 0.201869 0.391616 0.184355 
0.191898 0.322332 0.366985 0.118786 
0.019846 0.341851 0.361759 0.276545 
0.029436 0.336447 0.340268 0.293850 
0.066254 0.312512 0.343999 0.277235 
0.185039 0.357442 0.338757 0.118762 
0.205820 0.365358 0.304136 0.124687 
0.182445 0.372013 0.281075 0.164467 
0.196957 0.359893 0.252028 0.191122 
0.188478 0.316218 0.282337 0.212967 
0.189345 0.359817 0.324994 0.125844 
0.198127 0.361854 0.319567 0.120452 
0.232821 0.356214 0.223461 0.187504 
0.139111 0.343931 0.176362 0.340597 
0.175717 0.369128 0.202036 0.253119 
0.057450 0.352138 0.257446 0.332966 
0.105238 0.369030 0.219348 0.306384 
0.159754 0.364326 0.295637 0.180283 
0.118973 0.361132 0.224279 0.295616 
0.227124 0.276256 0.268691 0.227929 
0.224806 0.251192 0.296872 0.227129 
0.186406 0.254011 0.308507 0.251076 
0.231795 0.286080 0.243187 0.238938 
0.203194 0.267367 0.253278 0.276161 
0.208275 0.216277 0.292434 0.283015 
0.227268 0.220040 0.226172 0.326520 
0.243176 0.237337 0.281298 0.238188 
0.242722 0.212839 0.210242 0.334196 
0.214453 0.252393 0.195938 0.337216 
0.158051 0.312739 0.177802 0.351408 
0.216923 0.225887 0.198286 0.358904 
0.159175 0.292042 0.184046 0.364736 
0.152495 0.244079 0.230229 0.373197 
0.201386 0.252713 0.190534 0.355367 
0.154096 0.233892 0.267737 0.344275 
0.158636 0.143449 0.341687 0.356228 
0.108923 0.191062 0.347488 0.352527 
0.100934 0.197345 0.341201 0.360520 
0.153378 0.349896 0.322783 0.173943 
0.108596 0.356307 0.248699 0.286398 
0.212599 0.308391 0.291850 0.187160 
0.212235 0.333443 0.245576 0.208746 
0.164797 0.399703 0.155842 0.279659 
0.215765 0.371991 0.208155 0.204088 
0.241038 0.272152 0.248819 0.237991 
0.224061 0.287412 0.229474 0.259053 
0.236368 0.236804 0.236987 0.289842 
0.249732 0.253014 0.248574 0.248679 
0.249285 0.247124 0.256837 0.246754 
0.218049 0.271174 0.289877 0.220900 
0.222375 0.308956 0.247851 0.220819 
0.247786 0.255643 0.248517 0.248054 
0.234999 0.260151 0.244388 0.260462 
0.195118 0.278645 0.248118 0.278119 
0.228974 0.292679 0.244679 0.233669 
0.254889 0.269567 0.237518 0.238025 
0.250286 0.272147 0.233403 0.244163 
0.247023 0.265821 0.261713 0.225443 
0.240343 0.223174 0.242690 0.293793 
0.201828 0.199923 0.247440 0.350809 
0.230644 0.279146 0.250295 0.239915 
0.216874 0.256452 0.217350 0.309323 
0.234935 0.228132 0.248800 0.288133 
0.228923 0.278125 0.260310 0.232642 
0.219703 0.222658 0.307015 0.250624 
0.202940 0.209187 0.320157 0.267716 
0.206290 0.234590 0.333395 0.225726 
0.137256 0.323127 0.334685 0.204932 
0.216817 0.237823 0.327304 0.218055 
0.205520 0.285033 0.336159 0.173288 
0.175610 0.295805 0.357233 0.171352 
0.176174 0.277438 0.363387 0.183000 
0.129815 0.319087 0.367637 0.183461 
0.162383 0.336734 0.360482 0.140401 
0.159963 0.298323 0.370580 0.171134 
0.133176 0.335163 0.366797 0.164864 
0.156768 0.360050 0.353376 0.129806 
0.181057 0.379247 0.323152 0.116544 
0.160595 0.378445 0.337291 0.123668 
0.117266 0.286522 0.347349 0.248862 
0.237140 0.244940 0.338947 0.178974 
0.218900 0.233790 0.323972 0.223338 
0.241373 0.292275 0.235643 0.230708 
0.270351 0.327138 0.250893 0.151618 
0.250572 0.290755 0.164401 0.294272 
0.243187 0.299423 0.204107 0.253283 
0.220154 0.308611 0.186400 0.284835 
0.127589 0.297756 0.186794 0.387861 
0.144686 0.330473 0.208948 0.315894 
0.138834 0.352065 0.255591 0.253510 
0.149484 0.364342 0.274877 0.211296 
0.167772 0.354308 0.201991 0.275929 
0.221817 0.283039 0.193469 0.301675 
0.225397 0.299160 0.218045 0.257399 
0.219919 0.235055 0.224912 0.320113 
0.188963 0.287636 0.212614 0.310788 
0.171749 0.224861 0.296631 0.306760 
0.210875 0.239508 0.237803 0.311814 
0.219996 0.215610 0.232307 0.332088 
0.188031 0.260643 0.182899 0.368426 
0.158592 0.314311 0.157370 0.369727 
0.153600 0.297532 0.161637 0.387232 
0.109642 0.307956 0.182163 0.400239 
0.121577 0.290040 0.186289 0.402093 
0.145411 0.289187 0.160105 0.405296 
0.148289 0.299329 0.145253 0.407129 
0.137977 0.304568 0.153616 0.403839 
0.151855 0.283340 0.164725 0.400080 
0.189144 0.230850 0.185649 0.394357 
0.200904 0.188926 0.226341 0.383829 
0.173980 0.164500 0.316080 0.345440 
0.144236 0.149910 0.368759 0.337095 
0.145670 0.148363 0.356490 0.349477 
0.134134 0.135038 0.371749 0.359079 
0.101954 0.109174 0.398337 0.390535 
0.059541 0.155363 0.392854 0.392242 
0.105628 0.129723 0.376855 0.387794 
0.113082 0.127202 0.361515 0.398201 
0.116213 0.115710 0.369868 0.398209 
0.091481 0.137097 0.363071 0.408352 
0.077309 0.132567 0.378740 0.411384 
0.109192 0.149686 0.332601 0.408522 
0.096315 0.177352 0.326180 0.400153 
0.117961 0.169190 0.305856 0.406994 
0.125885 0.146981 0.321373 0.405761 
0.084798 0.166671 0.348529 0.400002 
0.009831 0.251764 0.340845 0.397560 
0.001569 0.267214 0.334141 0.397075 
0.002079 0.258877 0.345210 0.393834 
0.003344 0.239056 0.356120 0.401480 
0.021338 0.221113 0.352623 0.404926 
0.061927 0.175944 0.361921 0.400207 
0.026380 0.225674 0.348391 0.399555 
0.045392 0.218390 0.341762 0.394456 
0.065339 0.202666 0.341923 0.390072 
0.040523 0.224739 0.341551 0.393187 
0.053757 0.188721 0.353463 0.404059 
0.046645 0.184627 0.375744 0.392984 
0.096587 0.130672 0.374218 0.398523 
0.054839 0.192362 0.362414 0.390384 
0.057162 0.197600 0.365306 0.379932 
0.033251 0.200734 0.362614 0.403401 
0.058209 0.179689 0.351678 0.410425 
0.111482 0.117506 0.362291 0.408721 
0.092389 0.126371 0.369772 0.411467 
0.088439 0.137217 0.360754 0.413590 
0.102894 0.162417 0.322692 0.411997 
0.152798 0.126080 0.316558 0.404565 
0.149798 0.154544 0.288369 0.407289 
0.137009 0.136808 0.316413 0.409771 
0.085893 0.180091 0.323511 0.410505 
0.120933 0.162074 0.307585 0.409409 
0.145735 0.110283 0.336461 0.407521 
0.142451 0.122220 0.326438 0.408891 
0.143472 0.113690 0.335587 0.407250 
0.132838 0.121906 0.345498 0.399757 
0.137427 0.114278 0.347246 0.401049 
0.148780 0.105596 0.350286 0.395338 
0.157956 0.067699 0.375314 0.399031 
0.181940 0.056710 0.353979 0.407370 
0.135153 0.126007 0.353585 0.385255 
0.135738 0.147708 0.315606 0.400947 
0.139050 0.155747 0.306256 0.398947 
0.149837 0.126891 0.323858 0.399414 
0.058845 0.271646 0.283468 0.386041 
0.124919 0.301727 0.172106 0.401248 
0.151363 0.294831 0.147026 0.406780 
0.028266 0.283958 0.294669 0.393107 
0.030199 0.294078 0.300425 0.375298 
0.108762 0.222419 0.283939 0.384879 
0.139700 0.214123 0.256147 0.390030 
0.096057 0.197914 0.340944 0.365084 
0.100932 0.171028 0.335668 0.392373 
0.055433 0.200302 0.359543 0.384723 
0.077320 0.168651 0.362542 0.391487 
0.061742 0.190037 0.359791 0.388430 
0.016921 0.268176 0.323032 0.391871 
0.038551 0.256206 0.329518 0.375726 
0.115113 0.165657 0.342007 0.377223 
0.039831 0.226104 0.355422 0.378644 
0.002079 0.305701 0.330724 0.361495 
0.021758 0.280390 0.338841 0.359010 
0.004009 0.296017 0.355258 0.344716 
0.000033 0.320064 0.363220 0.316682 
0.001692 0.380441 0.364679 0.253188 
0.051210 0.374579 0.369196 0.205015 
0.012682 0.382148 0.350481 0.254689 
0.042935 0.397133 0.372666 0.187266 
0.088039 0.352124 0.395203 0.164634 
0.096869 0.392308 0.406854 0.103969 
0.037677 0.398405 0.406925 0.156994 
0.093410 0.414308 0.396566 0.095716 
0.091008 0.402585 0.401151 0.105256 
0.104959 0.363782 0.397864 0.133395 
0.030378 0.347420 0.403978 0.218225 
0.048624 0.392598 0.412190 0.146588 
0.071546 0.383789 0.410059 0.134606 
0.044523 0.361113 0.402948 0.191416 
0.002867 0.370098 0.385331 0.241704 
0.024923 0.380951 0.384435 0.209690 
0.090381 0.405418 0.408818 0.095384 
0.063165 0.340898 0.400600 0.195337 
0.039196 0.265938 0.400191 0.294676 
0.065088 0.266859 0.382255 0.285798 
0.109169 0.274680 0.382090 0.234061 
0.125658 0.265447 0.351919 0.256976 
0.147337 0.228176 0.331310 0.293177 
0.224956 0.261161 0.226704 0.287178 
0.209369 0.208633 0.212752 0.369246 
0.175246 0.201743 0.261764 0.361247 
0.212349 0.212276 0.218194 0.357181 
0.168203 0.241995 0.264861 0.324941 
0.178674 0.202755 0.298596 0.319975 
0.204584 0.209035 0.252634 0.333747 
0.236838 0.231413 0.248100 0.283648 
0.228413 0.224979 0.278014 0.268594 
0.230691 0.219324 0.275957 0.274027 
0.198590 0.131593 0.319435 0.350382 
0.259426 0.269303 0.245077 0.226194 
0.261711 0.235911 0.241391 0.260987 
0.273606 0.246637 0.239885 0.239872 
0.282348 0.246529 0.236446 0.234677 
0.285200 0.231232 0.230941 0.252628 
0.249664 0.273131 0.178739 0.298465 
0.280117 0.233086 0.173147 0.313649 
0.279186 0.217540 0.151979 0.351295 
0.272866 0.311136 0.102904 0.313094 
0.301256 0.341623 0.176375 0.180745 
0.326437 0.329785 0.171974 0.171803 
0.259965 0.318491 0.165627 0.255918 
0.222247 0.294529 0.134330 0.348893 
0.242617 0.266911 0.207085 0.283387 
0.251477 0.314626 0.215341 0.218556 
0.252843 0.324688 0.191354 0.231116 
0.257363 0.323263 0.225289 0.194085 
0.217579 0.313094 0.174092 0.295236 
0.227293 0.343247 0.210352 0.219108 
0.180676 0.365324 0.313509 0.140491 
0.215093 0.369969 0.237284 0.177655 
0.150041 0.385176 0.203385 0.261398 
0.186348 0.378359 0.273041 0.162251 
0.223100 0.384045 0.152926 0.239928 
0.207842 0.388886 0.282574 0.120698 
0.216287 0.356132 0.319257 0.108323 
0.258837 0.344189 0.182714 0.214260 
0.198264 0.325221 0.306553 0.169962 
0.260343 0.340512 0.193034 0.206112 
0.245789 0.347862 0.198011 0.208339 
0.238849 0.360118 0.197276 0.203757 
0.116286 0.346705 0.173354 0.363655 
0.169007 0.365667 0.134440 0.330885 
0.160840 0.347653 0.200779 0.290729 
0.206407 0.375278 0.212060 0.206255 
0.173994 0.355382 0.240886 0.229738 
0.040821 0.364145 0.323683 0.271351 
0.011447 0.367555 0.295830 0.325168 
0.008031 0.380438 0.329401 0.282129 
0.003533 0.376791 0.292628 0.327048 
0.081073 0.399262 0.142060 0.377605 
0.019466 0.392150 0.236401 0.351983 
0.000052 0.366502 0.298088 0.335358 
0.003075 0.344371 0.329613 0.322941 
0.012109 0.327806 0.312139 0.347946 
0.016792 0.317438 0.347991 0.317779 
0.053366 0.237895 0.370879 0.337859 
0.029376 0.221947 0.400613 0.348064 
0.003316 0.322595 0.330126 0.343962 
0.001029 0.313637 0.343327 0.342008 
0.007998 0.345424 0.298587 0.347992 
0.000308 0.363272 0.313924 0.322496 
0.000959 0.355575 0.291624 0.351842 
0.001506 0.321003 0.299303 0.378187 
0.039481 0.383205 0.218937 0.358377 
0.159620 0.368579 0.115391 0.356409 
0.133390 0.346510 0.141015 0.379085 
0.228877 0.314833 0.109030 0.347260 
0.196752 0.260345 0.272670 0.270233 
0.153465 0.241670 0.265184 0.339681 
0.126764 0.301447 0.230940 0.340849 
0.186859 0.341579 0.119571 0.351991 
0.034052 0.327978 0.283783 0.354187 
0.101803 0.315937 0.208323 0.373936 
0.012386 0.325791 0.299165 0.362659 
0.039149 0.290325 0.303023 0.367503 
0.035723 0.279288 0.310857 0.374132 
0.012734 0.281925 0.332318 0.373022 
0.005607 0.305586 0.299627 0.389180 
0.077788 0.335287 0.182230 0.404695 
0.008375 0.302494 0.286288 0.402843 
0.055826 0.207673 0.329771 0.406730 
0.090234 0.268150 0.231654 0.409963 
0.098823 0.190248 0.300670 0.410259 
0.048997 0.229835 0.309894 0.411275 
0.185606 0.263994 0.137818 0.412582 
0.221896 0.140804 0.224650 0.412649 
0.212555 0.063287 0.312242 0.411916 
0.280070 0.145780 0.163472 0.410678 
0.288048 0.126169 0.177220 0.408563 
0.297736 0.129758 0.168275 0.404231 
0.286493 0.136168 0.182570 0.394769 
0.286430 0.095630 0.231856 0.386084 
0.246939 0.319979 0.050580 0.382503 
0.043680 0.288785 0.280627 0.386909 
0.005175 0.275459 0.358054 0.361312 
0.031552 0.240937 0.360577 0.366934 
0.093623 0.163379 0.377166 0.365833 
0.111100 0.158441 0.364409 0.366050 
0.176523 0.095062 0.361161 0.367254 
0.139258 0.160262 0.344856 0.355623 
0.201294 0.126455 0.313743 0.358508 
0.255200 0.170866 0.231994 0.341940 
0.145726 0.331591 0.212400 0.310283 
0.115119 0.186232 0.353393 0.345256 
0.186873 0.121921 0.364580 0.326626 
0.213076 0.123795 0.309986 0.353143 
0.167552 0.179325 0.326656 0.326467 
0.140577 0.173023 0.373589 0.312811 
0.106327 0.220373 0.341763 0.331537 
0.125268 0.246805 0.310889 0.317038 
0.134237 0.186669 0.350631 0.328463 
0.107570 0.292165 0.346304 0.253960 
0.188300 0.250859 0.331237 0.229604 
0.218592 0.243505 0.310326 0.227576 
0.212123 0.283058 0.229251 0.275568 
0.214680 0.276161 0.236075 0.273083 
0.244215 0.245129 0.247267 0.263389 
0.266761 0.259008 0.237048 0.237184 
0.263553 0.232136 0.270723 0.233588 
0.250295 0.242499 0.261705 0.245501 
0.231631 0.222478 0.300750 0.245141 
0.216094 0.208824 0.282079 0.293002 
0.182610 0.241024 0.302013 0.274353 
0.207731 0.209600 0.344138 0.238531 
0.212237 0.209138 0.372286 0.206339 
0.222098 0.216846 0.321172 0.239884 
0.231403 0.294579 0.242673 0.231344 
0.216067 0.352068 0.216307 0.215557 
0.232849 0.291505 0.240231 0.235415 
0.178093 0.304428 0.325057 0.192422 
0.119215 0.345728 0.345355 0.189702 
0.165912 0.366006 0.283604 0.184478 
0.255825 0.264288 0.238449 0.241438 
0.229759 0.242659 0.328158 0.199424 
0.252490 0.220496 0.305445 0.221569 
0.218038 0.349694 0.262973 0.169295 
0.184629 0.357385 0.284784 0.173202 
0.120417 0.347276 0.344944 0.187363 
0.253658 0.345073 0.228618 0.172651 
0.258545 0.317336 0.233315 0.190804 
0.228404 0.341215 0.285446 0.144935 
0.287104 0.318100 0.196280 0.198517 
0.300638 0.333171 0.186953 0.179237 
0.322242 0.226480 0.223989 0.227288 
0.317439 0.257869 0.191889 0.232804 
0.284175 0.181222 0.337525 0.197078 
0.324880 0.197720 0.283144 0.194256 
0.312164 0.208058 0.324373 0.155405 
0.316796 0.193717 0.238206 0.251281 
0.265486 0.115137 0.342633 0.276744 
0.237738 0.177592 0.342641 0.242029 
0.323227 0.278043 0.204332 0.194397 
0.304582 0.335381 0.177232 0.182805 
0.320280 0.239837 0.229894 0.209988 
0.313872 0.257054 0.248765 0.180308 
0.309702 0.191419 0.292372 0.206507 
0.282977 0.297004 0.229873 0.190146 
0.272011 0.288025 0.259358 0.180606 
0.281591 0.194113 0.312387 0.211909 
0.249977 0.329967 0.286791 0.133265 
0.288799 0.256621 0.227201 0.227379 
0.270900 0.226542 0.227251 0.275307 
0.286232 0.243945 0.230545 0.239277 
0.254571 0.257263 0.251977 0.236190 
0.277149 0.238800 0.239916 0.244135 
0.268802 0.244305 0.241787 0.245105 
0.269152 0.224530 0.236196 0.270122 
0.276074 0.211115 0.210594 0.302217 
0.231644 0.263761 0.266956 0.237638 
0.272141 0.216074 0.168182 0.343603 
0.282667 0.214900 0.174056 0.328377 
0.288158 0.211772 0.220962 0.279108 
0.295384 0.206083 0.179794 0.318739 
0.280864 0.302416 0.191000 0.225719 
0.269254 0.287838 0.243300 0.199609 
0.211239 0.350968 0.332175 0.105617 
0.242880 0.323948 0.327286 0.105886 
0.262124 0.341236 0.204732 0.191908 
0.249317 0.297533 0.211351 0.241799 
0.243018 0.235327 0.270348 0.251307 
0.180208 0.332439 0.317445 0.169909 
0.104634 0.297313 0.357072 0.240980 
0.131562 0.191870 0.374931 0.301637 
0.179144 0.167417 0.344556 0.308882 
0.173113 0.159676 0.351961 0.315251 
0.068875 0.335353 0.327798 0.267974 
0.134091 0.155853 0.363708 0.346348 
0.131810 0.168357 0.384936 0.314896 
0.144984 0.137418 0.400540 0.317057 
0.104815 0.159424 0.393024 0.342737 
0.134643 0.132277 0.393999 0.339081 
0.161793 0.125615 0.385965 0.326627 
0.151226 0.163123 0.364392 0.321259 
0.051417 0.287998 0.340602 0.319984 
0.068389 0.335936 0.365316 0.230359 
0.117279 0.379097 0.331415 0.172208 
0.147200 0.400161 0.304263 0.148376 
0.129003 0.404264 0.347251 0.119482 
0.186559 0.409091 0.229661 0.174689 
0.216555 0.405506 0.186239 0.191701 
0.165172 0.390078 0.307155 0.137595 
0.230545 0.383995 0.189554 0.195905 
0.175971 0.393149 0.225373 0.205508 
0.122063 0.395069 0.325635 0.157233 
0.176340 0.400887 0.231535 0.191237 
0.091641 0.405282 0.311400 0.191678 
0.192792 0.401692 0.263493 0.142024 
0.209650 0.392860 0.159563 0.237927 
0.223596 0.382129 0.152738 0.241537 
0.241173 0.367948 0.151113 0.239765 
0.241857 0.316128 0.164883 0.277132 
0.261206 0.250811 0.140344 0.347639 
0.257556 0.282943 0.267275 0.192226 
0.213358 0.326485 0.198369 0.261788 
0.252815 0.306828 0.197935 0.242422 
0.278709 0.281677 0.205531 0.234083 
0.235746 0.142285 0.339183 0.282786 
0.241184 0.224850 0.328767 0.205199 
0.283944 0.209743 0.210853 0.295461 
0.257512 0.276626 0.240907 0.224955 
0.242511 0.257394 0.224744 0.275351 
0.250929 0.235788 0.229252 0.284030 
0.238652 0.374177 0.183916 0.203256 
0.212621 0.383985 0.167804 0.235590 
0.185941 0.376827 0.294286 0.142946 
0.215143 0.367050 0.178227 0.239579 
0.252195 0.339544 0.151299 0.256962 
0.316625 0.212459 0.229953 0.240963 
0.309060 0.112835 0.340472 0.237633 
0.334464 0.169797 0.340728 0.155011 
0.340650 0.165701 0.282979 0.210670 
0.349739 0.218082 0.231707 0.200472 
0.346891 0.211154 0.195875 0.246080 
0.343721 0.159868 0.221875 0.274535 
0.337905 0.071947 0.335183 0.254965 
0.330529 0.050948 0.361970 0.256552 
0.308367 0.036693 0.346467 0.308473 
0.317767 0.017363 0.347660 0.317210 
0.315983 0.096210 0.327702 0.260104 
0.336758 0.182310 0.220664 0.260269 
0.334704 0.157632 0.183768 0.323896 
0.330156 0.216530 0.150424 0.302891 
0.320129 0.289659 0.085241 0.304971 
0.343611 0.178747 0.186392 0.291251 
0.341717 0.163415 0.172257 0.322612 
0.346514 0.254935 0.212476 0.186075 
0.340678 0.251082 0.282908 0.125332 
0.354317 0.211440 0.210779 0.223464 
0.337213 0.134993 0.345509 0.182286 
0.351762 0.222261 0.182526 0.243452 
0.356868 0.228875 0.201479 0.212778 
0.326197 0.277475 0.348648 0.047680 
0.347329 0.302446 0.114451 0.235775 
0.341743 0.337197 0.098606 0.222453 
0.352443 0.173280 0.266463 0.207815 
0.358059 0.213413 0.190042 0.238487 
0.355846 0.203150 0.234449 0.206555 
0.358996 0.219892 0.210232 0.210880 
0.359854 0.225549 0.221479 0.193117 
0.358067 0.266523 0.195634 0.179776 
0.357889 0.198457 0.197706 0.245949 
0.351480 0.158601 0.191345 0.298574 
0.355547 0.251674 0.170278 0.222501 
0.341336 0.288804 0.288563 0.081297 
0.355166 0.315158 0.117188 0.212488 
0.350676 0.191515 0.347811 0.109998 
0.368846 0.229682 0.211891 0.189582 
0.372078 0.178600 0.276364 0.172959 
0.374232 0.239201 0.205741 0.180825 
0.364620 0.187131 0.280784 0.167465 
0.364284 0.248652 0.102419 0.284646 
0.355988 0.330059 0.245260 0.068693 
0.369004 0.283476 0.251104 0.096416 
0.360558 0.314162 0.036576 0.288704 
0.370850 0.192576 0.234265 0.202309 
0.372261 0.241282 0.194762 0.191695 
0.369697 0.253115 0.189742 0.187447 
0.364474 0.195644 0.199074 0.240807 
0.354262 0.299516 0.110283 0.235939 
0.365439 0.224259 0.198747 0.211556 
0.356278 0.193323 0.339194 0.111205 
0.363158 0.192003 0.283828 0.161010 
0.359106 0.311530 0.226590 0.102773 
0.346264 0.348351 0.236427 0.068959 
0.343293 0.390473 0.136312 0.129922 
0.352004 0.358173 0.149198 0.140625 
0.363702 0.301321 0.197458 0.137519 
0.359390 0.329650 0.167684 0.143276 
0.363743 0.304286 0.183869 0.148102 
0.367177 0.220022 0.204968 0.207832 
0.360772 0.224992 0.236095 0.178142 
0.362826 0.197720 0.235746 0.203708 
0.363039 0.285929 0.175680 0.175353 
0.361671 0.266638 0.148883 0.222808 
0.350284 0.190452 0.304533 0.154731 
0.345953 0.112790 0.348288 0.192969 
0.343690 0.196752 0.176635 0.282922 
0.353262 0.190679 0.198519 0.257540 
0.366542 0.319341 0.173138 0.140980 
0.355019 0.331228 0.297812 0.015941 
0.357988 0.355996 0.121663 0.164353 
0.357309 0.356436 0.143336 0.142918 
0.358327 0.351192 0.156460 0.134022 
0.350384 0.344767 0.224740 0.080109 
0.343385 0.364509 0.060737 0.231369 
0.341613 0.371046 0.142523 0.144818 
0.340098 0.355554 0.106721 0.197628 
0.331229 0.311174 0.308062 0.049535 
0.333227 0.306618 0.277541 0.082615 
0.318324 0.300749 0.328913 0.052015 
0.329109 0.343254 0.030215 0.297422 
0.330370 0.358597 0.020451 0.290582 
0.341820 0.345813 0.042998 0.269370 
0.330823 0.323493 0.029784 0.315900 
0.340163 0.329530 0.064121 0.266186 
0.347789 0.278067 0.309587 0.064557 
0.353030 0.329503 0.261344 0.056124 
0.359704 0.302453 0.211812 0.126031 
0.358318 0.331217 0.230211 0.080254 
0.342415 0.290738 0.338179 0.028668 
0.361117 0.322941 0.191617 0.124325 
0.347745 0.307094 0.048358 0.296803 
0.350736 0.246539 0.205641 0.197084 
0.352317 0.258867 0.210399 0.178417 
0.354434 0.204456 0.238503 0.202607 
0.349796 0.166897 0.314054 0.169254 
0.355578 0.171257 0.300545 0.172620 
0.356787 0.185473 0.179520 0.278221 
0.345264 0.103565 0.213571 0.337599 
0.334875 0.080270 0.224624 0.360231 
0.352158 0.284589 0.183060 0.180193 
0.353981 0.223861 0.204382 0.217777 
0.339388 0.184353 0.132358 0.343901 
0.347156 0.175966 0.316001 0.160877 
0.341525 0.059931 0.337519 0.261025 
0.332694 0.058726 0.358007 0.250573 
0.310922 0.011926 0.329512 0.347641 
0.327333 0.053578 0.341878 0.277211 
0.351127 0.171307 0.302566 0.175001 
0.345144 0.108773 0.335658 0.210425 
0.349703 0.206687 0.277246 0.166364 
0.349754 0.272846 0.211400 0.166000 
0.340958 0.184130 0.346308 0.128605 
0.336071 0.167385 0.352604 0.143941 
0.333050 0.204621 0.328329 0.134000 
0.335536 0.231623 0.307146 0.125695 
0.321984 0.184632 0.327453 0.165932 
0.295633 0.261757 0.115880 0.326730 
0.329032 0.285052 0.085720 0.300195 
0.343354 0.280065 0.186802 0.189780 
0.349866 0.273059 0.186294 0.190781 
0.344202 0.257558 0.111645 0.286594 
0.341709 0.295803 0.224448 0.138040 
0.334116 0.323370 0.174711 0.167804 
0.320510 0.306317 0.287607 0.085567 
0.295028 0.221134 0.329415 0.154423 
0.305803 0.319419 0.171784 0.202993 
0.314195 0.336531 0.144517 0.204756 
0.292614 0.336769 0.184216 0.186401 
0.301322 0.350358 0.181205 0.167114 
0.337447 0.336374 0.142291 0.183888 
0.329475 0.344974 0.209380 0.116171 
0.312250 0.352379 0.185679 0.149692 
0.315382 0.345618 0.248868 0.090132 
0.309201 0.353992 0.070152 0.266656 
0.324995 0.328018 0.282047 0.064940 
0.312210 0.329070 0.326263 0.032456 
0.296375 0.311493 0.339348 0.052783 
0.323600 0.348375 0.175956 0.152069 
0.315071 0.363877 0.171999 0.149053 
0.324468 0.354379 0.159888 0.161265 
0.310911 0.356713 0.217254 0.115122 
0.313523 0.357302 0.195771 0.133404 
0.313712 0.370859 0.127847 0.187582 
0.283417 0.376688 0.170734 0.169161 
0.293893 0.376532 0.177036 0.152540 
0.277031 0.379238 0.145958 0.197773 
0.234593 0.374485 0.167076 0.223846 
0.265566 0.361100 0.314435 0.058899 
0.324204 0.348214 0.160735 0.166847 
0.319548 0.344251 0.171758 0.164443 
0.334942 0.346262 0.158441 0.160355 
0.336003 0.348906 0.153057 0.162034 
0.323428 0.323589 0.121509 0.231474 
0.342445 0.315608 0.170584 0.171363 
0.338132 0.316540 0.272672 0.072657 
0.339334 0.333215 0.190654 0.136797 
0.335560 0.342472 0.163145 0.158822 
0.319276 0.343970 0.311025 0.025729 
0.339450 0.355345 0.111688 0.193516 
0.326669 0.358864 0.087427 0.227040 
0.328593 0.360155 0.041058 0.270195 
0.343475 0.360609 0.147081 0.148835 
0.344100 0.348624 0.156335 0.150941 
0.340121 0.350479 0.124294 0.185106 
0.336973 0.352197 0.136701 0.174130 
0.334438 0.363660 0.153349 0.148552 
0.327693 0.369877 0.098313 0.204117 
0.313147 0.355552 0.215586 0.115715 
0.319799 0.350670 0.033103 0.296429 
0.335320 0.303916 0.041997 0.318767 
0.336481 0.346578 0.056746 0.260195 
0.328361 0.341829 0.008715 0.321095 
0.300775 0.342540 0.004798 0.351887 
0.295249 0.308130 0.004692 0.391929 
0.309837 0.322115 0.005307 0.362741 
0.282214 0.295840 0.010353 0.411594 
0.296955 0.319190 0.020044 0.363811 
0.309525 0.342801 0.024103 0.323570 
0.337724 0.340038 0.196268 0.125969 
0.328078 0.339863 0.164465 0.167593 
0.307557 0.320383 0.065336 0.306724 
0.307475 0.267415 0.082390 0.342720 
0.292328 0.296545 0.049706 0.361421 
0.294410 0.279605 0.069566 0.356420 
0.324773 0.277768 0.031528 0.365932 
0.321038 0.287785 0.031552 0.359625 
0.290645 0.287998 0.023336 0.398021 
0.311702 0.248223 0.043729 0.396346 
0.312910 0.101486 0.192929 0.392675 
0.321161 0.190865 0.084785 0.403189 
0.319341 0.197501 0.097103 0.386055 
0.314014 0.219064 0.076853 0.390069 
0.311342 0.204302 0.128555 0.355801 
0.320882 0.100976 0.228930 0.349213 
0.320348 0.171588 0.159004 0.349059 
0.328108 0.075961 0.292823 0.303109 
0.302212 0.046615 0.347138 0.304034 
0.320891 0.076345 0.244629 0.358135 
0.305707 0.029136 0.316703 0.348454 
0.322723 0.135455 0.186643 0.355180 
0.329589 0.155172 0.314552 0.200686 
0.342681 0.206092 0.201954 0.249274 
0.343468 0.172104 0.282835 0.201593 
0.348736 0.187394 0.197081 0.266788 
0.334715 0.242962 0.281634 0.140689 
0.327017 0.320638 0.285433 0.066911 
0.348944 0.292988 0.178210 0.179859 
0.346371 0.279854 0.162783 0.210992 
0.335990 0.281918 0.161897 0.220195 
0.343618 0.276503 0.214103 0.165776 
0.337179 0.258991 0.171451 0.232379 
0.344800 0.260948 0.191817 0.202435 
0.347875 0.210607 0.212843 0.228675 
0.344224 0.204242 0.248196 0.203338 
0.343003 0.132536 0.281417 0.243044 
0.331931 0.100361 0.297052 0.270656 
0.322356 0.135232 0.342914 0.199498 
0.336584 0.177518 0.347284 0.138614 
0.344499 0.201928 0.322459 0.131115 
0.339674 0.105743 0.317701 0.236882 
0.341758 0.109764 0.327263 0.221215 
0.332181 0.222579 0.331743 0.113497 
0.328973 0.269227 0.301303 0.100497 
0.294462 0.066888 0.301236 0.337415 
0.322383 0.081385 0.330697 0.265536 
0.291840 0.042346 0.338162 0.327652 
0.319475 0.085281 0.364920 0.230324 
0.316913 0.041472 0.372135 0.269480 
0.311717 0.010440 0.373003 0.304839 
0.293620 0.005219 0.372051 0.329110 
0.309296 0.003867 0.348138 0.338700 
0.272990 0.004291 0.340798 0.381921 
0.310994 0.009240 0.303695 0.376071 
0.319730 0.056829 0.217618 0.405823 
0.335069 0.122090 0.133955 0.408886 
0.336184 0.133481 0.137066 0.393268 
0.328101 0.284204 0.020621 0.367074 
0.333516 0.164354 0.105699 0.396431 
0.336776 0.134395 0.131552 0.397277 
0.342752 0.125926 0.143044 0.388277 
0.351833 0.119635 0.174283 0.354249 
0.339646 0.067335 0.197084 0.395936 
0.360266 0.103948 0.193149 0.342637 
0.334772 0.002725 0.309263 0.353240 
0.369463 0.200320 0.206263 0.223954 
0.371533 0.255158 0.170869 0.202440 
0.362747 0.296101 0.179978 0.161173 
0.362701 0.308801 0.167321 0.161177 
0.357398 0.252695 0.107468 0.282439 
0.360573 0.278390 0.180444 0.180593 
0.357668 0.259496 0.206995 0.175841 
0.356218 0.245661 0.206515 0.191605 
0.361418 0.231312 0.261868 0.145401 
0.361473 0.170314 0.317925 0.150287 
0.365530 0.183427 0.276852 0.174191 
0.365620 0.231441 0.213926 0.189012 
0.347469 0.105089 0.190332 0.357110 
0.343225 0.081319 0.197748 0.377709 
0.349737 0.138424 0.143262 0.368577 
0.344637 0.211045 0.064870 0.379448 
0.346994 0.081430 0.186735 0.384840 
