0.254396 0.212438 0.266550 0.266616 
0.237904 0.198876 0.281438 0.281782 
0.261668 0.193423 0.272615 0.272295 
0.242114 0.221940 0.246132 0.289813 
0.320123 0.142500 0.211937 0.325440 
0.317530 0.266262 0.102203 0.314006 
0.335054 0.263040 0.065035 0.336871 
0.356370 0.191921 0.098604 0.353105 
0.357977 0.000289 0.288861 0.352873 
0.356743 0.000365 0.289310 0.353582 
0.359547 0.018279 0.262580 0.359594 
0.343958 0.000815 0.310223 0.345004 
0.347637 0.009001 0.295224 0.348138 
0.347002 0.221432 0.078073 0.353493 
0.356751 0.009537 0.268794 0.364918 
0.371147 0.031783 0.226619 0.370452 
0.371305 0.031568 0.230095 0.367031 
0.380394 0.149642 0.094031 0.375932 
0.358100 0.000000 0.290979 0.350920 
0.352855 0.000000 0.298786 0.348359 
0.364215 0.000000 0.283011 0.352774 
0.347590 0.000000 0.321816 0.330594 
0.346568 0.000000 0.321781 0.331651 
0.353621 0.000000 0.302066 0.344313 
0.361404 0.000000 0.290117 0.348478 
0.357106 0.000001 0.298794 0.344099 
0.368086 0.000018 0.279783 0.352112 
0.376628 0.000044 0.264360 0.358968 
0.383332 0.000001 0.251671 0.364995 
0.389956 0.000001 0.231408 0.378635 
0.394583 0.000002 0.226073 0.379342 
0.403131 0.000027 0.207377 0.389465 
0.394438 0.000075 0.221853 0.383634 
0.396388 0.000282 0.215663 0.387667 
0.381590 0.000003 0.242794 0.375612 
0.388419 0.000003 0.229667 0.381911 
0.382129 0.000000 0.238832 0.379039 
0.369334 0.000000 0.274976 0.355690 
0.399502 0.000031 0.207953 0.392513 
0.410126 0.000240 0.183769 0.405864 
0.415108 0.002743 0.167558 0.414591 
0.383957 0.000213 0.222706 0.393124 
0.388117 0.062446 0.139927 0.409509 
0.359584 0.001085 0.234854 0.404477 
0.380200 0.013156 0.191034 0.415610 
0.358148 0.000634 0.250554 0.390664 
0.379765 0.179581 0.045165 0.395489 
0.388275 0.042602 0.159955 0.409167 
0.367307 0.224649 0.000423 0.407622 
0.387895 0.055554 0.111342 0.445209 
0.344250 0.001102 0.220487 0.434160 
0.357507 0.003683 0.194887 0.443924 
0.341232 0.031014 0.165122 0.462631 
0.317755 0.031405 0.177109 0.473731 
0.289890 0.000938 0.241140 0.468031 
0.286323 0.120189 0.105764 0.487723 
0.274915 0.126251 0.101522 0.497313 
0.270135 0.071516 0.160713 0.497636 
0.261221 0.112853 0.124985 0.500941 
0.214305 0.181421 0.101096 0.503178 
0.207266 0.140003 0.147859 0.504872 
0.063810 0.269243 0.170816 0.496130 
0.160405 0.080109 0.261313 0.498174 
0.134044 0.054518 0.335123 0.476315 
0.014482 0.183106 0.332188 0.470224 
0.001961 0.196491 0.348905 0.452643 
0.007503 0.184552 0.346274 0.461670 
0.046622 0.111889 0.379117 0.462372 
0.057160 0.092960 0.390630 0.459250 
0.067950 0.079374 0.395258 0.457418 
0.120771 0.060249 0.346650 0.472331 
0.115582 0.064413 0.344553 0.475451 
0.101972 0.098011 0.311800 0.488216 
0.104476 0.259266 0.136673 0.499585 
0.046588 0.278609 0.184565 0.490238 
0.002452 0.278300 0.250733 0.468515 
0.000114 0.232192 0.330327 0.437367 
0.000231 0.225943 0.338730 0.435095 
0.000007 0.246060 0.330483 0.423449 
0.000151 0.221446 0.341827 0.436576 
0.000020 0.235785 0.339691 0.424504 
0.000025 0.249611 0.315329 0.435034 
0.000014 0.285357 0.276555 0.438074 
0.000165 0.373591 0.202325 0.423920 
0.000005 0.370819 0.222091 0.407085 
0.001342 0.375199 0.182043 0.441417 
0.007567 0.349494 0.182332 0.460607 
0.000650 0.326548 0.223223 0.449579 
0.000091 0.288608 0.259047 0.452254 
0.000444 0.252917 0.286287 0.460351 
0.000064 0.267945 0.286314 0.445677 
0.000014 0.295204 0.273911 0.430871 
0.000137 0.316728 0.259258 0.423877 
0.000178 0.319569 0.248743 0.431510 
0.001472 0.363145 0.206693 0.428690 
0.000072 0.338420 0.241232 0.420276 
0.000004 0.288488 0.304199 0.407309 
0.000001 0.294851 0.294104 0.411044 
0.000000 0.313197 0.284521 0.402282 
0.000000 0.327816 0.292949 0.379235 
0.000000 0.342386 0.306756 0.350858 
0.000000 0.349982 0.316788 0.333230 
0.000000 0.334189 0.332705 0.333106 
0.000000 0.330756 0.320038 0.349206 
0.000000 0.313940 0.341548 0.344512 
0.000000 0.312871 0.339844 0.347285 
0.000000 0.320356 0.335331 0.344313 
0.000000 0.301078 0.337111 0.361811 
0.000000 0.282216 0.346085 0.371699 
0.000000 0.289608 0.342769 0.367623 
0.000000 0.325088 0.312870 0.362042 
0.000000 0.337927 0.313266 0.348807 
0.000000 0.330204 0.320584 0.349212 
0.000000 0.326030 0.322696 0.351274 
0.000000 0.314016 0.345448 0.340536 
0.000000 0.326609 0.340739 0.332653 
0.000000 0.357541 0.296665 0.345794 
0.000000 0.351004 0.308290 0.340706 
0.000000 0.341713 0.332552 0.325735 
0.000000 0.342188 0.325891 0.331921 
0.000000 0.330581 0.337466 0.331953 
0.000000 0.338841 0.334764 0.326395 
0.000000 0.341136 0.339710 0.319155 
0.000000 0.327585 0.337508 0.334907 
0.000000 0.332225 0.334558 0.333218 
0.000000 0.326975 0.336021 0.337004 
0.000000 0.331784 0.331046 0.337170 
0.000000 0.325936 0.338705 0.335359 
0.000000 0.317898 0.341159 0.340942 
0.000000 0.307166 0.346116 0.346718 
0.000000 0.330496 0.336094 0.333410 
0.000000 0.334805 0.334006 0.331189 
0.000000 0.333339 0.333965 0.332696 
0.000000 0.336206 0.331548 0.332246 
0.000000 0.337760 0.334220 0.328019 
0.000000 0.327205 0.344369 0.328426 
0.000000 0.325082 0.343906 0.331012 
0.000000 0.328469 0.347692 0.323838 
0.000000 0.327520 0.349933 0.322547 
0.000000 0.338725 0.346505 0.314770 
0.000000 0.342595 0.329234 0.328170 
0.000000 0.308119 0.351662 0.340220 
0.000000 0.315048 0.346252 0.338699 
0.000000 0.318387 0.350345 0.331268 
0.000000 0.334801 0.339727 0.325472 
0.000000 0.351261 0.327866 0.320873 
0.000000 0.348136 0.321853 0.330011 
0.000000 0.329209 0.323803 0.346988 
0.000000 0.318198 0.341540 0.340262 
0.000000 0.313721 0.346164 0.340115 
0.000000 0.322266 0.339148 0.338586 
0.000000 0.313228 0.341576 0.345197 
0.000000 0.316869 0.344757 0.338374 
0.000000 0.331063 0.337310 0.331628 
0.000000 0.334215 0.335927 0.329858 
0.000000 0.334523 0.333059 0.332418 
0.000000 0.331728 0.328464 0.339809 
0.000000 0.331097 0.333791 0.335112 
0.000000 0.336793 0.321580 0.341627 
0.000000 0.296839 0.347920 0.355240 
0.000000 0.321752 0.331401 0.346846 
0.000000 0.337800 0.307818 0.354382 
0.000000 0.301972 0.316182 0.381846 
0.000000 0.299312 0.303334 0.397354 
0.000000 0.309596 0.290866 0.399539 
0.000000 0.285450 0.313056 0.401494 
0.000000 0.258635 0.366225 0.375139 
0.000000 0.265033 0.368473 0.366494 
0.000000 0.292266 0.348866 0.358868 
0.000000 0.325963 0.304056 0.369981 
0.000000 0.322094 0.280874 0.397032 
0.000004 0.334444 0.259087 0.406465 
0.000004 0.270745 0.313366 0.415885 
0.000015 0.265362 0.301458 0.433165 
0.000598 0.207890 0.348279 0.443233 
0.000470 0.220145 0.328227 0.451158 
0.018741 0.156766 0.372393 0.452101 
0.000988 0.185306 0.381235 0.432471 
0.020468 0.136894 0.390210 0.452427 
0.022545 0.140187 0.377483 0.459785 
0.001869 0.182302 0.367001 0.448828 
0.003434 0.168204 0.383350 0.445011 
0.000169 0.194391 0.390172 0.415267 
0.000246 0.198891 0.368667 0.432196 
0.000027 0.254655 0.309763 0.435554 
0.000067 0.283455 0.267768 0.448711 
0.000008 0.284031 0.283413 0.432548 
0.000029 0.296195 0.265245 0.438531 
0.000669 0.303080 0.251329 0.444921 
0.000089 0.303765 0.267495 0.428652 
0.000038 0.273167 0.307883 0.418912 
0.000025 0.260258 0.324254 0.415463 
0.000003 0.259579 0.341174 0.399244 
0.000019 0.242595 0.335249 0.422136 
0.000104 0.219988 0.360215 0.419693 
0.000002 0.246350 0.378321 0.375328 
0.001665 0.179075 0.425961 0.393300 
0.002673 0.170299 0.434739 0.392289 
0.004827 0.172567 0.432338 0.390268 
0.000730 0.201132 0.427375 0.370763 
0.001340 0.202024 0.428617 0.368019 
0.010572 0.168898 0.435348 0.385182 
0.026526 0.144718 0.440391 0.388366 
0.000441 0.231752 0.433142 0.334664 
0.000022 0.256835 0.408131 0.335013 
0.000003 0.262472 0.397048 0.340478 
0.000497 0.211519 0.409892 0.378092 
0.061043 0.102564 0.426866 0.409527 
0.084736 0.071079 0.416304 0.427881 
0.128616 0.038973 0.417510 0.414902 
0.109991 0.053724 0.403951 0.432335 
0.136578 0.037899 0.385153 0.440370 
0.049460 0.138625 0.360492 0.451423 
0.111633 0.081953 0.366872 0.439542 
0.138067 0.061842 0.347846 0.452245 
0.138305 0.074973 0.338485 0.448238 
0.123167 0.087445 0.342396 0.446992 
0.117644 0.079877 0.354773 0.447705 
0.097709 0.099625 0.325348 0.477318 
0.107983 0.100604 0.313045 0.478369 
0.095900 0.116700 0.322026 0.465374 
0.098470 0.120121 0.307604 0.473805 
0.115596 0.117093 0.278658 0.488653 
0.108637 0.126816 0.270320 0.494227 
0.119249 0.117384 0.279498 0.483870 
0.115377 0.124238 0.281930 0.478455 
0.058490 0.217756 0.247688 0.476067 
0.018378 0.266198 0.254257 0.461167 
0.010050 0.254567 0.290356 0.445027 
0.094456 0.161907 0.307639 0.435998 
0.153191 0.143430 0.256004 0.447375 
0.126920 0.150515 0.281267 0.441298 
0.140562 0.171556 0.289870 0.398012 
0.070405 0.292893 0.289826 0.346876 
0.033215 0.297418 0.336174 0.333194 
0.086686 0.208235 0.323344 0.381735 
0.012902 0.313021 0.279937 0.394140 
0.001544 0.338271 0.292178 0.368006 
0.001169 0.311980 0.319123 0.367728 
0.000080 0.478025 0.238210 0.283686 
0.000157 0.376988 0.305011 0.317845 
0.000650 0.395360 0.284112 0.319878 
0.008572 0.370959 0.346105 0.274364 
0.001084 0.314947 0.338830 0.345139 
0.019182 0.274236 0.360544 0.346038 
0.031482 0.247573 0.364170 0.356775 
0.044869 0.216571 0.364638 0.373921 
0.121668 0.128538 0.351209 0.398585 
0.071029 0.197925 0.332480 0.398566 
0.019209 0.295573 0.325554 0.359663 
0.103278 0.198513 0.312490 0.385718 
0.114246 0.289393 0.218752 0.377609 
0.105925 0.330351 0.172731 0.390993 
0.061345 0.358572 0.224662 0.355420 
0.066225 0.310823 0.341976 0.280976 
0.095908 0.299099 0.283680 0.321312 
0.060519 0.360009 0.269101 0.310371 
0.075918 0.425548 0.236264 0.262270 
0.041877 0.370060 0.281190 0.306873 
0.056601 0.308875 0.246055 0.388469 
0.058450 0.378643 0.203657 0.359250 
0.067946 0.409214 0.198299 0.324541 
0.089521 0.334936 0.229140 0.346403 
0.065340 0.373666 0.218521 0.342473 
0.042055 0.452741 0.226641 0.278564 
0.011386 0.439109 0.269829 0.279676 
0.032466 0.401772 0.241235 0.324528 
0.064230 0.395622 0.231336 0.308813 
0.173032 0.288962 0.202074 0.335932 
0.265041 0.291337 0.215120 0.228502 
0.264931 0.236406 0.216873 0.281790 
0.249001 0.238787 0.218383 0.293829 
0.157187 0.290425 0.203311 0.349076 
0.223233 0.286982 0.277748 0.212036 
0.256607 0.232765 0.288836 0.221792 
0.245259 0.221574 0.233346 0.299820 
0.289134 0.237978 0.236474 0.236414 
0.236173 0.341629 0.198608 0.223590 
0.228649 0.361166 0.204538 0.205647 
0.197809 0.355894 0.168325 0.277972 
0.196151 0.378836 0.239870 0.185143 
0.205734 0.342798 0.215263 0.236205 
0.207838 0.342428 0.207774 0.241961 
0.213631 0.332171 0.213781 0.240417 
0.235902 0.253169 0.247191 0.263738 
0.163735 0.321763 0.259644 0.254858 
0.242349 0.280786 0.253898 0.222967 
0.271441 0.235546 0.252035 0.240979 
0.249550 0.292487 0.223176 0.234787 
0.246417 0.229393 0.197086 0.327104 
0.269192 0.241438 0.243379 0.245991 
0.287026 0.235150 0.235895 0.241929 
0.266864 0.213308 0.284872 0.234957 
0.209780 0.236502 0.205904 0.347814 
0.258709 0.227719 0.234819 0.278754 
0.210600 0.144506 0.311720 0.333174 
0.127608 0.245946 0.333060 0.293386 
0.160793 0.231365 0.363026 0.244815 
0.193177 0.193706 0.385348 0.227769 
0.207398 0.188097 0.432966 0.171539 
0.183976 0.317840 0.384787 0.113397 
0.018564 0.341899 0.374935 0.264603 
0.028329 0.338884 0.344200 0.288587 
0.064382 0.311496 0.350780 0.273341 
0.177899 0.368522 0.339833 0.113746 
0.198731 0.382611 0.298850 0.119807 
0.175068 0.394191 0.273104 0.157637 
0.192078 0.374388 0.247226 0.186307 
0.186549 0.319698 0.282599 0.211154 
0.182769 0.373131 0.323064 0.121036 
0.191262 0.376553 0.316426 0.115759 
0.228563 0.368941 0.219154 0.183342 
0.134689 0.349435 0.171103 0.344773 
0.169466 0.389334 0.195220 0.245979 
0.055139 0.361140 0.250326 0.333395 
0.100496 0.388745 0.210946 0.299813 
0.154220 0.381047 0.290479 0.174253 
0.114911 0.375946 0.218057 0.291086 
0.226371 0.277198 0.269241 0.227190 
0.223849 0.250868 0.299072 0.226211 
0.184791 0.253394 0.311450 0.250365 
0.231132 0.287632 0.242798 0.238438 
0.202062 0.267783 0.253131 0.277024 
0.206938 0.215027 0.294061 0.283973 
0.225598 0.218271 0.224485 0.331646 
0.242838 0.236848 0.282594 0.237720 
0.240912 0.210603 0.207988 0.340498 
0.211995 0.250561 0.193413 0.344031 
0.153847 0.311667 0.173265 0.361220 
0.212209 0.221176 0.193670 0.372945 
0.153659 0.286643 0.177937 0.381762 
0.146077 0.235619 0.221870 0.396433 
0.197160 0.248787 0.186386 0.367668 
0.151199 0.230813 0.265488 0.352500 
0.152226 0.137535 0.343858 0.366381 
0.104110 0.183499 0.352228 0.360163 
0.096081 0.188938 0.342020 0.372962 
0.149069 0.358736 0.322946 0.169248 
0.105338 0.368648 0.243551 0.282463 
0.210860 0.310972 0.292867 0.185300 
0.210023 0.339599 0.243866 0.206512 
0.149428 0.452348 0.141225 0.256999 
0.208206 0.394342 0.200721 0.196731 
0.240707 0.272999 0.248713 0.237582 
0.223191 0.288987 0.228703 0.259119 
0.235767 0.236213 0.236400 0.291620 
0.249722 0.253114 0.248528 0.248636 
0.249256 0.247027 0.257071 0.246647 
0.216979 0.271649 0.291501 0.219871 
0.221151 0.312099 0.247177 0.219573 
0.247712 0.255834 0.248466 0.247988 
0.234545 0.260477 0.244177 0.260801 
0.193830 0.279520 0.247685 0.278964 
0.228171 0.294624 0.244244 0.232962 
0.254991 0.270288 0.237101 0.237620 
0.250221 0.272987 0.232881 0.243911 
0.246845 0.266345 0.262058 0.224752 
0.239771 0.222247 0.242178 0.295803 
0.198212 0.196313 0.244156 0.361319 
0.230012 0.280316 0.250176 0.239496 
0.215530 0.256004 0.216012 0.312453 
0.234306 0.227363 0.248539 0.289791 
0.228234 0.279209 0.260528 0.232029 
0.218476 0.221473 0.309980 0.250071 
0.201092 0.207380 0.324272 0.267257 
0.204069 0.232681 0.339570 0.223680 
0.134241 0.325217 0.339359 0.201183 
0.214966 0.236293 0.332524 0.216217 
0.202744 0.284280 0.342383 0.170592 
0.170826 0.292534 0.369999 0.166641 
0.170742 0.272102 0.379720 0.177436 
0.124045 0.314106 0.385998 0.175852 
0.155639 0.336592 0.373368 0.134401 
0.153241 0.291205 0.391501 0.164053 
0.126623 0.332720 0.383615 0.157041 
0.148485 0.370127 0.358639 0.122749 
0.170520 0.406334 0.313811 0.109336 
0.150347 0.403464 0.330673 0.115516 
0.114496 0.284231 0.356111 0.245161 
0.234799 0.242754 0.346088 0.176359 
0.217213 0.232331 0.328749 0.221707 
0.240860 0.294200 0.234990 0.229950 
0.269406 0.331867 0.249247 0.149480 
0.249712 0.291888 0.162718 0.295681 
0.242528 0.301740 0.202806 0.252926 
0.218588 0.311330 0.184619 0.285463 
0.118641 0.282720 0.174340 0.424299 
0.141943 0.334774 0.205741 0.317541 
0.135545 0.362818 0.251883 0.249754 
0.144499 0.381271 0.269141 0.205090 
0.163794 0.365976 0.197644 0.272585 
0.220461 0.283779 0.191869 0.303890 
0.224382 0.301485 0.216918 0.257215 
0.218380 0.233763 0.223442 0.324415 
0.187109 0.288350 0.210880 0.313661 
0.169838 0.223180 0.297931 0.309051 
0.209443 0.238541 0.236797 0.315219 
0.217965 0.213535 0.230445 0.338056 
0.181588 0.253727 0.176569 0.388117 
0.151612 0.308269 0.150433 0.389686 
0.143267 0.282925 0.150838 0.422970 
0.098510 0.284073 0.164435 0.452982 
0.108902 0.264727 0.167577 0.458793 
0.128830 0.260587 0.141984 0.468599 
0.130122 0.267932 0.127433 0.474513 
0.122720 0.277139 0.136765 0.463376 
0.137363 0.260207 0.149130 0.453301 
0.174875 0.214266 0.171598 0.439261 
0.190137 0.178631 0.214731 0.416501 
0.169989 0.160643 0.316285 0.353082 
0.136759 0.142186 0.386663 0.334392 
0.138857 0.141446 0.365595 0.354102 
0.124621 0.125469 0.387023 0.362888 
0.089278 0.095658 0.418702 0.396362 
0.052105 0.137088 0.406248 0.404560 
0.094710 0.116520 0.381518 0.407253 
0.100585 0.113260 0.350004 0.436151 
0.103045 0.102594 0.362228 0.432133 
0.078935 0.118708 0.340299 0.462059 
0.065900 0.113529 0.359323 0.461248 
0.094464 0.129852 0.300458 0.475226 
0.086107 0.159406 0.303388 0.451099 
0.103277 0.148625 0.274428 0.473670 
0.110676 0.129400 0.292011 0.467913 
0.075228 0.148727 0.330603 0.445442 
0.008606 0.226644 0.322858 0.441893 
0.001356 0.241381 0.314869 0.442394 
0.001806 0.234477 0.331447 0.432271 
0.002854 0.211624 0.339221 0.446301 
0.018365 0.194184 0.330549 0.456903 
0.054493 0.156220 0.348645 0.440642 
0.023140 0.201655 0.330800 0.444405 
0.040650 0.198245 0.326624 0.434481 
0.059284 0.185691 0.329975 0.425050 
0.036352 0.204606 0.327287 0.431755 
0.046849 0.166262 0.332752 0.454137 
0.041209 0.165059 0.375856 0.417875 
0.085284 0.115682 0.368609 0.430424 
0.049107 0.174128 0.357599 0.419166 
0.051873 0.181245 0.368273 0.398609 
0.028826 0.176735 0.346192 0.448247 
0.049524 0.154373 0.320959 0.475145 
0.096241 0.101488 0.338607 0.463664 
0.078778 0.108044 0.344941 0.468237 
0.074338 0.115776 0.326727 0.483159 
0.086910 0.137740 0.282116 0.493234 
0.135366 0.111504 0.288426 0.464705 
0.131485 0.135692 0.257280 0.475543 
0.118092 0.117917 0.280567 0.483425 
0.073290 0.154674 0.286486 0.485550 
0.104440 0.140348 0.272320 0.482893 
0.126959 0.095843 0.306586 0.470612 
0.123364 0.105701 0.292855 0.478080 
0.125143 0.098966 0.305950 0.469941 
0.118549 0.108712 0.326938 0.445801 
0.122173 0.101432 0.327906 0.448489 
0.134079 0.094881 0.337059 0.433980 
0.139785 0.059475 0.369835 0.430904 
0.158436 0.048890 0.329095 0.463580 
0.123790 0.115344 0.348458 0.412408 
0.121748 0.132585 0.291337 0.454330 
0.125759 0.141008 0.283613 0.449620 
0.134896 0.114071 0.301585 0.449448 
0.054573 0.256318 0.268219 0.420890 
0.112107 0.276964 0.154922 0.456006 
0.133144 0.264097 0.129293 0.473466 
0.025618 0.263610 0.274529 0.436243 
0.028302 0.282393 0.289188 0.400116 
0.101718 0.209610 0.270260 0.418412 
0.129870 0.200119 0.240630 0.429381 
0.090938 0.188535 0.340318 0.380209 
0.091813 0.156289 0.320743 0.431155 
0.050168 0.183295 0.357124 0.409413 
0.069363 0.152315 0.356996 0.421326 
0.055618 0.172855 0.355167 0.416361 
0.015215 0.247042 0.305533 0.432210 
0.035900 0.242555 0.321840 0.399705 
0.107357 0.154982 0.337136 0.400526 
0.036330 0.209339 0.354501 0.399829 
0.001924 0.295372 0.326866 0.375838 
0.020488 0.269883 0.338612 0.371018 
0.003714 0.284544 0.364510 0.347232 
0.000030 0.312560 0.379145 0.308265 
0.001483 0.399759 0.367055 0.231704 
0.046550 0.387941 0.376906 0.188602 
0.011413 0.407560 0.345824 0.235203 
0.037708 0.428236 0.367489 0.166567 
0.078922 0.339618 0.433076 0.148384 
0.083591 0.389903 0.436733 0.089773 
0.032100 0.401702 0.430784 0.135414 
0.079137 0.453604 0.386151 0.081108 
0.078540 0.417640 0.412872 0.090949 
0.093279 0.353564 0.434362 0.118795 
0.026352 0.324852 0.456244 0.192552 
0.041165 0.382318 0.451230 0.125287 
0.061206 0.370023 0.452989 0.115781 
0.038781 0.344581 0.447802 0.168836 
0.002499 0.372444 0.406170 0.218887 
0.022017 0.390546 0.398761 0.188675 
0.077149 0.414239 0.427155 0.081458 
0.055902 0.320256 0.449271 0.174571 
0.034929 0.241575 0.453761 0.269735 
0.060836 0.253370 0.413264 0.272530 
0.102675 0.262308 0.412939 0.222079 
0.122539 0.261829 0.362513 0.253119 
0.144925 0.225611 0.336405 0.293059 
0.224095 0.261303 0.225874 0.288728 
0.202600 0.201875 0.205937 0.389588 
0.170357 0.196478 0.256731 0.376433 
0.207949 0.207875 0.213788 0.370388 
0.166123 0.240384 0.263959 0.329534 
0.176411 0.200493 0.299574 0.323522 
0.202279 0.206752 0.251053 0.339916 
0.236306 0.230761 0.247874 0.285059 
0.227668 0.224171 0.279039 0.269123 
0.229965 0.218400 0.276835 0.274800 
0.193598 0.127805 0.319067 0.359531 
0.259672 0.269982 0.244835 0.225511 
0.262096 0.235472 0.241091 0.261341 
0.274522 0.246458 0.239517 0.239504 
0.283694 0.246272 0.235922 0.234112 
0.286683 0.230548 0.230251 0.252518 
0.248981 0.273385 0.177174 0.300461 
0.280299 0.231592 0.171274 0.316835 
0.276377 0.213451 0.148482 0.361691 
0.271368 0.312659 0.101103 0.314870 
0.300837 0.348709 0.173061 0.177394 
0.329430 0.333493 0.168623 0.168454 
0.259105 0.322259 0.163719 0.254916 
0.218113 0.292608 0.131116 0.358164 
0.242115 0.267272 0.205961 0.284651 
0.250734 0.318281 0.213866 0.217119 
0.251713 0.329439 0.189373 0.229475 
0.256431 0.327818 0.223601 0.192149 
0.215682 0.315988 0.172069 0.296261 
0.224602 0.351524 0.207534 0.216340 
0.173879 0.382332 0.308896 0.134893 
0.207964 0.390804 0.229970 0.171262 
0.140936 0.419135 0.191752 0.248177 
0.177382 0.405767 0.262652 0.154199 
0.211317 0.416911 0.144072 0.227700 
0.194199 0.426733 0.266940 0.112127 
0.210151 0.367765 0.317492 0.104591 
0.256516 0.352560 0.179705 0.211219 
0.195615 0.329172 0.307805 0.167408 
0.258430 0.347976 0.190255 0.203339 
0.242852 0.357390 0.194718 0.205040 
0.233934 0.374772 0.192435 0.198859 
0.110025 0.348355 0.164583 0.377037 
0.161571 0.382114 0.128270 0.328046 
0.157410 0.356646 0.196980 0.288964 
0.198133 0.400218 0.203664 0.197985 
0.170030 0.367697 0.236763 0.225511 
0.038741 0.380267 0.319069 0.261923 
0.010695 0.386074 0.284506 0.318724 
0.007314 0.408542 0.319147 0.264997 
0.003218 0.402140 0.277018 0.317624 
0.071257 0.430022 0.125465 0.373256 
0.017280 0.426591 0.214416 0.341713 
0.000046 0.383555 0.284756 0.331644 
0.002912 0.349567 0.328163 0.319359 
0.011562 0.326266 0.307115 0.355057 
0.016103 0.314065 0.355363 0.314470 
0.049963 0.225613 0.390272 0.334152 
0.025727 0.197798 0.447132 0.329342 
0.003142 0.318981 0.328912 0.348964 
0.000957 0.306554 0.347258 0.345230 
0.007511 0.349591 0.289246 0.353652 
0.000281 0.379179 0.304844 0.315696 
0.000870 0.363693 0.278081 0.357356 
0.001363 0.309554 0.283881 0.405202 
0.035705 0.407027 0.200946 0.356321 
0.149393 0.382671 0.107696 0.360240 
0.123879 0.342156 0.131023 0.402943 
0.224205 0.314348 0.106057 0.355390 
0.195539 0.260417 0.273302 0.270742 
0.150847 0.239113 0.263279 0.346761 
0.124064 0.300886 0.227467 0.347584 
0.180254 0.344612 0.114905 0.360229 
0.032568 0.326424 0.276578 0.364429 
0.096360 0.308124 0.198472 0.397045 
0.011652 0.320879 0.289549 0.377919 
0.037154 0.281428 0.295064 0.386354 
0.033543 0.267453 0.301166 0.397837 
0.011766 0.267557 0.325856 0.394821 
0.005048 0.286980 0.280421 0.427550 
0.068171 0.308958 0.160883 0.461987 
0.007281 0.273947 0.257397 0.461375 
0.048394 0.182096 0.299740 0.469770 
0.077541 0.234069 0.201174 0.487217 
0.084706 0.164084 0.263848 0.487362 
0.041319 0.196571 0.270065 0.492045 
0.156645 0.224669 0.115930 0.502756 
0.187717 0.118377 0.190099 0.503807 
0.180633 0.053195 0.271000 0.495172 
0.243969 0.125184 0.140542 0.490304 
0.255054 0.109757 0.154692 0.480497 
0.269987 0.115258 0.149843 0.464912 
0.267275 0.124897 0.167961 0.439868 
0.271978 0.089101 0.218056 0.420865 
0.232153 0.308003 0.046884 0.412960 
0.040310 0.272653 0.264345 0.422692 
0.004711 0.259470 0.364983 0.370836 
0.028993 0.225301 0.366904 0.378802 
0.085657 0.150196 0.393653 0.370495 
0.103183 0.147600 0.373051 0.376165 
0.164860 0.088309 0.367695 0.379135 
0.133277 0.153562 0.348092 0.365070 
0.195278 0.122147 0.311045 0.371530 
0.252953 0.168069 0.229269 0.349708 
0.143053 0.336292 0.209318 0.311337 
0.110186 0.178985 0.361753 0.349076 
0.179346 0.116572 0.380616 0.323466 
0.207923 0.120174 0.308197 0.363706 
0.164381 0.176045 0.329900 0.329674 
0.133608 0.164760 0.396471 0.305161 
0.103267 0.215407 0.347382 0.333944 
0.123191 0.244629 0.312598 0.319582 
0.130037 0.181352 0.359435 0.329176 
0.104973 0.290157 0.354590 0.250280 
0.186063 0.249347 0.336951 0.227638 
0.217294 0.242687 0.313605 0.226414 
0.211018 0.284257 0.228405 0.276320 
0.213689 0.277046 0.235462 0.273803 
0.244016 0.244956 0.247159 0.263869 
0.267350 0.259267 0.236622 0.236761 
0.263952 0.231555 0.271455 0.233038 
0.250285 0.242255 0.262117 0.245343 
0.230747 0.221431 0.303243 0.244579 
0.214845 0.207495 0.282981 0.294678 
0.181014 0.240064 0.304297 0.274625 
0.204806 0.206681 0.352623 0.235891 
0.204659 0.201613 0.394862 0.198866 
0.220541 0.215224 0.325587 0.238647 
0.230625 0.296652 0.242159 0.230564 
0.212388 0.363107 0.212628 0.211877 
0.232147 0.293384 0.239700 0.234769 
0.175551 0.305545 0.329064 0.189839 
0.114827 0.351139 0.350591 0.183444 
0.160156 0.383930 0.277629 0.178285 
0.255986 0.264790 0.238079 0.241145 
0.228003 0.241156 0.333458 0.197383 
0.252027 0.219306 0.308272 0.220395 
0.214388 0.359687 0.260042 0.165884 
0.179896 0.370375 0.281087 0.168641 
0.115901 0.353269 0.349813 0.181017 
0.251085 0.353680 0.225594 0.169640 
0.257859 0.321174 0.231947 0.189021 
0.225286 0.348425 0.284111 0.142178 
0.287531 0.321708 0.194258 0.196502 
0.300965 0.338520 0.184097 0.176418 
0.326807 0.224967 0.222439 0.225787 
0.321296 0.257163 0.190111 0.231430 
0.283290 0.178425 0.344050 0.194235 
0.329362 0.195520 0.283067 0.192050 
0.313884 0.205282 0.327976 0.152858 
0.320616 0.191986 0.236991 0.250408 
0.262781 0.112685 0.350025 0.274509 
0.235113 0.174757 0.350648 0.239482 
0.327577 0.277830 0.202281 0.192312 
0.304992 0.341019 0.174226 0.179763 
0.324579 0.238622 0.228480 0.208319 
0.317280 0.256361 0.247808 0.178552 
0.312393 0.189533 0.293387 0.204686 
0.283801 0.298877 0.228722 0.188600 
0.272360 0.289339 0.259151 0.179151 
0.281964 0.192310 0.315514 0.210212 
0.247858 0.334815 0.286263 0.131064 
0.290467 0.256589 0.226381 0.226563 
0.271550 0.225770 0.226492 0.276188 
0.287792 0.243574 0.229853 0.238782 
0.254704 0.257495 0.252020 0.235781 
0.278234 0.238381 0.239526 0.243858 
0.269505 0.244087 0.241499 0.244909 
0.269770 0.223769 0.235673 0.270788 
0.276506 0.209714 0.209188 0.304591 
0.231074 0.264192 0.267530 0.237204 
0.270191 0.212938 0.165197 0.351674 
0.282338 0.212615 0.171732 0.333315 
0.289592 0.210574 0.219882 0.279952 
0.296218 0.203937 0.177618 0.322226 
0.281472 0.304707 0.189395 0.224425 
0.269627 0.289303 0.242725 0.198345 
0.205153 0.359627 0.333261 0.101959 
0.239552 0.326429 0.330431 0.103588 
0.260189 0.348854 0.201889 0.189068 
0.248900 0.299753 0.210177 0.241169 
0.242745 0.234859 0.271109 0.251287 
0.176986 0.337063 0.319174 0.166776 
0.101304 0.293664 0.369667 0.235364 
0.125002 0.182972 0.399152 0.292874 
0.175390 0.163800 0.352197 0.308614 
0.168501 0.155306 0.361911 0.314283 
0.066992 0.339287 0.329752 0.263970 
0.127064 0.147876 0.377179 0.347881 
0.122893 0.157316 0.417741 0.302050 
0.130251 0.123395 0.453106 0.293248 
0.094956 0.144952 0.431057 0.329036 
0.122191 0.120026 0.434026 0.323757 
0.150287 0.116423 0.419017 0.314273 
0.145150 0.156675 0.380547 0.317629 
0.049912 0.284347 0.345913 0.319828 
0.064719 0.333772 0.381217 0.220292 
0.109702 0.405378 0.323301 0.161620 
0.132739 0.452907 0.280543 0.133810 
0.113502 0.457090 0.324354 0.105055 
0.162863 0.483501 0.201269 0.152367 
0.193353 0.469999 0.165855 0.170793 
0.153009 0.428740 0.291005 0.127247 
0.218742 0.416830 0.179167 0.185261 
0.163030 0.436447 0.209687 0.190835 
0.110943 0.438657 0.307174 0.143226 
0.159781 0.455924 0.210823 0.173472 
0.080616 0.467544 0.282088 0.169752 
0.174155 0.458040 0.239958 0.127847 
0.194798 0.435761 0.147702 0.221738 
0.212495 0.413108 0.144370 0.230028 
0.234199 0.387334 0.145677 0.232790 
0.240450 0.319542 0.162971 0.277037 
0.258247 0.247578 0.137367 0.356808 
0.257438 0.284081 0.267559 0.190923 
0.211390 0.331448 0.196313 0.260849 
0.252271 0.309705 0.196449 0.241576 
0.279606 0.282755 0.204332 0.233307 
0.232893 0.139680 0.345931 0.281496 
0.239637 0.223010 0.334178 0.203175 
0.284890 0.208364 0.209484 0.297262 
0.257640 0.277643 0.240508 0.224209 
0.242164 0.257526 0.224003 0.276307 
0.250780 0.235220 0.228546 0.285454 
0.230106 0.398206 0.176423 0.195265 
0.201295 0.416800 0.158318 0.223587 
0.176980 0.402719 0.284605 0.135696 
0.208709 0.385858 0.172400 0.233034 
0.249891 0.346598 0.148717 0.254793 
0.320519 0.210924 0.228659 0.239898 
0.308966 0.110254 0.346828 0.233952 
0.337726 0.165404 0.345989 0.150881 
0.347848 0.162822 0.281716 0.207614 
0.359921 0.214660 0.228387 0.197032 
0.356117 0.207952 0.192674 0.243256 
0.351770 0.156918 0.218703 0.272609 
0.341967 0.069741 0.338368 0.249924 
0.327969 0.048420 0.376328 0.247283 
0.305377 0.035465 0.353661 0.305497 
0.314555 0.016659 0.354892 0.313894 
0.317332 0.094198 0.331126 0.257343 
0.343398 0.179765 0.218208 0.258628 
0.339397 0.154306 0.180148 0.326149 
0.334864 0.213747 0.147896 0.303493 
0.322470 0.288645 0.083597 0.305288 
0.351431 0.175455 0.183045 0.290068 
0.348030 0.159631 0.168349 0.323990 
0.355573 0.252289 0.209249 0.182889 
0.347638 0.248234 0.281299 0.122829 
0.366246 0.207456 0.206795 0.219502 
0.340361 0.130765 0.351841 0.177033 
0.362614 0.218535 0.178904 0.239947 
0.369918 0.224527 0.197151 0.208405 
0.325792 0.271760 0.356486 0.045962 
0.355832 0.301023 0.111574 0.231571 
0.346845 0.340674 0.095504 0.216976 
0.363433 0.169535 0.263222 0.203810 
0.371656 0.208802 0.185590 0.233952 
0.368420 0.198948 0.230294 0.202338 
0.373091 0.215179 0.205542 0.206188 
0.374382 0.220651 0.216579 0.188388 
0.371552 0.262269 0.190922 0.175257 
0.371388 0.193927 0.193182 0.241504 
0.361678 0.154721 0.187025 0.296576 
0.367904 0.247635 0.166301 0.218160 
0.347810 0.286557 0.286300 0.079333 
0.366480 0.313306 0.113420 0.206794 
0.357491 0.184187 0.353032 0.105290 
0.388896 0.222761 0.205137 0.183206 
0.394339 0.171398 0.268339 0.165924 
0.398304 0.230624 0.197671 0.173401 
0.381683 0.181202 0.275158 0.161956 
0.381090 0.241737 0.098566 0.278607 
0.367035 0.329276 0.237816 0.065873 
0.388989 0.275890 0.242879 0.092243 
0.374759 0.309125 0.034917 0.281199 
0.392335 0.185681 0.226769 0.195215 
0.394793 0.233305 0.187448 0.184454 
0.390307 0.245827 0.183055 0.180810 
0.381630 0.190025 0.193408 0.234937 
0.365501 0.296667 0.107033 0.230799 
0.383219 0.218223 0.192950 0.205607 
0.366732 0.186094 0.340632 0.106541 
0.379298 0.186202 0.278659 0.155841 
0.372504 0.308274 0.220125 0.099097 
0.351192 0.354386 0.228478 0.065944 
0.331539 0.425523 0.124410 0.118529 
0.357202 0.367601 0.141704 0.133493 
0.379956 0.296491 0.191004 0.132549 
0.372214 0.328536 0.161472 0.137778 
0.379966 0.299637 0.177624 0.142772 
0.386096 0.213620 0.198729 0.201555 
0.375765 0.219845 0.230981 0.173408 
0.378999 0.192411 0.230258 0.198333 
0.379088 0.280867 0.170183 0.169863 
0.377050 0.261433 0.144360 0.217157 
0.359895 0.186126 0.303074 0.150905 
0.350963 0.108344 0.354481 0.186211 
0.351671 0.193482 0.173476 0.281372 
0.364651 0.186764 0.194552 0.254034 
0.384153 0.314800 0.166070 0.134976 
0.365528 0.329546 0.289807 0.015120 
0.366410 0.362970 0.114943 0.155676 
0.365298 0.363793 0.135653 0.135255 
0.367998 0.356021 0.148741 0.127241 
0.357481 0.348888 0.216968 0.076662 
0.343481 0.378984 0.057184 0.220352 
0.339195 0.389904 0.134359 0.136542 
0.341915 0.365559 0.102224 0.190302 
0.334282 0.310473 0.306973 0.048272 
0.337654 0.306422 0.275138 0.080786 
0.318794 0.299005 0.331492 0.050709 
0.329459 0.348681 0.029125 0.292736 
0.327863 0.371118 0.019367 0.281651 
0.345424 0.351323 0.041182 0.262071 
0.332773 0.323663 0.028898 0.314666 
0.345121 0.331237 0.062180 0.261463 
0.355925 0.273754 0.307711 0.062611 
0.362659 0.329050 0.254392 0.053899 
0.373620 0.298699 0.205835 0.121845 
0.370500 0.330224 0.222439 0.076838 
0.346905 0.284721 0.340859 0.027516 
0.375255 0.320393 0.184867 0.119485 
0.355683 0.304398 0.046813 0.293106 
0.361223 0.243252 0.202030 0.193495 
0.363314 0.255507 0.206485 0.174694 
0.366385 0.200429 0.234600 0.198586 
0.358957 0.162667 0.313390 0.164986 
0.367473 0.166663 0.297861 0.168003 
0.369558 0.180920 0.175046 0.274477 
0.351399 0.100118 0.207751 0.340731 
0.334091 0.076562 0.216161 0.373186 
0.362859 0.281913 0.179032 0.176196 
0.365768 0.219943 0.200451 0.213838 
0.343255 0.179044 0.128181 0.349520 
0.355335 0.171793 0.315940 0.156932 
0.346220 0.057856 0.340697 0.255226 
0.331762 0.056062 0.369944 0.242232 
0.305634 0.011382 0.328439 0.354546 
0.328234 0.051893 0.347315 0.272557 
0.361110 0.167189 0.300870 0.170830 
0.351438 0.105292 0.338417 0.204853 
0.359575 0.202872 0.274691 0.162862 
0.359685 0.270148 0.207627 0.162540 
0.344858 0.178414 0.352496 0.124232 
0.337733 0.161712 0.361673 0.138882 
0.337099 0.200715 0.331254 0.130933 
0.340940 0.228410 0.307488 0.123162 
0.324564 0.181458 0.331068 0.162910 
0.295578 0.259824 0.113856 0.330741 
0.332818 0.283460 0.083965 0.299756 
0.351295 0.278456 0.183643 0.186607 
0.359859 0.270401 0.182642 0.187098 
0.351940 0.254326 0.109128 0.284606 
0.348840 0.294897 0.221044 0.135220 
0.338738 0.325621 0.171236 0.164405 
0.322896 0.306761 0.286433 0.083910 
0.295187 0.218597 0.334210 0.152006 
0.307297 0.322689 0.169425 0.200589 
0.315192 0.342004 0.141557 0.201247 
0.292190 0.342985 0.181325 0.183500 
0.299687 0.360082 0.177067 0.163164 
0.341755 0.340350 0.138502 0.179393 
0.331185 0.351705 0.204328 0.112782 
0.310933 0.362590 0.180918 0.145558 
0.314941 0.353078 0.244344 0.087637 
0.306341 0.364798 0.067779 0.261082 
0.326900 0.330573 0.279193 0.063334 
0.310596 0.330693 0.327201 0.031510 
0.293726 0.310431 0.344510 0.051333 
0.324124 0.356626 0.171353 0.147898 
0.311057 0.379927 0.165652 0.143364 
0.323925 0.364989 0.154870 0.156216 
0.308336 0.368889 0.211418 0.111357 
0.311152 0.369712 0.190075 0.129061 
0.307127 0.391671 0.121825 0.179377 
0.273715 0.402579 0.162609 0.161096 
0.284358 0.402176 0.168499 0.144967 
0.266212 0.407402 0.138322 0.188063 
0.225932 0.398758 0.159989 0.215321 
0.257951 0.375585 0.310062 0.056401 
0.324837 0.356381 0.156390 0.162391 
0.320260 0.351398 0.167776 0.160566 
0.337544 0.353059 0.153762 0.155635 
0.338374 0.356519 0.148170 0.156937 
0.326198 0.326389 0.119087 0.228326 
0.349270 0.316170 0.166896 0.167665 
0.343248 0.316756 0.269207 0.070789 
0.344333 0.336366 0.186135 0.133166 
0.338821 0.348092 0.158664 0.154423 
0.317461 0.349848 0.307870 0.024820 
0.341174 0.365321 0.107086 0.186418 
0.324889 0.371598 0.083870 0.219643 
0.325942 0.373598 0.039068 0.261392 
0.345015 0.372787 0.140256 0.141942 
0.348528 0.355242 0.150738 0.145493 
0.343082 0.358268 0.119731 0.178918 
0.338896 0.361011 0.131825 0.168268 
0.332892 0.378584 0.146574 0.141950 
0.322706 0.389406 0.093182 0.194705 
0.311024 0.367105 0.209877 0.111995 
0.317504 0.359490 0.031838 0.291168 
0.338982 0.301673 0.040813 0.318532 
0.338673 0.353017 0.054608 0.253702 
0.327372 0.346141 0.008339 0.318148 
0.290926 0.344842 0.004479 0.359753 
0.274094 0.288179 0.004190 0.433536 
0.300921 0.315856 0.004964 0.378258 
0.241275 0.254178 0.008570 0.495977 
0.287916 0.313138 0.018950 0.379995 
0.306076 0.348120 0.023243 0.322561 
0.341667 0.344769 0.191272 0.122292 
0.330388 0.345400 0.160566 0.163647 
0.307455 0.322094 0.063923 0.306527 
0.306514 0.263787 0.080276 0.349423 
0.285780 0.290292 0.047614 0.376314 
0.289947 0.274297 0.067169 0.368587 
0.319517 0.267488 0.029779 0.383216 
0.316938 0.279878 0.030067 0.373117 
0.266819 0.264151 0.020836 0.448194 
0.290414 0.227011 0.039364 0.443211 
0.295100 0.092931 0.177699 0.434270 
0.294715 0.170104 0.075022 0.460159 
0.306020 0.184181 0.089982 0.419817 
0.297724 0.203117 0.070585 0.428574 
0.309125 0.198797 0.124545 0.367534 
0.320624 0.097923 0.223670 0.357783 
0.320399 0.167129 0.154765 0.357707 
0.331462 0.074341 0.291505 0.302692 
0.299021 0.045133 0.354818 0.301027 
0.318382 0.073353 0.237533 0.370732 
0.301561 0.028059 0.314095 0.356284 
0.321743 0.131001 0.181024 0.366232 
0.333844 0.152386 0.316175 0.197595 
0.350743 0.203233 0.199088 0.246937 
0.351384 0.168995 0.281296 0.198325 
0.358407 0.183914 0.193550 0.264129 
0.340533 0.240540 0.280627 0.138300 
0.329616 0.321996 0.283051 0.065337 
0.358340 0.291168 0.174431 0.176062 
0.355124 0.277826 0.159571 0.207479 
0.342189 0.280994 0.159305 0.217512 
0.351640 0.274688 0.210901 0.162771 
0.343864 0.257230 0.168908 0.229998 
0.353336 0.258631 0.188717 0.199316 
0.357460 0.207373 0.209615 0.225551 
0.352690 0.201262 0.245692 0.200356 
0.350635 0.129845 0.279600 0.239919 
0.336559 0.098375 0.296540 0.268526 
0.323479 0.131835 0.349510 0.195177 
0.339330 0.172217 0.354264 0.134189 
0.351528 0.197422 0.323362 0.127688 
0.345493 0.103168 0.318436 0.232903 
0.347673 0.106773 0.329011 0.216542 
0.335716 0.218420 0.335167 0.110697 
0.333022 0.267141 0.301285 0.098552 
0.292448 0.065244 0.299807 0.342501 
0.324088 0.079456 0.334159 0.262297 
0.287982 0.041035 0.342300 0.328683 
0.315020 0.081455 0.381553 0.221973 
0.308780 0.039044 0.394079 0.258096 
0.301082 0.009714 0.395971 0.293233 
0.279701 0.004800 0.393536 0.321963 
0.301670 0.003632 0.354615 0.340083 
0.253708 0.003848 0.332953 0.409491 
0.299100 0.008551 0.290807 0.401542 
0.289792 0.049561 0.192056 0.468591 
0.302758 0.105510 0.115856 0.475876 
0.320764 0.121475 0.124765 0.432997 
0.322793 0.272858 0.019347 0.385002 
0.315115 0.148840 0.095356 0.440689 
0.318331 0.121109 0.118525 0.442034 
0.332264 0.115368 0.131195 0.421172 
0.357892 0.113854 0.166397 0.361857 
0.322861 0.060399 0.178432 0.438307 
0.372381 0.098909 0.184763 0.343947 
0.333899 0.002546 0.300961 0.362594 
0.389955 0.193628 0.199472 0.216945 
0.393481 0.247277 0.164229 0.195012 
0.378502 0.291420 0.174229 0.155849 
0.378199 0.304736 0.161526 0.155539 
0.370304 0.247434 0.104164 0.278098 
0.375279 0.273794 0.175390 0.175537 
0.370992 0.255202 0.202318 0.171487 
0.368927 0.241513 0.202186 0.187374 
0.376667 0.225716 0.256614 0.141004 
0.375998 0.164308 0.314871 0.144823 
0.383200 0.177464 0.270908 0.168427 
0.383507 0.225309 0.207883 0.183301 
0.351164 0.099978 0.181996 0.366862 
0.338415 0.075466 0.184926 0.401192 
0.350856 0.130117 0.134705 0.384322 
0.339414 0.196700 0.059849 0.404038 
0.339768 0.074559 0.172208 0.413465 
