0.274081 0.179349 0.272277 0.274293 
0.276557 0.166002 0.280765 0.276675 
0.278628 0.273833 0.287134 0.160405 
0.251418 0.245998 0.251007 0.251577 
0.264985 0.190324 0.275249 0.269442 
0.248135 0.245802 0.261302 0.244761 
0.251466 0.242726 0.263481 0.242327 
0.274175 0.217023 0.246266 0.262536 
0.319712 0.063527 0.295145 0.321616 
0.280515 0.211916 0.212891 0.294679 
0.256078 0.256549 0.209033 0.278340 
0.269223 0.221878 0.223366 0.285533 
0.292798 0.272274 0.130059 0.304869 
0.310241 0.308214 0.063029 0.318515 
0.294175 0.232482 0.172353 0.300990 
0.279152 0.274046 0.156539 0.290263 
0.330240 0.179462 0.170078 0.320220 
0.341450 0.282171 0.098402 0.277977 
0.321646 0.322330 0.089711 0.266313 
0.341597 0.304599 0.262093 0.091711 
0.347514 0.334034 0.306336 0.012116 
0.350312 0.349024 0.300657 0.000007 
0.352723 0.329321 0.317956 0.000000 
0.355151 0.332323 0.312526 0.000000 
0.372520 0.314791 0.312689 0.000000 
0.377853 0.287028 0.335119 0.000000 
0.404228 0.253688 0.341843 0.000242 
0.410526 0.273869 0.315604 0.000001 
0.400143 0.276051 0.323805 0.000000 
0.385443 0.292805 0.321753 0.000000 
0.395735 0.295487 0.308778 0.000000 
0.387441 0.303456 0.309102 0.000000 
0.397255 0.281716 0.321029 0.000000 
0.400416 0.274945 0.324639 0.000000 
0.390579 0.301433 0.307988 0.000000 
0.389047 0.297688 0.313265 0.000000 
0.376787 0.319094 0.304118 0.000000 
0.379537 0.318608 0.301855 0.000000 
0.374888 0.297000 0.328112 0.000000 
0.385380 0.314952 0.299667 0.000000 
0.406911 0.267599 0.325490 0.000000 
0.410798 0.252650 0.336546 0.000006 
0.426439 0.209604 0.363865 0.000091 
0.438920 0.200011 0.359263 0.001806 
0.468058 0.088265 0.362556 0.081121 
0.468175 0.071079 0.370166 0.090580 
0.466324 0.069373 0.374214 0.090089 
0.463386 0.012859 0.351621 0.172134 
0.465412 0.048395 0.350805 0.135388 
0.468435 0.095783 0.361322 0.074460 
0.470665 0.121112 0.356351 0.051872 
0.458502 0.082031 0.395207 0.064259 
0.458713 0.078216 0.397868 0.065203 
0.465864 0.095450 0.376661 0.062024 
0.456766 0.152142 0.377728 0.013364 
0.458391 0.118439 0.388430 0.034740 
0.438884 0.213915 0.347070 0.000132 
0.447784 0.233654 0.318463 0.000099 
0.445433 0.275538 0.279005 0.000024 
0.427231 0.351635 0.221032 0.000102 
0.475573 0.016145 0.303276 0.205006 
0.486800 0.071295 0.308830 0.133075 
0.490931 0.079415 0.294057 0.135596 
0.487771 0.203608 0.282003 0.026618 
0.472035 0.151913 0.328811 0.047241 
0.464420 0.233580 0.293750 0.008250 
0.463343 0.225726 0.308420 0.002512 
0.464482 0.208798 0.319381 0.007340 
0.450285 0.224578 0.324691 0.000447 
0.443308 0.240164 0.316429 0.000099 
0.367583 0.430552 0.201865 0.000001 
0.422795 0.277407 0.299792 0.000006 
0.423305 0.285035 0.291656 0.000005 
0.425942 0.290788 0.282940 0.000330 
0.426249 0.308368 0.265362 0.000021 
0.359596 0.447633 0.192769 0.000002 
0.405060 0.348998 0.245935 0.000006 
0.348532 0.493784 0.157663 0.000020 
0.407977 0.383040 0.208729 0.000254 
0.321604 0.572404 0.096442 0.009550 
0.361302 0.505277 0.133127 0.000293 
0.335088 0.562517 0.102110 0.000286 
0.317521 0.583458 0.098888 0.000134 
0.354082 0.516993 0.128482 0.000442 
0.356363 0.521123 0.122148 0.000367 
0.415508 0.325068 0.259388 0.000036 
0.405927 0.347802 0.246263 0.000009 
0.374812 0.399469 0.225716 0.000004 
0.372061 0.396716 0.231210 0.000012 
0.379618 0.347761 0.272619 0.000002 
0.387660 0.333194 0.279145 0.000001 
0.425815 0.318046 0.254115 0.002024 
0.433315 0.305784 0.259655 0.001246 
0.474597 0.176845 0.281905 0.066653 
0.477823 0.137169 0.289950 0.095058 
0.479873 0.132967 0.283162 0.103998 
0.465725 0.218558 0.279644 0.036073 
0.472395 0.248184 0.261534 0.017888 
0.482644 0.198345 0.247588 0.071423 
0.479275 0.077635 0.192881 0.250208 
0.478998 0.099211 0.249425 0.172366 
0.482433 0.119259 0.256074 0.142234 
0.471375 0.180582 0.262815 0.085228 
0.477069 0.129116 0.261072 0.132743 
0.485077 0.107025 0.234690 0.173209 
0.477546 0.136603 0.230973 0.154878 
0.467817 0.179504 0.226144 0.126535 
0.471295 0.163702 0.241653 0.123350 
0.475635 0.121008 0.245004 0.158354 
0.447301 0.052843 0.230822 0.269033 
0.440829 0.142583 0.287056 0.129532 
0.418858 0.147421 0.288775 0.144946 
0.394241 0.147060 0.305333 0.153366 
0.354847 0.214533 0.312967 0.117653 
0.285945 0.085980 0.313810 0.314265 
0.245254 0.235726 0.341849 0.177171 
0.178603 0.301595 0.341326 0.178476 
0.245036 0.167602 0.345830 0.241532 
0.089769 0.273401 0.345388 0.291442 
0.041458 0.383219 0.277074 0.298249 
0.025791 0.386505 0.266085 0.321619 
0.178629 0.254587 0.263902 0.302883 
0.210413 0.133311 0.230653 0.425623 
0.271478 0.047797 0.280148 0.400577 
0.248659 0.100000 0.318231 0.333110 
0.257887 0.166231 0.334714 0.241169 
0.193691 0.201395 0.296048 0.308867 
0.223986 0.231666 0.328386 0.215963 
0.274623 0.198565 0.329566 0.197246 
0.204692 0.247889 0.325119 0.222299 
0.179776 0.211693 0.327055 0.281477 
0.136953 0.232941 0.327177 0.302929 
0.058320 0.336469 0.274709 0.330502 
0.236167 0.370907 0.141380 0.251547 
0.265415 0.369213 0.098114 0.267258 
0.321890 0.352384 0.178696 0.147030 
0.361538 0.287224 0.275889 0.075349 
0.329765 0.238451 0.303988 0.127796 
0.301940 0.167563 0.327160 0.203337 
0.327205 0.107622 0.295152 0.270021 
0.319052 0.024199 0.285280 0.371469 
0.340284 0.068575 0.231041 0.360100 
0.180890 0.212780 0.231654 0.374676 
0.148507 0.204418 0.261740 0.385335 
0.242485 0.173811 0.188095 0.395609 
0.281565 0.060281 0.276558 0.381596 
0.306140 0.046752 0.282965 0.364143 
0.215521 0.315949 0.124630 0.343899 
0.374920 0.269846 0.264748 0.090485 
0.376247 0.185452 0.306699 0.131603 
0.326540 0.250598 0.316026 0.106836 
0.352822 0.162646 0.330345 0.154186 
0.326341 0.162135 0.351183 0.160341 
0.309248 0.121612 0.353501 0.215639 
0.255586 0.127706 0.349468 0.267239 
0.165183 0.186627 0.321491 0.326699 
0.156850 0.160577 0.328586 0.353986 
0.164496 0.164315 0.334479 0.336710 
0.168920 0.305362 0.320709 0.205009 
0.054791 0.288512 0.295868 0.360829 
0.046254 0.327123 0.244903 0.381720 
0.144149 0.203536 0.294932 0.357383 
0.151987 0.262727 0.266709 0.318577 
0.184812 0.148937 0.283359 0.382892 
0.176549 0.185630 0.284660 0.353161 
0.141147 0.307122 0.252883 0.298848 
0.209360 0.224935 0.208990 0.356714 
0.277336 0.236098 0.090507 0.396059 
0.268679 0.316820 0.066494 0.348008 
0.331116 0.263921 0.126790 0.278174 
0.290030 0.317084 0.111607 0.281279 
0.207754 0.324596 0.201089 0.266561 
0.307692 0.335600 0.079107 0.277601 
0.317040 0.265780 0.122110 0.295071 
0.338839 0.197561 0.202389 0.261211 
0.342189 0.259004 0.197521 0.201286 
0.311664 0.197971 0.217868 0.272497 
0.300383 0.250032 0.210487 0.239098 
0.295772 0.196081 0.203901 0.304246 
0.312758 0.197984 0.216196 0.273062 
0.303693 0.204464 0.194628 0.297216 
0.251892 0.244577 0.166891 0.336640 
0.189169 0.276484 0.177448 0.356899 
0.213736 0.295820 0.137035 0.353410 
0.232840 0.240275 0.258977 0.267908 
0.204315 0.183776 0.228988 0.382921 
0.218320 0.183886 0.238945 0.358849 
0.181611 0.191472 0.220311 0.406606 
0.085116 0.277285 0.217214 0.420385 
0.059460 0.356196 0.228191 0.356153 
0.121764 0.381467 0.252091 0.244677 
0.128367 0.283016 0.274769 0.313848 
0.054578 0.339348 0.253355 0.352719 
0.086202 0.260966 0.290400 0.362433 
0.141232 0.218027 0.332047 0.308694 
0.178146 0.322925 0.321644 0.177285 
0.076926 0.337819 0.331392 0.253863 
0.249170 0.171287 0.335302 0.244240 
0.185109 0.184458 0.359292 0.271141 
0.108345 0.244448 0.356381 0.290826 
0.072055 0.261234 0.337601 0.329110 
0.191233 0.141620 0.355665 0.311482 
0.160236 0.165662 0.359584 0.314518 
0.095979 0.325927 0.308319 0.269775 
0.196515 0.298858 0.308964 0.195663 
0.286342 0.348762 0.303510 0.061386 
0.217637 0.312821 0.325434 0.144108 
0.275881 0.184456 0.339422 0.200241 
0.151896 0.268569 0.344011 0.235524 
0.224141 0.243792 0.327590 0.204478 
0.242421 0.287078 0.331771 0.138729 
0.302724 0.327316 0.303911 0.066050 
0.306969 0.186849 0.322436 0.183745 
0.222889 0.215767 0.313215 0.248130 
0.184170 0.254687 0.308049 0.253094 
0.194486 0.342246 0.306478 0.156790 
0.216460 0.222337 0.330187 0.231016 
0.214095 0.212847 0.333394 0.239664 
0.277920 0.185499 0.318991 0.217590 
0.247168 0.286906 0.309560 0.156366 
0.257173 0.196105 0.318812 0.227911 
0.229874 0.196072 0.324403 0.249652 
0.262334 0.209134 0.297576 0.230957 
0.386125 0.113796 0.262417 0.237662 
0.343225 0.186208 0.309954 0.160613 
0.384403 0.191003 0.306907 0.117687 
0.373075 0.155114 0.301184 0.170627 
0.426705 0.274972 0.230936 0.067387 
0.435382 0.121717 0.258465 0.184436 
0.409116 0.051425 0.283641 0.255818 
0.302728 0.167550 0.294433 0.235289 
0.215546 0.264420 0.320574 0.199460 
0.237322 0.423415 0.296195 0.043069 
0.368390 0.261497 0.332847 0.037266 
0.437135 0.128191 0.322434 0.112239 
0.418446 0.131649 0.331165 0.118741 
0.480537 0.131736 0.294414 0.093313 
0.431887 0.140488 0.310376 0.117249 
0.321802 0.318212 0.319077 0.040909 
0.279497 0.058109 0.350962 0.311433 
0.276227 0.073340 0.364458 0.285974 
0.379319 0.126132 0.343507 0.151042 
0.393300 0.097739 0.340481 0.168480 
0.418858 0.095462 0.304547 0.181134 
0.383350 0.045030 0.343438 0.228182 
0.302039 0.168156 0.363682 0.166123 
0.351072 0.034515 0.357966 0.256448 
0.383693 0.033294 0.342072 0.240940 
0.355889 0.124028 0.353888 0.166195 
0.344075 0.041624 0.346929 0.267372 
0.410664 0.120994 0.326823 0.141518 
0.460836 0.134511 0.303490 0.101163 
0.422626 0.107910 0.324204 0.145260 
0.380611 0.150606 0.344830 0.123953 
0.331647 0.177243 0.362177 0.128934 
0.248266 0.221569 0.364355 0.165810 
0.319920 0.138270 0.360260 0.181551 
0.271071 0.264875 0.356619 0.107435 
0.368370 0.159609 0.339572 0.132450 
0.221866 0.213031 0.370269 0.194833 
0.215461 0.197429 0.357040 0.230070 
0.184570 0.290914 0.339568 0.184948 
0.101787 0.277719 0.305957 0.314537 
0.204524 0.108380 0.326121 0.360975 
0.146888 0.165551 0.322657 0.364904 
0.304440 0.045410 0.312653 0.337497 
0.262707 0.110192 0.332526 0.294575 
0.308568 0.287841 0.217788 0.185802 
0.112651 0.326219 0.303665 0.257465 
0.044339 0.353770 0.295547 0.306345 
0.021991 0.350753 0.295264 0.331992 
0.035788 0.349496 0.262219 0.352497 
0.139915 0.463759 0.099237 0.297089 
0.178898 0.403208 0.099082 0.318813 
0.145078 0.312404 0.190603 0.351915 
0.237552 0.371710 0.054643 0.336095 
0.200211 0.403949 0.070794 0.325046 
0.265022 0.352009 0.041250 0.341720 
0.166287 0.298258 0.176226 0.359229 
0.141404 0.401696 0.127236 0.329664 
0.046756 0.312810 0.272147 0.368288 
0.016282 0.482689 0.169903 0.331126 
0.069100 0.354800 0.188540 0.387560 
0.083267 0.257287 0.243440 0.416006 
0.024195 0.315009 0.279327 0.381470 
0.326224 0.073025 0.241057 0.359694 
0.149869 0.148087 0.324653 0.377391 
0.192587 0.152893 0.284049 0.370471 
0.183462 0.122922 0.303129 0.390487 
0.156085 0.168840 0.268937 0.406138 
0.123478 0.226706 0.248833 0.400982 
0.270132 0.246996 0.092440 0.390432 
0.062950 0.331333 0.213074 0.392644 
0.055254 0.321700 0.250778 0.372269 
0.085156 0.281313 0.249426 0.384106 
0.143536 0.194524 0.259640 0.402300 
0.100496 0.244835 0.258979 0.395689 
0.038755 0.404359 0.234246 0.322639 
0.064907 0.442243 0.182086 0.310764 
0.209705 0.472052 0.042513 0.275730 
0.350361 0.020632 0.297164 0.331844 
0.394115 0.039633 0.277329 0.288923 
0.293684 0.119577 0.312858 0.273882 
0.386713 0.104039 0.294757 0.214490 
0.396628 0.070568 0.293003 0.239801 
0.204311 0.225207 0.348711 0.221772 
0.262703 0.243565 0.339374 0.154358 
0.220211 0.220461 0.352900 0.206428 
0.188090 0.240515 0.350791 0.220604 
0.244746 0.189687 0.358190 0.207377 
0.177840 0.235950 0.360419 0.225791 
0.163267 0.271047 0.351337 0.214349 
0.120013 0.320171 0.350681 0.209135 
0.072075 0.294482 0.344334 0.289109 
0.091401 0.356319 0.333576 0.218703 
0.191182 0.230148 0.361187 0.217483 
0.070958 0.277441 0.351319 0.300282 
0.145754 0.145924 0.360797 0.347525 
0.266815 0.154235 0.367863 0.211087 
0.299252 0.085981 0.366029 0.248738 
0.182024 0.199166 0.376169 0.242641 
0.217773 0.219314 0.377846 0.185068 
0.357125 0.162943 0.354705 0.125228 
0.222699 0.241174 0.373876 0.162251 
0.208000 0.234182 0.370004 0.187815 
0.141228 0.258182 0.363872 0.236718 
0.102127 0.252505 0.340871 0.304497 
0.063496 0.262134 0.337438 0.336932 
0.162896 0.162039 0.352370 0.322695 
0.297445 0.099493 0.333357 0.269705 
0.047580 0.316903 0.339478 0.296040 
0.018471 0.359398 0.310052 0.312079 
0.061284 0.378283 0.244894 0.315538 
0.340203 0.009589 0.278317 0.371891 
0.340557 0.090844 0.329091 0.239508 
0.361300 0.124921 0.310179 0.203600 
0.367982 0.017087 0.327511 0.287420 
0.322941 0.044657 0.350793 0.281609 
0.214344 0.140409 0.362437 0.282810 
0.186608 0.117903 0.347543 0.347946 
0.144142 0.164282 0.358479 0.333096 
0.242992 0.237295 0.376167 0.143546 
0.201755 0.207356 0.383652 0.207236 
0.300343 0.238564 0.373708 0.087385 
0.232108 0.202151 0.388803 0.176938 
0.310501 0.153387 0.382588 0.153523 
0.312083 0.141140 0.383752 0.163024 
0.369549 0.143683 0.368542 0.118226 
0.352205 0.238113 0.370200 0.039482 
0.339932 0.198143 0.383301 0.078624 
0.185794 0.343507 0.386352 0.084347 
0.144977 0.308367 0.404053 0.142603 
0.190853 0.216917 0.411339 0.180891 
0.287969 0.202139 0.402415 0.107477 
0.198471 0.181351 0.418900 0.201278 
0.180971 0.182090 0.415936 0.221003 
0.169800 0.161398 0.410851 0.257951 
0.176240 0.180010 0.411650 0.232100 
0.195253 0.172576 0.399519 0.232652 
0.162183 0.252136 0.400169 0.185512 
0.283487 0.197356 0.394602 0.124555 
0.156881 0.299580 0.387614 0.155925 
0.167054 0.230493 0.390785 0.211667 
0.086718 0.341774 0.367763 0.203744 
0.053569 0.395503 0.336690 0.214237 
0.135917 0.376983 0.349302 0.137797 
0.101466 0.452292 0.316724 0.129517 
0.244820 0.437049 0.303113 0.015017 
0.270262 0.454672 0.271866 0.003199 
0.110507 0.444135 0.324067 0.121291 
0.172424 0.455708 0.303522 0.068346 
0.163061 0.508444 0.277689 0.050806 
0.162004 0.483603 0.291590 0.062804 
0.101613 0.548321 0.263730 0.086337 
0.086120 0.561019 0.257266 0.095595 
0.143874 0.477011 0.298436 0.080678 
0.169622 0.405690 0.324687 0.100001 
0.197131 0.457422 0.294938 0.050509 
0.120431 0.501052 0.276879 0.101638 
0.098104 0.482211 0.289006 0.130678 
0.183329 0.519492 0.260535 0.036645 
0.113882 0.573095 0.243390 0.069633 
0.151394 0.574421 0.235533 0.038652 
0.104482 0.528669 0.269241 0.097608 
0.078451 0.555392 0.256752 0.109405 
0.098932 0.526068 0.274297 0.100703 
0.039248 0.474186 0.293015 0.193551 
0.036523 0.420488 0.323769 0.219221 
0.020207 0.384880 0.321988 0.272926 
0.043040 0.334070 0.350771 0.272119 
0.037269 0.296106 0.356388 0.310237 
0.031634 0.385537 0.331106 0.251723 
0.049662 0.282343 0.353683 0.314312 
0.295721 0.011560 0.316011 0.376707 
0.090053 0.244354 0.319602 0.345991 
0.342414 0.016767 0.330109 0.310709 
0.166939 0.225022 0.374009 0.234031 
0.181533 0.220325 0.392330 0.205812 
0.200718 0.205389 0.392066 0.201828 
0.197625 0.204625 0.395247 0.202502 
0.279978 0.061424 0.376624 0.281975 
0.321636 0.081533 0.369850 0.226980 
0.165595 0.205155 0.378360 0.250890 
0.247194 0.180275 0.379805 0.192725 
0.190784 0.231322 0.379161 0.198733 
0.204115 0.198674 0.375707 0.221504 
0.177485 0.224866 0.366986 0.230664 
0.187605 0.277382 0.358684 0.176329 
0.211089 0.247163 0.363247 0.178501 
0.216867 0.229984 0.358741 0.194408 
0.171718 0.325947 0.350730 0.151605 
0.275382 0.318099 0.330020 0.076499 
0.348371 0.252846 0.340106 0.058678 
0.357508 0.162673 0.346312 0.133506 
0.349688 0.049267 0.335368 0.265677 
0.359131 0.009536 0.308552 0.322782 
0.218541 0.199031 0.364850 0.217578 
0.146303 0.140949 0.353572 0.359177 
0.129573 0.179413 0.347553 0.343461 
0.166497 0.108917 0.314061 0.410524 
0.213934 0.148383 0.353445 0.284237 
0.297055 0.049866 0.327407 0.325672 
0.292330 0.063934 0.331933 0.311802 
0.154931 0.190361 0.354579 0.300130 
0.116704 0.173428 0.329744 0.380125 
0.242938 0.056670 0.323959 0.376433 
0.185868 0.055126 0.274938 0.484068 
0.221181 0.005996 0.215691 0.557133 
0.278938 0.012060 0.242889 0.466113 
0.202556 0.024817 0.248727 0.523901 
0.244846 0.016893 0.285908 0.452353 
0.257703 0.033887 0.308328 0.400082 
0.326366 0.032329 0.350853 0.290452 
0.370834 0.001717 0.295627 0.331822 
0.282077 0.003591 0.276229 0.438103 
0.346433 0.004366 0.316502 0.332698 
0.276237 0.181628 0.374548 0.167586 
0.314684 0.221426 0.367523 0.096367 
0.295370 0.189390 0.381200 0.134039 
0.306721 0.060651 0.369226 0.263402 
0.177260 0.196841 0.383980 0.241919 
0.172601 0.184345 0.388269 0.254785 
0.128644 0.219380 0.385283 0.266693 
0.215535 0.080508 0.369551 0.334406 
0.220067 0.099217 0.379012 0.301704 
0.199117 0.198220 0.387880 0.214783 
0.177460 0.166044 0.388578 0.267917 
0.181331 0.245455 0.395358 0.177855 
0.168009 0.223622 0.391344 0.217025 
0.171474 0.168712 0.390565 0.269250 
0.285025 0.100470 0.387673 0.226832 
0.199130 0.163737 0.394574 0.242559 
0.204175 0.204706 0.394128 0.196991 
0.166974 0.207665 0.387693 0.237668 
0.212128 0.241865 0.386369 0.159639 
0.228876 0.202236 0.391910 0.176978 
0.187600 0.228716 0.397636 0.186049 
0.197111 0.196601 0.395214 0.211074 
0.208721 0.207441 0.387099 0.196738 
0.145360 0.142266 0.377163 0.335211 
0.132985 0.110564 0.346802 0.409649 
0.151978 0.129953 0.380530 0.337539 
0.136742 0.129110 0.371010 0.363138 
0.068638 0.224508 0.382545 0.324309 
0.010821 0.255385 0.342074 0.391721 
0.004106 0.244912 0.308164 0.442817 
0.003657 0.278062 0.336302 0.381979 
0.002063 0.291784 0.326441 0.379712 
0.006856 0.321250 0.357234 0.314661 
0.027305 0.262917 0.362304 0.347474 
0.060781 0.208371 0.334176 0.396672 
0.026431 0.256242 0.350718 0.366608 
0.024687 0.287136 0.347955 0.340222 
0.042796 0.249220 0.344385 0.363600 
0.113716 0.362788 0.357049 0.166446 
0.027719 0.335723 0.338031 0.298527 
0.268864 0.352930 0.337018 0.041188 
0.183783 0.359200 0.351514 0.105503 
0.089746 0.356779 0.353270 0.200204 
0.021763 0.298624 0.350920 0.328693 
0.233327 0.227255 0.364708 0.174709 
0.210263 0.100730 0.354236 0.334771 
0.135915 0.160652 0.353114 0.350319 
0.223587 0.059165 0.337202 0.380046 
0.258550 0.153704 0.370619 0.217127 
0.313996 0.162023 0.361571 0.162409 
0.170283 0.159028 0.356224 0.314464 
0.199479 0.133761 0.346229 0.320531 
0.193146 0.155073 0.343182 0.308600 
0.202370 0.205206 0.354085 0.238339 
0.176617 0.220089 0.348200 0.255094 
0.183241 0.137905 0.334356 0.344499 
0.165095 0.159823 0.340536 0.334546 
0.161552 0.136485 0.346254 0.355709 
0.183040 0.143515 0.348448 0.324998 
0.203585 0.185041 0.362624 0.248749 
0.207731 0.206150 0.365935 0.220184 
0.246579 0.171224 0.353528 0.228669 
0.322876 0.020786 0.285089 0.371248 
0.249785 0.071692 0.306049 0.372473 
0.270958 0.170366 0.276503 0.282173 
0.271427 0.261548 0.235668 0.231357 
0.212099 0.238082 0.205750 0.344069 
0.204340 0.220992 0.235513 0.339155 
0.241376 0.216243 0.290418 0.251962 
0.202839 0.218465 0.283906 0.294789 
0.193319 0.203139 0.270325 0.333216 
0.200502 0.183478 0.221564 0.394456 
0.141268 0.165651 0.303245 0.389836 
0.178107 0.129088 0.310395 0.382410 
0.196158 0.171962 0.248518 0.383362 
0.211410 0.192253 0.211176 0.385160 
0.193165 0.209121 0.229533 0.368181 
0.202872 0.203160 0.220923 0.373044 
0.288701 0.167181 0.179923 0.364196 
0.229063 0.178511 0.205573 0.386852 
0.233394 0.181271 0.192674 0.392661 
0.221256 0.224134 0.224953 0.329657 
0.335115 0.196611 0.214182 0.254092 
0.351155 0.195037 0.243161 0.210647 
0.392988 0.144488 0.210960 0.251564 
0.367474 0.210951 0.212470 0.209105 
0.393819 0.186738 0.233880 0.185563 
0.341767 0.212976 0.211185 0.234072 
0.249936 0.251921 0.247654 0.250488 
0.277046 0.199849 0.219119 0.303987 
0.358567 0.157031 0.162345 0.322057 
0.346835 0.196074 0.211558 0.245533 
0.379067 0.197366 0.202148 0.221420 
0.360258 0.115325 0.267718 0.256700 
0.314759 0.130876 0.189773 0.364592 
0.236298 0.159693 0.273224 0.330785 
0.222956 0.166545 0.241094 0.369405 
0.319662 0.143253 0.222709 0.314375 
0.194577 0.181113 0.254865 0.369445 
0.280853 0.170297 0.170498 0.378353 
0.282930 0.100089 0.192287 0.424695 
0.281446 0.138661 0.178565 0.401328 
0.276663 0.166849 0.196575 0.359912 
0.191897 0.198931 0.224502 0.384670 
0.295413 0.122321 0.152778 0.429487 
0.272153 0.133839 0.186955 0.407052 
0.242003 0.169152 0.166222 0.422624 
0.182759 0.189045 0.189193 0.439002 
0.192211 0.191212 0.193891 0.422686 
0.174834 0.178514 0.187345 0.459307 
0.215141 0.169065 0.163862 0.451931 
0.198423 0.185503 0.175091 0.440984 
0.176035 0.185614 0.176505 0.461845 
0.132667 0.149569 0.230842 0.486922 
0.256797 0.058908 0.212580 0.471716 
0.215841 0.126070 0.191131 0.466958 
0.231173 0.144818 0.153891 0.470118 
0.312165 0.124165 0.137873 0.425798 
0.275761 0.131064 0.138680 0.454495 
0.271406 0.133353 0.136439 0.458802 
0.174917 0.172965 0.190088 0.462030 
0.301050 0.126997 0.129217 0.442735 
0.217965 0.190383 0.184036 0.407617 
0.313217 0.136570 0.118390 0.431823 
0.347052 0.139450 0.114779 0.398720 
0.196024 0.159223 0.234227 0.410526 
0.204968 0.218196 0.209035 0.367801 
0.235098 0.180221 0.179630 0.405050 
0.235051 0.215566 0.205808 0.343576 
0.268824 0.194992 0.181901 0.354282 
0.191615 0.190405 0.264243 0.353737 
0.322023 0.132714 0.213797 0.331466 
0.290152 0.167355 0.301080 0.241414 
0.193959 0.190462 0.312895 0.302684 
0.188597 0.188314 0.297963 0.325127 
0.224138 0.192652 0.327751 0.255459 
0.258861 0.113107 0.315755 0.312277 
0.352330 0.161506 0.224612 0.261552 
0.376818 0.216107 0.217630 0.189444 
0.358535 0.190380 0.258792 0.192293 
0.338622 0.124360 0.185479 0.351540 
0.349437 0.074793 0.181880 0.393890 
0.345098 0.031313 0.235860 0.387729 
0.262112 0.102737 0.211148 0.424003 
0.184649 0.074124 0.243866 0.497361 
0.139617 0.134021 0.321307 0.405055 
0.209294 0.128233 0.322113 0.340359 
0.351120 0.079703 0.218707 0.350471 
0.316787 0.096029 0.221956 0.365228 
0.262098 0.215369 0.217040 0.305493 
0.247506 0.251763 0.248555 0.252177 
0.257905 0.240253 0.231068 0.270774 
0.262014 0.239598 0.233495 0.264892 
0.334159 0.174664 0.308304 0.182873 
0.237474 0.182601 0.370215 0.209710 
0.283786 0.189651 0.307011 0.219552 
0.238982 0.213966 0.344889 0.202163 
0.370526 0.156714 0.220018 0.252742 
0.288239 0.091892 0.287966 0.331903 
0.321348 0.179630 0.143570 0.355452 
0.345494 0.158587 0.146409 0.349510 
0.148787 0.147665 0.293627 0.409921 
0.359873 0.058444 0.317766 0.263917 
0.324319 0.045331 0.305463 0.324887 
0.216046 0.112655 0.355502 0.315797 
0.314025 0.176122 0.261076 0.248776 
0.204391 0.144415 0.347484 0.303710 
0.259368 0.122622 0.349590 0.268421 
0.270117 0.060802 0.387133 0.281948 
0.283841 0.033185 0.386251 0.296723 
0.151458 0.116287 0.441733 0.290522 
0.158619 0.102307 0.454797 0.284278 
0.190488 0.111579 0.434236 0.263697 
0.199844 0.173947 0.460816 0.165393 
0.198889 0.195889 0.450915 0.154308 
0.115180 0.123853 0.428641 0.332326 
0.089390 0.113351 0.408229 0.389030 
0.107979 0.113938 0.405122 0.372961 
0.089376 0.108232 0.370197 0.432195 
0.098793 0.100096 0.397747 0.403364 
0.102800 0.147589 0.334897 0.414714 
0.126376 0.140438 0.351452 0.381733 
0.163871 0.193875 0.208469 0.433784 
0.204952 0.202380 0.195628 0.397041 
0.208253 0.199057 0.226098 0.366592 
0.187501 0.230773 0.184284 0.397442 
0.137821 0.224202 0.239576 0.398401 
0.161758 0.245436 0.216095 0.376712 
0.135823 0.203416 0.276516 0.384246 
0.159206 0.215335 0.320740 0.304719 
0.144276 0.179342 0.342302 0.334080 
0.131248 0.167723 0.351745 0.349284 
0.149800 0.162539 0.295451 0.392209 
0.207894 0.213393 0.212041 0.366671 
0.215645 0.218549 0.233411 0.332395 
0.190827 0.200473 0.282720 0.325980 
0.191969 0.198034 0.234719 0.375278 
0.204217 0.199704 0.193927 0.402152 
0.267714 0.159393 0.188119 0.384774 
0.265689 0.150254 0.157978 0.426079 
0.290571 0.098241 0.185885 0.425303 
0.211538 0.193823 0.138897 0.455742 
0.207200 0.206881 0.147730 0.438189 
0.202606 0.202157 0.177422 0.417814 
0.185647 0.198194 0.183417 0.432742 
0.236643 0.172369 0.193089 0.397900 
0.194183 0.118298 0.277289 0.410230 
0.159036 0.152200 0.291329 0.397435 
0.163803 0.173216 0.231352 0.431630 
0.170695 0.159283 0.189370 0.480653 
0.167565 0.166227 0.173430 0.492779 
0.164721 0.164124 0.169556 0.501598 
0.148994 0.112251 0.239443 0.499311 
0.151012 0.078494 0.279629 0.490866 
0.122030 0.097544 0.294479 0.485947 
0.116240 0.125374 0.259101 0.499285 
0.109701 0.112154 0.280706 0.497439 
0.115462 0.102928 0.287142 0.494468 
0.115479 0.111120 0.277486 0.495915 
0.106422 0.110149 0.294654 0.488775 
0.140253 0.113588 0.249720 0.496439 
0.111770 0.103525 0.299921 0.484784 
0.140906 0.130486 0.227353 0.501255 
0.189806 0.035466 0.289100 0.485628 
0.257647 0.011184 0.254371 0.476797 
0.217969 0.026669 0.271208 0.484154 
0.205085 0.055480 0.243806 0.495629 
0.177067 0.047990 0.306235 0.468707 
0.180472 0.066863 0.300632 0.452032 
0.262752 0.048261 0.276712 0.412275 
0.209107 0.124299 0.261459 0.405134 
0.197900 0.059969 0.355714 0.386417 
0.169963 0.099347 0.324645 0.406045 
0.207975 0.069342 0.290800 0.431883 
0.196822 0.118595 0.250179 0.434404 
0.177327 0.079200 0.296715 0.446758 
0.126538 0.150155 0.271311 0.451996 
0.128028 0.144846 0.264920 0.462207 
0.103452 0.154037 0.335454 0.407057 
0.205619 0.194066 0.176892 0.423424 
0.176351 0.190148 0.206406 0.427095 
0.143673 0.162708 0.278998 0.414622 
0.142964 0.151674 0.311161 0.394202 
0.140082 0.150112 0.304988 0.404818 
0.133293 0.147457 0.309991 0.409260 
0.137369 0.132729 0.307612 0.422291 
0.167123 0.208756 0.184843 0.439277 
0.164043 0.181770 0.186015 0.468172 
0.164759 0.176463 0.198171 0.460607 
0.172329 0.148545 0.211587 0.467539 
0.177107 0.151040 0.203484 0.468369 
0.186420 0.150203 0.167363 0.496014 
0.163580 0.153254 0.180128 0.503038 
0.202590 0.117459 0.178716 0.501235 
0.169530 0.146158 0.202972 0.481341 
0.171467 0.172293 0.173639 0.482601 
0.206269 0.086658 0.265255 0.441818 
0.259632 0.077922 0.226550 0.435896 
0.200050 0.143150 0.244676 0.412123 
0.145162 0.145267 0.283497 0.426074 
0.232878 0.162036 0.165714 0.439372 
0.206078 0.193886 0.207725 0.392312 
0.213515 0.212092 0.209665 0.364729 
0.223077 0.199298 0.268909 0.308715 
0.249274 0.224969 0.297625 0.228132 
0.229288 0.233711 0.225680 0.311321 
0.198608 0.341600 0.158950 0.300841 
0.146505 0.350515 0.146135 0.356844 
0.160335 0.341209 0.306075 0.192380 
0.197774 0.373610 0.318805 0.109811 
0.096027 0.258543 0.338372 0.307058 
0.265560 0.291476 0.209658 0.233306 
0.279917 0.276153 0.221914 0.222016 
0.282992 0.215090 0.275256 0.226661 
0.260598 0.178004 0.289821 0.271577 
0.249586 0.143275 0.373956 0.233182 
0.266981 0.214756 0.323906 0.194357 
0.281719 0.195330 0.345974 0.176977 
0.291215 0.184419 0.334698 0.189669 
0.215537 0.103925 0.358460 0.322077 
0.204862 0.215546 0.234255 0.345337 
0.140192 0.315377 0.193462 0.350968 
0.089072 0.218915 0.310809 0.381203 
0.117955 0.139942 0.340085 0.402018 
0.137969 0.195255 0.295329 0.371447 
0.136846 0.181104 0.284757 0.397293 
0.116322 0.192039 0.326476 0.365163 
0.194331 0.200754 0.231114 0.373800 
0.207841 0.208120 0.207778 0.376262 
0.173278 0.170974 0.301464 0.354283 
0.225123 0.239450 0.224676 0.310751 
0.146628 0.291253 0.213176 0.348944 
0.126057 0.168831 0.351046 0.354066 
0.132151 0.161705 0.363104 0.343040 
0.139365 0.150788 0.341806 0.368041 
0.185084 0.186716 0.265305 0.362894 
0.184294 0.193944 0.251811 0.369950 
0.176863 0.169754 0.294288 0.359095 
0.093061 0.186821 0.336957 0.383160 
0.141485 0.208775 0.278600 0.371139 
0.073953 0.233816 0.324309 0.367921 
0.118059 0.308022 0.197945 0.375974 
0.150902 0.329128 0.156180 0.363790 
0.131723 0.314471 0.178760 0.375047 
0.122793 0.294226 0.211689 0.371291 
0.166128 0.230451 0.218650 0.384771 
0.150521 0.149605 0.285376 0.414499 
0.074511 0.128283 0.417294 0.379911 
0.072907 0.098359 0.465455 0.363278 
0.071444 0.124503 0.365375 0.438679 
0.055556 0.100099 0.432668 0.411677 
0.099285 0.118297 0.347830 0.434588 
0.056027 0.112859 0.467133 0.363982 
0.036872 0.094481 0.547837 0.320810 
0.052542 0.051659 0.570249 0.325550 
0.039127 0.041878 0.607929 0.311066 
0.034584 0.041813 0.640169 0.283434 
0.038300 0.041561 0.647621 0.272518 
0.069115 0.070208 0.508359 0.352317 
0.070751 0.083389 0.506847 0.339013 
0.031580 0.091345 0.581345 0.295730 
0.020025 0.115059 0.577386 0.287530 
0.042942 0.063748 0.626454 0.266857 
0.069672 0.063906 0.586493 0.279929 
0.058723 0.074896 0.611989 0.254391 
0.046907 0.059700 0.669481 0.223912 
0.067352 0.055069 0.619478 0.258101 
0.126796 0.083362 0.507325 0.282518 
0.096803 0.077892 0.519321 0.305984 
0.089771 0.094420 0.506379 0.309430 
0.112216 0.100445 0.504502 0.282837 
0.130972 0.132162 0.395890 0.340976 
0.176409 0.152568 0.322251 0.348772 
0.245086 0.281640 0.224688 0.248586 
0.218289 0.276637 0.191011 0.314063 
0.119785 0.195910 0.361098 0.323208 
0.185029 0.180406 0.346985 0.287580 
0.174025 0.157781 0.433538 0.234656 
0.249813 0.275108 0.240745 0.234333 
0.236270 0.247381 0.281471 0.234879 
0.200940 0.219825 0.355891 0.223344 
0.193306 0.259511 0.303997 0.243185 
0.064965 0.273846 0.367530 0.293659 
0.205602 0.207829 0.281370 0.305200 
0.157472 0.161258 0.344043 0.337227 
0.166379 0.169054 0.324085 0.340482 
0.164412 0.231698 0.265446 0.338444 
0.233313 0.240694 0.293163 0.232830 
0.217272 0.222569 0.333044 0.227115 
0.233599 0.232700 0.263615 0.270086 
0.221034 0.226657 0.327380 0.224929 
0.155123 0.207461 0.326546 0.310870 
0.214703 0.303553 0.213333 0.268411 
0.169574 0.293056 0.361162 0.176208 
0.093905 0.231998 0.348115 0.325981 
0.116094 0.188166 0.397794 0.297946 
0.090348 0.211890 0.376533 0.321229 
0.164308 0.316134 0.355023 0.164536 
0.149768 0.302707 0.382649 0.164875 
0.017289 0.315198 0.350014 0.317498 
0.152666 0.341199 0.179054 0.327080 
0.182571 0.330627 0.253927 0.232875 
0.219291 0.251908 0.219049 0.309752 
0.240334 0.241828 0.267839 0.249999 
0.170616 0.345560 0.228320 0.255504 
0.164722 0.265286 0.302278 0.267714 
0.224634 0.281323 0.230574 0.263468 
0.188753 0.347266 0.195276 0.268705 
0.167981 0.335593 0.199233 0.297193 
0.133034 0.200119 0.370867 0.295980 
0.080963 0.248509 0.341413 0.329114 
0.213537 0.206856 0.210438 0.369169 
0.208951 0.198502 0.310024 0.282524 
0.188348 0.210094 0.376922 0.224636 
0.180425 0.249071 0.318973 0.251530 
0.239642 0.210944 0.308714 0.240701 
0.185508 0.150730 0.365604 0.298159 
0.176286 0.313195 0.269977 0.240541 
0.258977 0.192280 0.193437 0.355307 
0.268351 0.254938 0.207401 0.269310 
0.246516 0.215449 0.180605 0.357430 
0.256649 0.174213 0.188333 0.380805 
0.188867 0.121977 0.343879 0.345276 
0.124454 0.166332 0.411095 0.298119 
0.046409 0.326620 0.286639 0.340332 
0.047438 0.212013 0.372963 0.367586 
0.136023 0.278920 0.202123 0.382934 
0.193097 0.245611 0.190061 0.371231 
0.180995 0.330532 0.170751 0.317722 
0.202060 0.393986 0.192326 0.211629 
0.050676 0.368949 0.287331 0.293043 
0.088020 0.327385 0.220834 0.363761 
0.063356 0.223145 0.318451 0.395049 
0.164975 0.229877 0.208511 0.396637 
0.103459 0.193136 0.322222 0.381183 
0.137813 0.195467 0.286373 0.380346 
0.159774 0.172579 0.281180 0.386467 
0.134475 0.152994 0.304958 0.407572 
0.131646 0.138933 0.332703 0.396717 
0.118328 0.162626 0.348289 0.370757 
0.119006 0.140390 0.405658 0.334946 
0.019025 0.330926 0.373166 0.276882 
0.146678 0.173109 0.371657 0.308555 
0.124184 0.188434 0.379070 0.308311 
0.089317 0.264050 0.356623 0.290010 
0.171948 0.388011 0.212725 0.227315 
0.215251 0.288680 0.229213 0.266857 
0.224887 0.290069 0.219112 0.265932 
0.228505 0.300872 0.246046 0.224578 
0.212406 0.269316 0.296163 0.222116 
0.212995 0.348086 0.219565 0.219354 
0.171944 0.298556 0.354118 0.175382 
0.204516 0.216348 0.302213 0.276923 
0.237900 0.274437 0.237073 0.250591 
0.205296 0.341240 0.248950 0.204514 
0.170573 0.316311 0.314695 0.198420 
0.186592 0.335390 0.258914 0.219104 
0.194049 0.332609 0.264251 0.209091 
0.228225 0.227856 0.321036 0.222884 
0.222622 0.212802 0.334905 0.229671 
0.251371 0.263066 0.243635 0.241928 
0.211398 0.372614 0.214103 0.201885 
0.225969 0.338102 0.222101 0.213827 
0.202063 0.406400 0.196347 0.195190 
0.228116 0.292727 0.202906 0.276252 
0.230793 0.279630 0.252665 0.236913 
0.223397 0.314434 0.242120 0.220049 
0.160776 0.358619 0.150937 0.329668 
0.187323 0.268573 0.300312 0.243791 
0.207440 0.344957 0.214927 0.232675 
0.175849 0.345016 0.276792 0.202344 
0.112217 0.296455 0.370310 0.221017 
0.112724 0.263889 0.282721 0.340666 
0.169790 0.359391 0.231768 0.239051 
0.224883 0.238099 0.255686 0.281331 
0.237594 0.230415 0.302187 0.229804 
0.192935 0.290905 0.328403 0.187757 
0.205088 0.361098 0.263004 0.170811 
0.195591 0.325442 0.324415 0.154552 
0.242370 0.254464 0.276491 0.226675 
0.241726 0.335025 0.210194 0.213055 
0.217709 0.239760 0.240549 0.301982 
0.188479 0.181140 0.338618 0.291762 
0.167318 0.299513 0.339741 0.193428 
0.233424 0.340808 0.205148 0.220620 
0.258948 0.290948 0.234203 0.215900 
0.262144 0.245017 0.261109 0.231729 
0.259645 0.270925 0.218821 0.250609 
0.236490 0.298621 0.237222 0.227667 
0.156337 0.317225 0.265656 0.260782 
0.218277 0.265195 0.252798 0.263731 
0.233522 0.241220 0.271881 0.253377 
0.228641 0.271224 0.226925 0.273209 
0.216126 0.288810 0.243518 0.251546 
0.210661 0.231749 0.262856 0.294733 
0.240662 0.243789 0.255111 0.260438 
0.240674 0.258456 0.241984 0.258886 
0.236337 0.238815 0.238255 0.286593 
0.215704 0.211346 0.328196 0.244754 
0.229322 0.229555 0.294542 0.246581 
0.212834 0.317247 0.250056 0.219863 
0.208913 0.330112 0.215874 0.245101 
0.231392 0.269221 0.238166 0.261222 
0.191448 0.291729 0.298393 0.218429 
0.205804 0.244634 0.340379 0.209183 
0.222704 0.219423 0.336814 0.221058 
0.231109 0.268847 0.269584 0.230459 
0.249494 0.250746 0.250644 0.249117 
0.276599 0.250638 0.236344 0.236419 
0.260410 0.267947 0.238598 0.233045 
0.265018 0.247476 0.240173 0.247333 
0.299731 0.242337 0.269820 0.188111 
0.335510 0.320054 0.214479 0.129957 
0.262464 0.371207 0.178774 0.187555 
0.279485 0.310514 0.187411 0.222590 
0.328226 0.238963 0.208202 0.224609 
0.265860 0.230723 0.284688 0.218729 
0.258346 0.249940 0.365942 0.125771 
0.283965 0.168498 0.351168 0.196369 
0.271697 0.161574 0.371234 0.195496 
0.280490 0.171348 0.335106 0.213056 
0.218353 0.315159 0.207577 0.258911 
0.194244 0.279004 0.272537 0.254214 
0.176039 0.303665 0.282557 0.237739 
0.205614 0.206246 0.353215 0.234926 
0.218084 0.227498 0.317320 0.237098 
0.137819 0.340480 0.364252 0.157449 
0.185350 0.359669 0.349449 0.105532 
0.180285 0.248417 0.403468 0.167830 
0.258687 0.097785 0.435113 0.208415 
0.197100 0.103723 0.481291 0.217886 
0.267696 0.085192 0.421375 0.225736 
0.153749 0.246856 0.352213 0.247182 
0.222242 0.185761 0.295926 0.296071 
0.153510 0.304330 0.239185 0.302976 
0.159297 0.305197 0.208543 0.326963 
0.165162 0.253125 0.292965 0.288748 
0.303811 0.074686 0.292025 0.329478 
0.217886 0.294386 0.151543 0.336185 
0.240115 0.253986 0.162454 0.343444 
0.125838 0.261270 0.273391 0.339501 
0.105636 0.348860 0.213891 0.331613 
0.113371 0.370993 0.193962 0.321674 
0.032850 0.310171 0.347332 0.309647 
0.192726 0.144140 0.341741 0.321393 
0.242183 0.103689 0.338895 0.315232 
0.249327 0.140043 0.338600 0.272030 
0.218846 0.336498 0.291528 0.153127 
0.333302 0.144861 0.263971 0.257866 
0.202412 0.189784 0.319764 0.288040 
0.236448 0.201952 0.241667 0.319933 
0.215136 0.283639 0.192793 0.308432 
0.091826 0.461536 0.201093 0.245545 
0.106767 0.335153 0.306835 0.251246 
0.096363 0.327349 0.379670 0.196618 
0.143140 0.173894 0.455198 0.227768 
0.191256 0.146613 0.468479 0.193652 
0.093079 0.222842 0.492863 0.191217 
0.094536 0.154694 0.556199 0.194571 
0.112360 0.165712 0.480235 0.241693 
0.115071 0.167549 0.465409 0.251971 
0.062531 0.221163 0.507671 0.208635 
0.116501 0.153795 0.487979 0.241725 
0.093515 0.309555 0.352685 0.244245 
0.195249 0.217347 0.345305 0.242099 
0.191223 0.260983 0.351607 0.196187 
0.243686 0.217056 0.270708 0.268550 
0.212038 0.233333 0.257913 0.296716 
0.228733 0.263739 0.212738 0.294790 
0.218775 0.199840 0.276634 0.304751 
0.212056 0.212798 0.283223 0.291922 
0.188235 0.314389 0.245149 0.252227 
0.236511 0.275021 0.223016 0.265452 
0.211554 0.222541 0.279357 0.286549 
0.112313 0.313221 0.329448 0.245019 
0.217177 0.250175 0.244625 0.288023 
0.174531 0.169137 0.367538 0.288794 
0.187776 0.189671 0.349683 0.272870 
0.207532 0.179668 0.354749 0.258051 
0.207898 0.196646 0.309323 0.286134 
0.210538 0.226751 0.286695 0.276017 
0.269072 0.246784 0.238510 0.245633 
0.310861 0.188533 0.357679 0.142926 
0.372084 0.167779 0.296883 0.163254 
0.353995 0.130076 0.318909 0.197019 
0.307461 0.190517 0.385436 0.116586 
0.279290 0.291421 0.348997 0.080291 
0.298336 0.191233 0.324836 0.185595 
0.261515 0.226845 0.370036 0.141605 
0.198210 0.256236 0.351893 0.193660 
0.143095 0.348410 0.358066 0.150429 
0.245118 0.243321 0.254377 0.257184 
0.319798 0.312961 0.175299 0.191942 
0.331281 0.159174 0.318100 0.191445 
0.366773 0.224824 0.255704 0.152699 
0.298891 0.339194 0.260568 0.101347 
0.314202 0.155005 0.357308 0.173485 
0.318580 0.153956 0.357564 0.169900 
0.251017 0.224208 0.405218 0.119556 
0.338990 0.171827 0.369532 0.119651 
0.330944 0.143109 0.424576 0.101371 
0.307322 0.122874 0.466651 0.103153 
0.244735 0.264697 0.462442 0.028126 
0.190989 0.304794 0.441011 0.063206 
