0.238852 0.278291 0.246919 0.235938 
0.016067 0.019781 0.947815 0.016337 
0.005284 0.008450 0.981036 0.005230 
0.000748 0.000839 0.997600 0.000812 
0.000001 0.000001 0.999997 0.000001 
0.000000 0.000000 0.999999 0.000000 
0.000000 0.000001 0.999998 0.000000 
0.000002 0.000018 0.999978 0.000002 
0.000010 0.068006 0.931975 0.000010 
0.000121 0.963330 0.036435 0.000115 
0.000000 1.000000 0.000000 0.000000 
0.000000 0.999999 0.000001 0.000000 
0.000016 0.999924 0.000038 0.000022 
0.002621 0.985595 0.008629 0.003155 
0.005092 0.842329 0.146566 0.006012 
0.007025 0.785512 0.195906 0.011557 
0.010474 0.874864 0.091996 0.022667 
0.013097 0.888557 0.061263 0.037083 
0.001509 0.987001 0.008257 0.003233 
0.020636 0.890614 0.062946 0.025804 
0.000708 0.994259 0.004187 0.000846 
0.001202 0.994055 0.002844 0.001900 
0.000419 0.992130 0.005368 0.002083 
0.001311 0.990320 0.004658 0.003711 
0.001134 0.982492 0.010054 0.006319 
0.008086 0.883257 0.082841 0.025817 
0.004542 0.024833 0.926647 0.043978 
0.003733 0.020037 0.953582 0.022648 
0.003547 0.015946 0.883855 0.096653 
0.000197 0.000536 0.958099 0.041168 
0.000526 0.001452 0.536416 0.461606 
0.000195 0.000397 0.274773 0.724634 
0.000361 0.001521 0.808925 0.189194 
0.001010 0.003491 0.133475 0.862023 
0.000093 0.003151 0.676640 0.320116 
0.000003 0.001482 0.980081 0.018435 
0.000000 0.026293 0.973703 0.000003 
0.000000 0.057090 0.942907 0.000003 
0.000000 0.140279 0.859720 0.000001 
0.000000 0.708396 0.291603 0.000001 
0.000000 0.772379 0.227618 0.000003 
0.000000 0.896078 0.103915 0.000006 
0.000000 0.952683 0.047302 0.000016 
0.000000 0.763789 0.235912 0.000299 
0.000000 0.885881 0.113532 0.000587 
0.000000 0.991314 0.005905 0.002781 
0.000000 0.784369 0.134697 0.080934 
0.000000 0.534702 0.353470 0.111828 
0.000000 0.907839 0.038528 0.053634 
0.000000 0.598083 0.353280 0.048638 
0.000000 0.985644 0.007907 0.006449 
0.000000 0.364027 0.027071 0.608902 
0.000000 0.017925 0.064529 0.917546 
0.000000 0.000221 0.978431 0.021348 
0.000000 0.028485 0.829814 0.141701 
0.000000 0.276006 0.550252 0.173742 
0.000000 0.677015 0.014132 0.308853 
0.000000 0.681172 0.083532 0.235296 
0.000000 0.535688 0.098824 0.365488 
0.000000 0.757442 0.000072 0.242486 
0.000000 0.602703 0.013153 0.384144 
0.000000 0.770087 0.001780 0.228133 
0.000000 0.158175 0.330880 0.510945 
0.000000 0.375740 0.397297 0.226962 
0.000000 0.587214 0.382084 0.030702 
0.000000 0.678930 0.261023 0.060047 
0.000000 0.890221 0.005990 0.103789 
0.000000 0.498523 0.014929 0.486548 
0.000000 0.946611 0.003335 0.050054 
0.000000 0.565720 0.200995 0.233286 
0.000000 0.136306 0.514366 0.349328 
0.000000 0.123258 0.197377 0.679365 
0.000000 0.311256 0.270643 0.418101 
0.000000 0.413131 0.183585 0.403284 
0.000000 0.457745 0.134825 0.407429 
0.000000 0.341725 0.248455 0.409820 
0.000000 0.539517 0.254852 0.205631 
0.000000 0.525515 0.228970 0.245515 
0.000000 0.108419 0.559881 0.331700 
0.000000 0.097254 0.480176 0.422570 
0.000000 0.289667 0.356752 0.353580 
0.000000 0.442178 0.116259 0.441562 
0.000000 0.302576 0.079714 0.617710 
0.000000 0.054951 0.414873 0.530176 
0.000000 0.211103 0.196972 0.591925 
0.000000 0.324766 0.070789 0.604444 
0.000000 0.459867 0.084736 0.455397 
0.000000 0.169905 0.310596 0.519499 
0.000000 0.196227 0.484040 0.319733 
0.000000 0.581102 0.121706 0.297191 
0.000000 0.420330 0.447915 0.131755 
0.000000 0.340980 0.447038 0.211981 
0.000000 0.317155 0.487875 0.194970 
0.000000 0.602961 0.056666 0.340373 
0.000000 0.775941 0.001628 0.222431 
0.000000 0.632140 0.000109 0.367751 
0.000000 0.792106 0.000178 0.207717 
0.000000 0.765234 0.000965 0.233801 
0.000000 0.401107 0.005313 0.593580 
0.000000 0.199622 0.312302 0.488076 
0.000000 0.242722 0.381633 0.375645 
0.000000 0.352878 0.305764 0.341358 
0.000000 0.344933 0.298001 0.357066 
0.000000 0.212221 0.488630 0.299149 
0.000000 0.090503 0.469257 0.440240 
0.000000 0.342931 0.360334 0.296735 
0.000000 0.378983 0.225816 0.395202 
0.000000 0.414714 0.138665 0.446621 
0.000000 0.374681 0.340021 0.285298 
0.000000 0.278389 0.460756 0.260855 
0.000000 0.153847 0.504531 0.341622 
0.000000 0.348595 0.371157 0.280248 
0.000000 0.390865 0.329782 0.279353 
0.000000 0.293839 0.399747 0.306414 
0.000000 0.334347 0.266544 0.399109 
0.000000 0.446107 0.115973 0.437921 
0.000000 0.318338 0.162603 0.519060 
0.000000 0.121140 0.315914 0.562946 
0.000000 0.277150 0.149599 0.573251 
0.000000 0.346179 0.237245 0.416576 
0.000000 0.351960 0.294410 0.353630 
0.000000 0.330359 0.265404 0.404237 
0.000000 0.109244 0.297942 0.592815 
0.000000 0.365207 0.024798 0.609995 
0.000000 0.003623 0.493235 0.503142 
0.000000 0.055532 0.457791 0.486677 
0.000000 0.000361 0.450365 0.549274 
0.000000 0.072633 0.424163 0.503204 
0.000000 0.028860 0.286187 0.684954 
0.000000 0.036292 0.356692 0.607015 
0.000000 0.212142 0.405168 0.382689 
0.000000 0.097890 0.448539 0.453571 
0.000000 0.345442 0.094490 0.560068 
0.000000 0.423328 0.023706 0.552967 
0.000000 0.174055 0.030296 0.795649 
0.000000 0.304044 0.004397 0.691558 
0.000000 0.295608 0.029054 0.675337 
0.000000 0.497916 0.027906 0.474177 
0.000000 0.459605 0.064682 0.475713 
0.000000 0.295438 0.226416 0.478145 
0.000000 0.468416 0.113606 0.417978 
0.000000 0.550805 0.055328 0.393867 
0.000000 0.085393 0.159156 0.755451 
0.000000 0.070502 0.024737 0.904761 
0.000000 0.391658 0.005651 0.602691 
0.000000 0.543698 0.000130 0.456172 
0.000000 0.165765 0.000000 0.834235 
0.000000 0.563381 0.000000 0.436619 
0.000000 0.508480 0.000000 0.491520 
0.000000 0.482067 0.000000 0.517933 
0.000000 0.354002 0.000001 0.645997 
0.000000 0.197762 0.000000 0.802238 
0.000000 0.456820 0.000002 0.543179 
0.000000 0.470696 0.000000 0.529304 
0.000000 0.494799 0.000000 0.505201 
0.000000 0.595389 0.000000 0.404611 
0.000000 0.609710 0.000000 0.390290 
0.000000 0.333391 0.000000 0.666609 
0.000000 0.469567 0.000000 0.530433 
0.000000 0.512173 0.000000 0.487827 
0.000000 0.391465 0.000000 0.608535 
0.000000 0.530864 0.000000 0.469136 
0.000000 0.483274 0.000000 0.516726 
0.000000 0.018389 0.000003 0.981608 
0.000000 0.186923 0.001616 0.811461 
0.000000 0.374746 0.003459 0.621795 
0.000000 0.414667 0.000025 0.585308 
0.000000 0.323629 0.000021 0.676350 
0.000001 0.091094 0.000017 0.908888 
0.000001 0.537451 0.000000 0.462548 
0.000000 0.326592 0.000009 0.673399 
0.000001 0.070975 0.000005 0.929019 
0.000003 0.456293 0.000093 0.543611 
0.000001 0.545063 0.000103 0.454832 
0.000001 0.218183 0.000014 0.781802 
0.000000 0.538879 0.000012 0.461109 
0.000000 0.554582 0.000005 0.445414 
0.000000 0.490842 0.000016 0.509142 
0.000000 0.394057 0.000004 0.605939 
0.000000 0.066748 0.000004 0.933247 
0.000000 0.431026 0.000010 0.568965 
0.000000 0.300246 0.000000 0.699753 
0.000000 0.123839 0.000008 0.876153 
0.000000 0.601953 0.000096 0.397951 
0.000000 0.606376 0.000865 0.392759 
0.000000 0.157691 0.000975 0.841334 
0.000000 0.448401 0.000147 0.551452 
0.000000 0.275781 0.001127 0.723092 
0.000000 0.707872 0.000234 0.291894 
0.000000 0.675372 0.000013 0.324616 
0.000000 0.568162 0.000068 0.431770 
0.000000 0.538684 0.000020 0.461296 
0.000000 0.136694 0.001033 0.862272 
0.000000 0.005371 0.000534 0.994095 
0.000000 0.232734 0.000010 0.767256 
0.000000 0.532870 0.000002 0.467128 
0.000003 0.154142 0.000001 0.845854 
0.000004 0.333489 0.000027 0.666479 
0.000024 0.485094 0.000002 0.514880 
0.000143 0.147758 0.000005 0.852094 
0.000026 0.355259 0.000015 0.644699 
0.000072 0.457665 0.000002 0.542261 
0.000197 0.536540 0.000002 0.463261 
0.096324 0.281720 0.000019 0.621937 
0.005678 0.518566 0.000031 0.475724 
0.033679 0.457363 0.003047 0.505911 
0.006544 0.227835 0.011531 0.754090 
0.008205 0.014706 0.005602 0.971488 
0.028073 0.414598 0.001108 0.556221 
0.056057 0.205518 0.001891 0.736534 
0.055459 0.489989 0.001015 0.453538 
0.006459 0.530739 0.000774 0.462028 
0.019995 0.524741 0.000445 0.454818 
0.002039 0.476251 0.002314 0.519396 
0.019060 0.186065 0.004995 0.789881 
0.001733 0.511554 0.000418 0.486295 
0.000037 0.355771 0.000421 0.643771 
0.000001 0.233285 0.001074 0.765640 
0.000013 0.334164 0.001212 0.664612 
0.000047 0.392044 0.002197 0.605712 
0.000035 0.248019 0.002687 0.749258 
0.000000 0.457936 0.000984 0.541080 
0.000138 0.376509 0.000285 0.623069 
0.000271 0.467236 0.000859 0.531634 
0.073755 0.132862 0.003179 0.790204 
0.144306 0.430408 0.042589 0.382697 
0.358194 0.295816 0.001947 0.344042 
0.285091 0.365492 0.008553 0.340865 
0.411184 0.225722 0.001190 0.361904 
0.502377 0.038125 0.002087 0.457410 
0.075142 0.408717 0.025065 0.491076 
0.256886 0.151514 0.051459 0.540142 
0.050534 0.464559 0.016651 0.468255 
0.057983 0.343652 0.002378 0.595987 
0.020454 0.457361 0.004044 0.518141 
0.001322 0.500010 0.015499 0.483169 
0.006344 0.332087 0.169839 0.491730 
0.004513 0.220380 0.094455 0.680652 
0.011702 0.398274 0.008613 0.581411 
0.046039 0.464753 0.004915 0.484293 
0.003940 0.033648 0.023005 0.939407 
0.002525 0.183082 0.022945 0.791448 
0.119219 0.423423 0.036596 0.420763 
0.317280 0.285584 0.050059 0.347077 
0.158569 0.398067 0.031094 0.412269 
0.321778 0.321114 0.032571 0.324537 
0.266785 0.236606 0.075569 0.421040 
0.270901 0.241331 0.178710 0.309058 
0.235208 0.000001 0.353863 0.410928 
0.349847 0.019647 0.299162 0.331344 
0.304520 0.000067 0.350938 0.344475 
0.336566 0.001633 0.347347 0.314454 
0.298575 0.000462 0.356700 0.344263 
0.273903 0.254436 0.212264 0.259397 
0.005687 0.464186 0.079568 0.450559 
0.016211 0.251442 0.009302 0.723045 
0.019399 0.509075 0.006603 0.464923 
0.171738 0.441027 0.004304 0.382931 
0.000198 0.092254 0.107555 0.799994 
0.000201 0.368540 0.178333 0.452926 
0.000000 0.345673 0.304284 0.350043 
0.013783 0.209344 0.240681 0.536193 
0.082157 0.135848 0.004483 0.777512 
0.045862 0.376485 0.003016 0.574638 
0.283419 0.297196 0.001059 0.418326 
0.402678 0.092587 0.000798 0.503937 
0.073030 0.452723 0.005920 0.468328 
0.030916 0.450297 0.005042 0.513744 
0.151035 0.271507 0.011062 0.566396 
0.059588 0.247276 0.202653 0.490483 
0.179254 0.378211 0.091962 0.350573 
0.009470 0.346545 0.258187 0.385798 
0.170753 0.303674 0.298699 0.226874 
0.136322 0.302069 0.153956 0.407653 
0.310482 0.412259 0.014802 0.262456 
0.189894 0.457861 0.052260 0.299984 
0.320126 0.313981 0.157333 0.208560 
0.239642 0.408282 0.020389 0.331687 
0.251932 0.403453 0.008734 0.335881 
0.233339 0.009755 0.207923 0.548984 
0.095480 0.039103 0.265939 0.599478 
0.051529 0.107000 0.157963 0.683508 
0.239679 0.297016 0.195661 0.267644 
0.328478 0.339969 0.098596 0.232957 
0.317722 0.344440 0.115502 0.222337 
0.352859 0.355300 0.066781 0.225059 
0.444484 0.087501 0.140252 0.327763 
0.451856 0.006673 0.198687 0.342783 
0.471923 0.003893 0.203769 0.320415 
0.275338 0.224004 0.302361 0.198297 
0.346107 0.052170 0.347842 0.253881 
0.337716 0.001175 0.388807 0.272302 
0.097900 0.061081 0.489395 0.351624 
0.048539 0.008587 0.566073 0.376801 
0.160619 0.265614 0.333902 0.239865 
0.157201 0.276840 0.361953 0.204006 
0.151851 0.049299 0.496430 0.302421 
0.015786 0.361217 0.288782 0.334215 
0.023829 0.462425 0.113024 0.400722 
0.000808 0.496304 0.003591 0.499297 
0.005740 0.432994 0.001924 0.559342 
0.052471 0.473637 0.001086 0.472806 
0.065620 0.452516 0.000653 0.481211 
0.131021 0.392853 0.003548 0.472579 
0.103775 0.088733 0.010454 0.797038 
0.466948 0.063344 0.006076 0.463633 
0.255662 0.322637 0.027806 0.393895 
0.270965 0.338025 0.023514 0.367496 
0.406336 0.026229 0.055533 0.511901 
0.396180 0.027399 0.135950 0.440472 
0.202395 0.065398 0.053317 0.678890 
0.247285 0.146761 0.056790 0.549163 
0.376175 0.074798 0.025796 0.523231 
0.397266 0.098411 0.022129 0.482194 
0.392767 0.058154 0.013146 0.535933 
0.484645 0.001640 0.023340 0.490374 
0.422079 0.000651 0.011349 0.565921 
0.451652 0.000108 0.000184 0.548057 
0.129201 0.000042 0.001290 0.869468 
0.468928 0.000012 0.000521 0.530539 
0.484089 0.000294 0.000495 0.515122 
0.532835 0.000131 0.001106 0.465927 
0.086103 0.000029 0.000237 0.913632 
0.035718 0.000459 0.003811 0.960011 
0.281875 0.000057 0.003099 0.714969 
0.389898 0.000045 0.020593 0.589465 
0.471990 0.000040 0.033097 0.494874 
0.225636 0.000077 0.046795 0.727492 
0.206029 0.000004 0.069707 0.724260 
0.087705 0.000110 0.031866 0.880319 
0.364793 0.000172 0.004029 0.631005 
0.499810 0.000017 0.000647 0.499526 
0.435682 0.000002 0.001002 0.563314 
0.147530 0.000004 0.011446 0.841019 
0.501331 0.000000 0.011998 0.486671 
0.382327 0.000000 0.018946 0.598727 
0.067346 0.000001 0.004950 0.927703 
0.247773 0.000000 0.000844 0.751384 
0.204082 0.000000 0.003749 0.792169 
0.374207 0.000000 0.017406 0.608387 
0.493357 0.000000 0.038807 0.467836 
0.160426 0.000000 0.024049 0.815525 
0.468635 0.000000 0.026306 0.505059 
0.427622 0.000000 0.094753 0.477625 
0.475499 0.000000 0.008631 0.515869 
0.448793 0.000000 0.006475 0.544731 
0.413617 0.000001 0.014363 0.572018 
0.188157 0.000003 0.122459 0.689381 
0.239165 0.000001 0.216053 0.544781 
0.308876 0.000001 0.285402 0.405721 
0.306214 0.000002 0.350545 0.343239 
0.272502 0.000034 0.297643 0.429821 
0.388590 0.001327 0.231762 0.378320 
0.399341 0.000196 0.170578 0.429885 
0.469668 0.000683 0.033559 0.496090 
0.184639 0.000572 0.034324 0.780465 
0.396375 0.000004 0.091490 0.512131 
0.264882 0.000000 0.152855 0.582262 
0.588208 0.000006 0.011445 0.400340 
0.550637 0.000322 0.012212 0.436828 
0.353133 0.001455 0.002857 0.642555 
0.648510 0.000517 0.000625 0.350348 
0.522027 0.000006 0.000964 0.477004 
0.391158 0.000112 0.000008 0.608722 
0.542067 0.000001 0.000002 0.457930 
0.206407 0.000002 0.000002 0.793589 
0.132720 0.000001 0.000000 0.867279 
0.224304 0.000000 0.000002 0.775694 
0.663903 0.000000 0.004364 0.331732 
0.060660 0.000004 0.308645 0.630691 
0.515168 0.000000 0.039677 0.445155 
0.376034 0.000000 0.029193 0.594773 
0.019561 0.000000 0.060439 0.920000 
0.467067 0.000000 0.011334 0.521598 
0.471179 0.000012 0.007264 0.521545 
0.328193 0.000004 0.082444 0.589360 
0.179113 0.000001 0.149626 0.671261 
0.406929 0.000000 0.185105 0.407965 
0.488565 0.000000 0.019491 0.491944 
0.500762 0.000000 0.000668 0.498569 
0.517036 0.000000 0.000028 0.482935 
0.361981 0.000000 0.000002 0.638017 
0.429549 0.000002 0.000001 0.570447 
0.482304 0.000029 0.000000 0.517667 
0.532452 0.000004 0.000065 0.467479 
0.069706 0.000003 0.007038 0.923253 
0.504684 0.000000 0.001050 0.494266 
0.475171 0.000088 0.000008 0.524733 
0.411933 0.000085 0.000003 0.587979 
0.502109 0.000526 0.000000 0.497365 
0.501554 0.000631 0.000002 0.497814 
0.387413 0.000075 0.000004 0.612508 
0.500999 0.000020 0.000020 0.498961 
0.360653 0.000141 0.000061 0.639145 
0.390258 0.000217 0.000024 0.609501 
0.265369 0.001980 0.000000 0.732651 
0.536623 0.000560 0.000000 0.462817 
0.175696 0.000110 0.000000 0.824195 
0.139456 0.000000 0.000000 0.860543 
0.541717 0.000000 0.000001 0.458282 
0.359601 0.000000 0.000008 0.640390 
0.442439 0.000000 0.007720 0.549840 
0.399108 0.000000 0.004270 0.596622 
0.016260 0.000000 0.025094 0.958646 
0.169171 0.000000 0.217850 0.612978 
0.357744 0.000000 0.209622 0.432634 
0.325188 0.000000 0.341843 0.332969 
0.284361 0.000000 0.363836 0.351803 
0.317808 0.000000 0.339432 0.342760 
0.000648 0.000000 0.477239 0.522113 
0.015686 0.000000 0.404832 0.579483 
0.003460 0.000000 0.373531 0.623008 
0.029655 0.000000 0.477115 0.493230 
0.042990 0.000000 0.400183 0.556827 
0.039818 0.000000 0.437911 0.522270 
0.335386 0.000000 0.284848 0.379766 
0.051329 0.000000 0.488099 0.460572 
0.344025 0.000000 0.078271 0.577704 
0.425289 0.000000 0.158851 0.415859 
0.372256 0.000003 0.120245 0.507496 
0.312851 0.000025 0.223336 0.463787 
0.145039 0.000033 0.280207 0.574722 
0.369149 0.000001 0.223788 0.407062 
0.383985 0.000004 0.226305 0.389706 
0.329287 0.000147 0.307324 0.363241 
0.333379 0.001190 0.333820 0.331610 
0.349467 0.001203 0.298984 0.350347 
0.093429 0.000475 0.432166 0.473931 
0.244895 0.000578 0.361907 0.392620 
0.423738 0.002357 0.093455 0.480450 
0.306210 0.003252 0.345928 0.344610 
0.264405 0.007673 0.334261 0.393661 
0.164633 0.004335 0.291483 0.539549 
0.229918 0.050656 0.028081 0.691345 
0.154847 0.022871 0.010473 0.811809 
0.506498 0.011209 0.021834 0.460459 
0.245372 0.013390 0.319406 0.421832 
0.223994 0.000413 0.275463 0.500130 
0.127041 0.001355 0.454207 0.417398 
0.364720 0.002655 0.235752 0.396873 
0.087953 0.008001 0.447009 0.457037 
0.160500 0.004136 0.317455 0.517910 
0.080894 0.002502 0.450231 0.466373 
0.002991 0.003299 0.492519 0.501191 
0.020246 0.001005 0.393055 0.585694 
0.295831 0.002811 0.363275 0.338083 
0.145719 0.004613 0.402081 0.447586 
0.063983 0.002766 0.470815 0.462436 
0.136163 0.003112 0.440887 0.419838 
0.199424 0.000800 0.390511 0.409265 
0.083657 0.000121 0.253461 0.662762 
0.334552 0.000021 0.007911 0.657517 
0.466774 0.000024 0.000013 0.533189 
0.498774 0.000025 0.000249 0.500952 
0.551891 0.000142 0.000255 0.447712 
0.477516 0.004034 0.000000 0.518450 
0.439986 0.090994 0.000000 0.469020 
0.210324 0.221937 0.000003 0.567737 
0.395319 0.297984 0.007704 0.298992 
0.356328 0.356113 0.000196 0.287363 
0.209103 0.429051 0.074388 0.287458 
0.002025 0.451540 0.236113 0.310322 
0.404349 0.083604 0.259651 0.252396 
0.339781 0.086650 0.343136 0.230433 
0.000000 0.154134 0.498906 0.346960 
0.000000 0.216984 0.357949 0.425067 
0.000825 0.010450 0.485212 0.503513 
0.146859 0.015916 0.516021 0.321204 
0.506674 0.034669 0.128181 0.330476 
0.478498 0.026739 0.001297 0.493466 
0.393256 0.016893 0.000001 0.589850 
0.472941 0.100425 0.000001 0.426633 
0.557963 0.033926 0.000000 0.408111 
0.311174 0.031310 0.000000 0.657515 
0.251556 0.249660 0.000000 0.498784 
0.160892 0.422835 0.000000 0.416273 
0.046889 0.502660 0.000344 0.450106 
0.158466 0.401158 0.000422 0.439954 
0.007304 0.461399 0.030398 0.500899 
0.007917 0.269767 0.000462 0.721854 
0.052253 0.143214 0.041901 0.762632 
0.119062 0.124928 0.359220 0.396791 
0.310609 0.097905 0.316088 0.275398 
0.170618 0.077073 0.367059 0.385251 
0.197158 0.341961 0.030570 0.430311 
0.357008 0.228635 0.000204 0.414153 
0.320334 0.264029 0.000000 0.415637 
0.045531 0.252232 0.000000 0.702237 
0.014248 0.202442 0.000000 0.783311 
0.228731 0.289060 0.000000 0.482208 
0.197177 0.302176 0.000191 0.500455 
0.016338 0.223935 0.000798 0.758929 
0.329593 0.068582 0.003968 0.597858 
0.227511 0.043651 0.000319 0.728519 
0.192358 0.016632 0.032607 0.758403 
0.438132 0.071557 0.127673 0.362638 
0.075927 0.326577 0.305141 0.292355 
0.075400 0.384360 0.228139 0.312100 
0.296992 0.268658 0.192282 0.242069 
0.258566 0.249001 0.258548 0.233885 
0.306486 0.309668 0.126523 0.257323 
0.342115 0.356525 0.057457 0.243903 
0.266027 0.364555 0.003126 0.366292 
0.131718 0.324716 0.223242 0.320323 
0.178569 0.366728 0.095095 0.359608 
0.311277 0.330487 0.197463 0.160773 
0.168367 0.343477 0.237932 0.250224 
0.000945 0.546718 0.018316 0.434020 
0.150258 0.449919 0.309666 0.090158 
0.152952 0.554371 0.170557 0.122119 
0.331561 0.396608 0.181471 0.090360 
0.209470 0.295946 0.395158 0.099426 
0.206009 0.293730 0.293219 0.207042 
0.134720 0.263804 0.323119 0.278356 
0.391809 0.315712 0.171488 0.120991 
0.289169 0.228699 0.221145 0.260987 
0.270445 0.255476 0.225758 0.248321 
0.298270 0.246812 0.166045 0.288873 
0.264918 0.317907 0.151456 0.265719 
0.074604 0.286057 0.332168 0.307170 
0.174936 0.276323 0.209741 0.339000 
0.124532 0.337109 0.136061 0.402298 
0.066970 0.457394 0.145454 0.330183 
0.370075 0.285743 0.134012 0.210170 
0.271776 0.225279 0.286132 0.216814 
0.340886 0.254424 0.253332 0.151358 
0.084629 0.291304 0.314557 0.309509 
0.003272 0.345515 0.367778 0.283435 
0.002947 0.549050 0.042800 0.405203 
0.001355 0.506589 0.002158 0.489898 
0.000483 0.418386 0.106604 0.474526 
0.102220 0.425101 0.000348 0.472331 
0.041321 0.597091 0.001902 0.359686 
0.466122 0.469708 0.003005 0.061164 
0.093216 0.853003 0.000218 0.053564 
0.000226 0.534360 0.003974 0.461440 
0.000030 0.521594 0.061524 0.416852 
0.000563 0.448175 0.229923 0.321339 
0.000041 0.401357 0.396638 0.201964 
0.114395 0.668527 0.121313 0.095765 
0.252898 0.518840 0.150460 0.077802 
0.348357 0.508308 0.016201 0.127134 
0.310411 0.305488 0.239778 0.144324 
0.154064 0.291273 0.284586 0.270077 
0.179979 0.280922 0.274081 0.265018 
0.060962 0.348113 0.255187 0.335738 
0.134823 0.358775 0.261434 0.244968 
0.198174 0.290660 0.227852 0.283313 
0.205607 0.296477 0.296765 0.201152 
0.138208 0.302844 0.251186 0.307761 
0.032106 0.456646 0.107922 0.403325 
0.047633 0.428281 0.303634 0.220452 
0.028494 0.598666 0.080844 0.291996 
0.013470 0.471998 0.081442 0.433091 
0.046781 0.343919 0.220855 0.388445 
0.265001 0.216541 0.319563 0.198894 
0.430337 0.305733 0.057630 0.206301 
0.196631 0.264453 0.253299 0.285618 
0.308121 0.317141 0.135588 0.239151 
0.175190 0.558276 0.024727 0.241807 
0.225540 0.462356 0.003024 0.309080 
0.068022 0.465502 0.064923 0.401552 
0.064643 0.264657 0.348015 0.322684 
0.290871 0.256348 0.276683 0.176097 
0.123679 0.415636 0.034340 0.426344 
0.201324 0.285283 0.151397 0.361996 
0.173774 0.282689 0.281059 0.262478 
0.297959 0.192959 0.258605 0.250477 
0.348628 0.231262 0.142543 0.277568 
0.151717 0.129967 0.393355 0.324961 
0.025711 0.112512 0.400443 0.461334 
0.019092 0.065357 0.438840 0.476711 
0.195759 0.082140 0.387420 0.334681 
0.157118 0.077163 0.172410 0.593309 
0.037916 0.162726 0.005546 0.793812 
0.008899 0.157854 0.246574 0.586673 
0.140801 0.150422 0.391828 0.316949 
0.208336 0.180802 0.250974 0.359888 
0.045371 0.258527 0.197376 0.498726 
0.002895 0.148863 0.405199 0.443043 
0.006743 0.144349 0.433056 0.415852 
0.089668 0.222349 0.120710 0.567273 
0.196512 0.125480 0.384637 0.293370 
0.310789 0.154275 0.357222 0.177714 
0.365824 0.137832 0.325011 0.171332 
0.630578 0.183772 0.010307 0.175344 
0.291151 0.200227 0.217360 0.291261 
0.215531 0.294912 0.280045 0.209511 
0.041671 0.253822 0.304334 0.400174 
0.536123 0.072220 0.257611 0.134045 
0.052185 0.033228 0.880902 0.033684 
0.525047 0.375364 0.061361 0.038227 
0.010267 0.968474 0.000468 0.020790 
0.001403 0.982878 0.000515 0.015204 
0.001423 0.856774 0.003833 0.137970 
0.221801 0.460168 0.026464 0.291567 
0.065037 0.083522 0.635211 0.216230 
0.065560 0.052156 0.853510 0.028774 
0.151201 0.071182 0.762116 0.015500 
0.215028 0.059076 0.663288 0.062609 
0.085231 0.061358 0.834558 0.018853 
0.159856 0.032152 0.708254 0.099739 
0.398439 0.031214 0.543496 0.026850 
0.454670 0.014902 0.452759 0.077668 
0.376149 0.012230 0.329013 0.282607 
0.469460 0.016285 0.176596 0.337659 
0.346185 0.004786 0.334775 0.314254 
0.500395 0.004373 0.009490 0.485742 
0.329302 0.005693 0.322344 0.342661 
0.434095 0.006525 0.296635 0.262744 
0.966304 0.013607 0.008445 0.011644 
0.696629 0.004261 0.000031 0.299079 
0.985640 0.009260 0.000016 0.005084 
0.940286 0.017164 0.002714 0.039836 
0.906284 0.020348 0.000675 0.072693 
0.967448 0.014842 0.017201 0.000509 
0.885435 0.020720 0.041567 0.052277 
0.789672 0.023453 0.000485 0.186390 
0.473921 0.008017 0.006921 0.511141 
0.557126 0.018737 0.022363 0.401774 
0.294435 0.019225 0.194025 0.492315 
0.098160 0.040222 0.158641 0.702977 
0.033190 0.083888 0.115591 0.767331 
0.015228 0.080591 0.370462 0.533719 
0.114270 0.125815 0.034738 0.725177 
0.194987 0.173891 0.110562 0.520561 
0.237649 0.077154 0.345195 0.340003 
0.258876 0.068193 0.411166 0.261764 
0.269894 0.134360 0.008227 0.587519 
0.200288 0.153084 0.388044 0.258583 
0.165758 0.198050 0.554035 0.082157 
0.227403 0.248535 0.111835 0.412228 
0.316836 0.279762 0.154924 0.248478 
0.336986 0.223950 0.134687 0.304377 
0.330564 0.272859 0.254370 0.142207 
0.221757 0.280016 0.242973 0.255254 
0.021489 0.365511 0.600072 0.012927 
0.277519 0.407384 0.312397 0.002700 
0.147652 0.384057 0.464043 0.004248 
0.167261 0.378398 0.436315 0.018026 
0.092976 0.354496 0.208578 0.343950 
0.120371 0.380489 0.086758 0.412382 
0.245270 0.443488 0.001066 0.310176 
0.387299 0.581843 0.006990 0.023868 
0.465230 0.459816 0.074719 0.000235 
0.409955 0.256435 0.333605 0.000004 
0.601660 0.327321 0.070997 0.000022 
0.502001 0.456195 0.041794 0.000010 
0.543719 0.452804 0.000818 0.002659 
0.657764 0.340143 0.001375 0.000717 
0.622296 0.163656 0.209550 0.004498 
0.520869 0.374381 0.009729 0.095020 
0.508106 0.161164 0.001648 0.329082 
0.108792 0.044413 0.058811 0.787984 
0.153213 0.040638 0.519501 0.286648 
0.096056 0.021407 0.543528 0.339009 
0.017151 0.024499 0.036601 0.921748 
0.002933 0.023629 0.651411 0.322027 
0.000728 0.022166 0.524482 0.452624 
0.004864 0.009525 0.512452 0.473158 
0.005138 0.009655 0.254395 0.730812 
0.001895 0.011998 0.065832 0.920275 
0.000300 0.005582 0.463730 0.530388 
0.001910 0.012812 0.557515 0.427763 
0.013750 0.096870 0.128534 0.760846 
0.042834 0.060096 0.120225 0.776845 
0.034244 0.018168 0.625452 0.322136 
0.055415 0.018518 0.614351 0.311716 
0.168392 0.019157 0.703494 0.108957 
0.344016 0.011263 0.243676 0.401045 
0.865267 0.027533 0.001783 0.105418 
0.906065 0.044971 0.019635 0.029328 
0.569537 0.019979 0.000522 0.409962 
0.460134 0.035255 0.318055 0.186556 
0.213520 0.039540 0.350506 0.396434 
0.271549 0.063590 0.296091 0.368771 
0.322902 0.051315 0.424166 0.201617 
0.298428 0.120176 0.144080 0.437316 
0.709051 0.054339 0.122434 0.114175 
0.385319 0.015361 0.388547 0.210773 
0.299037 0.010595 0.360380 0.329988 
0.292868 0.011671 0.355408 0.340053 
0.320741 0.009603 0.361338 0.308318 
0.460173 0.012818 0.227994 0.299015 
0.392037 0.012679 0.094529 0.500755 
0.348306 0.013467 0.201273 0.436954 
0.272938 0.009748 0.548030 0.169283 
0.332455 0.004611 0.227274 0.435660 
0.499449 0.015306 0.251378 0.233866 
0.543599 0.007588 0.070638 0.378175 
0.491390 0.011181 0.407165 0.090265 
0.253194 0.006805 0.003365 0.736636 
0.601467 0.002475 0.114095 0.281963 
0.659226 0.005939 0.053989 0.280846 
0.490217 0.004255 0.007148 0.498380 
0.489710 0.002467 0.054351 0.453472 
0.302092 0.007140 0.244423 0.446345 
0.388714 0.011090 0.392018 0.208178 
0.279639 0.004908 0.679943 0.035510 
0.480619 0.022738 0.329424 0.167219 
0.189455 0.222174 0.262301 0.326070 
0.261158 0.097965 0.543078 0.097799 
0.205849 0.232719 0.059262 0.502170 
0.093557 0.279853 0.171230 0.455360 
0.052962 0.313668 0.148049 0.485322 
0.067996 0.505505 0.000119 0.426380 
0.061686 0.626499 0.001802 0.310013 
0.078210 0.797627 0.000007 0.124156 
0.050245 0.595049 0.027259 0.327448 
0.039049 0.480841 0.000026 0.480084 
0.056171 0.387493 0.000000 0.556335 
0.154881 0.391314 0.000000 0.453806 
0.179440 0.570093 0.000000 0.250466 
0.259778 0.735647 0.000028 0.004548 
0.159788 0.527904 0.312282 0.000025 
0.113783 0.660353 0.223125 0.002739 
0.156998 0.642825 0.200090 0.000087 
0.113631 0.884001 0.002351 0.000017 
0.126003 0.872860 0.001137 0.000000 
0.166532 0.759099 0.074369 0.000000 
0.120006 0.795129 0.084864 0.000000 
0.259031 0.718504 0.022465 0.000000 
0.299497 0.665958 0.034545 0.000000 
0.366277 0.620400 0.013322 0.000000 
0.304564 0.693633 0.001802 0.000000 
0.285446 0.712720 0.001834 0.000000 
0.275324 0.723899 0.000777 0.000000 
0.310436 0.689523 0.000041 0.000000 
0.232298 0.767694 0.000008 0.000000 
0.206742 0.792773 0.000485 0.000000 
0.210732 0.789239 0.000029 0.000000 
0.247534 0.752465 0.000000 0.000000 
0.233875 0.766125 0.000000 0.000000 
0.223777 0.776222 0.000000 0.000000 
0.206714 0.793286 0.000000 0.000000 
0.263251 0.736739 0.000010 0.000000 
0.322241 0.677759 0.000000 0.000000 
0.312711 0.682025 0.005263 0.000000 
0.447916 0.551835 0.000249 0.000000 
0.747298 0.252700 0.000002 0.000000 
0.863328 0.136482 0.000190 0.000000 
0.575396 0.423677 0.000927 0.000000 
0.798925 0.201075 0.000000 0.000000 
0.420056 0.579856 0.000087 0.000000 
0.503645 0.496318 0.000037 0.000000 
0.670382 0.329617 0.000001 0.000000 
0.792615 0.204017 0.003368 0.000000 
0.568012 0.250109 0.181880 0.000000 
0.378655 0.141337 0.480008 0.000000 
0.321596 0.284667 0.393737 0.000000 
0.448313 0.463855 0.087832 0.000000 
0.358923 0.565452 0.075625 0.000000 
0.383360 0.550697 0.065942 0.000000 
0.404805 0.595050 0.000145 0.000000 
0.402115 0.597644 0.000241 0.000000 
0.368776 0.631117 0.000107 0.000000 
0.365150 0.633247 0.001603 0.000000 
0.372730 0.627020 0.000251 0.000000 
0.346419 0.653486 0.000095 0.000000 
0.260181 0.739724 0.000094 0.000000 
0.404955 0.594966 0.000079 0.000000 
0.248363 0.751625 0.000012 0.000000 
0.259070 0.740928 0.000001 0.000000 
0.337402 0.662597 0.000001 0.000000 
0.378457 0.621541 0.000002 0.000000 
0.412371 0.587621 0.000008 0.000000 
0.556309 0.443690 0.000000 0.000000 
0.556189 0.443776 0.000035 0.000000 
0.660837 0.338460 0.000703 0.000001 
0.523956 0.476023 0.000020 0.000000 
0.457984 0.541684 0.000332 0.000000 
0.427859 0.572096 0.000033 0.000012 
0.419244 0.554660 0.026047 0.000049 
0.444940 0.552985 0.002016 0.000058 
0.576574 0.399835 0.017161 0.006430 
0.476026 0.335521 0.187862 0.000591 
0.328546 0.245937 0.424211 0.001305 
0.348732 0.507168 0.143935 0.000165 
0.338769 0.648112 0.012958 0.000162 
0.247859 0.524953 0.227026 0.000163 
0.355946 0.293902 0.350152 0.000001 
0.208077 0.334216 0.457707 0.000000 
0.329536 0.548261 0.122203 0.000000 
0.270033 0.440839 0.289128 0.000000 
0.402499 0.357375 0.240126 0.000000 
0.402433 0.234298 0.363269 0.000000 
0.499549 0.496055 0.004396 0.000000 
0.479306 0.520005 0.000689 0.000000 
0.378587 0.621407 0.000006 0.000000 
0.345989 0.654007 0.000004 0.000000 
0.466976 0.533024 0.000000 0.000000 
0.336828 0.663170 0.000000 0.000002 
0.478432 0.521565 0.000000 0.000003 
0.344479 0.655511 0.000000 0.000009 
0.350492 0.649507 0.000000 0.000001 
0.344107 0.655888 0.000000 0.000006 
0.337510 0.662490 0.000000 0.000000 
0.378569 0.621431 0.000000 0.000000 
0.542657 0.457343 0.000000 0.000000 
0.360245 0.639755 0.000000 0.000000 
0.373224 0.626776 0.000000 0.000000 
0.367208 0.632792 0.000000 0.000000 
0.520867 0.479132 0.000000 0.000000 
0.496399 0.503601 0.000000 0.000000 
0.343060 0.656940 0.000000 0.000000 
0.467310 0.532690 0.000000 0.000000 
0.579634 0.420366 0.000000 0.000000 
0.495637 0.504363 0.000000 0.000000 
0.480667 0.519333 0.000000 0.000000 
0.428199 0.571801 0.000000 0.000000 
0.572213 0.427787 0.000000 0.000000 
0.426368 0.573632 0.000000 0.000000 
0.438837 0.561163 0.000000 0.000000 
0.458633 0.541367 0.000000 0.000000 
0.649706 0.350294 0.000000 0.000000 
0.499286 0.500714 0.000000 0.000000 
0.515221 0.484779 0.000000 0.000000 
0.499161 0.500838 0.000002 0.000000 
0.503201 0.496797 0.000002 0.000000 
0.497106 0.502894 0.000000 0.000000 
0.536190 0.463810 0.000000 0.000000 
0.647176 0.352824 0.000000 0.000000 
0.525717 0.474283 0.000000 0.000000 
0.502615 0.497385 0.000000 0.000000 
0.569925 0.430075 0.000000 0.000000 
0.512807 0.487188 0.000005 0.000000 
0.572094 0.413391 0.014515 0.000000 
0.567920 0.425868 0.006212 0.000000 
0.375232 0.307941 0.316827 0.000000 
0.378559 0.301113 0.320328 0.000000 
0.337375 0.336957 0.325668 0.000000 
0.360341 0.353470 0.286189 0.000000 
0.404950 0.364747 0.230302 0.000000 
0.364904 0.365091 0.270004 0.000000 
0.498591 0.466333 0.035076 0.000000 
0.498150 0.496974 0.004875 0.000000 
0.783345 0.216597 0.000058 0.000001 
0.479010 0.520374 0.000611 0.000004 
0.316576 0.562436 0.120988 0.000000 
0.347944 0.630082 0.021974 0.000000 
0.379621 0.569068 0.051311 0.000000 
0.412560 0.541211 0.046229 0.000000 
0.592275 0.385494 0.022231 0.000000 
0.574270 0.425495 0.000235 0.000000 
0.595830 0.404079 0.000091 0.000000 
0.528166 0.471833 0.000001 0.000000 
0.423214 0.576785 0.000000 0.000000 
0.414873 0.585127 0.000000 0.000000 
0.410424 0.589575 0.000000 0.000000 
0.416402 0.583597 0.000001 0.000000 
0.569966 0.430033 0.000001 0.000000 
0.427882 0.572118 0.000000 0.000000 
0.559242 0.440757 0.000001 0.000000 
0.794625 0.205375 0.000000 0.000000 
0.865108 0.134891 0.000001 0.000000 
0.851047 0.148913 0.000041 0.000000 
0.890065 0.109929 0.000007 0.000000 
0.668034 0.331958 0.000008 0.000000 
0.511417 0.488580 0.000003 0.000000 
0.483758 0.516241 0.000000 0.000000 
0.557245 0.442732 0.000023 0.000000 
0.527259 0.472736 0.000005 0.000000 
0.645535 0.354433 0.000032 0.000000 
0.499227 0.500773 0.000000 0.000000 
0.578028 0.421972 0.000000 0.000000 
0.808776 0.191224 0.000000 0.000000 
0.800920 0.199080 0.000000 0.000000 
0.947384 0.052616 0.000000 0.000000 
0.865147 0.134853 0.000000 0.000000 
0.908452 0.091548 0.000000 0.000000 
0.966682 0.033318 0.000000 0.000000 
0.954926 0.045074 0.000000 0.000000 
0.932287 0.067713 0.000000 0.000000 
0.893284 0.106716 0.000000 0.000000 
0.827730 0.172270 0.000000 0.000000 
0.947608 0.052392 0.000000 0.000000 
0.810698 0.189302 0.000000 0.000000 
0.556272 0.443726 0.000000 0.000003 
0.552933 0.447005 0.000000 0.000063 
0.490038 0.509948 0.000000 0.000014 
0.475323 0.524040 0.000000 0.000637 
0.438174 0.561456 0.000000 0.000370 
0.452032 0.547411 0.000000 0.000558 
0.457992 0.539018 0.000000 0.002991 
0.428556 0.571307 0.000000 0.000137 
0.528031 0.469802 0.000000 0.002167 
0.501637 0.496586 0.000000 0.001776 
0.520297 0.479138 0.000000 0.000565 
0.466440 0.512130 0.000000 0.021430 
0.511170 0.488293 0.000000 0.000537 
0.544209 0.454368 0.000000 0.001423 
0.607476 0.389113 0.000000 0.003411 
0.342722 0.656642 0.000000 0.000636 
0.513434 0.480761 0.000000 0.005805 
0.432250 0.471773 0.000000 0.095976 
0.228666 0.230796 0.000000 0.540538 
0.219889 0.302422 0.000000 0.477689 
0.336494 0.315900 0.000000 0.347606 
0.304878 0.256922 0.000000 0.438200 
0.565602 0.296775 0.000000 0.137622 
0.400144 0.283811 0.000000 0.316045 
0.497961 0.332164 0.000000 0.169876 
0.563373 0.400776 0.000000 0.035851 
0.571164 0.398584 0.000000 0.030252 
0.442771 0.220646 0.000000 0.336582 
0.333957 0.455861 0.000000 0.210182 
0.356404 0.193695 0.000000 0.449901 
0.338983 0.211729 0.000000 0.449287 
0.410559 0.159095 0.000000 0.430345 
0.528493 0.284310 0.000008 0.187188 
0.393153 0.288836 0.000014 0.317997 
0.423294 0.342462 0.000007 0.234237 
0.371812 0.301419 0.000001 0.326768 
0.122486 0.396460 0.000001 0.481053 
0.152052 0.513565 0.000002 0.334381 
0.008907 0.772819 0.000049 0.218225 
0.037686 0.359585 0.000484 0.602245 
0.405112 0.312379 0.074670 0.207839 
0.239571 0.140614 0.313939 0.305876 
0.323925 0.236222 0.174737 0.265116 
0.377365 0.262529 0.096335 0.263771 
0.353505 0.288386 0.004822 0.353287 
0.232788 0.299715 0.137964 0.329533 
0.231356 0.392475 0.002752 0.373418 
0.329440 0.648793 0.011419 0.010348 
0.155259 0.414181 0.410007 0.020553 
0.005230 0.328704 0.350457 0.315609 
0.015952 0.440991 0.020394 0.522664 
0.169887 0.436757 0.000532 0.392824 
0.070634 0.675377 0.034848 0.219141 
0.294113 0.473405 0.093915 0.138566 
0.206821 0.265621 0.276453 0.251105 
0.276032 0.462470 0.232137 0.029361 
0.104746 0.780920 0.096282 0.018052 
0.177587 0.769862 0.013975 0.038576 
0.234916 0.383533 0.300567 0.080983 
0.328745 0.384491 0.205695 0.081069 
0.179743 0.359916 0.093781 0.366560 
0.172041 0.323970 0.216424 0.287565 
0.242696 0.352662 0.073567 0.331075 
0.296409 0.296591 0.250706 0.156294 
0.164564 0.282461 0.274682 0.278292 
0.334926 0.568215 0.036896 0.059964 
0.358774 0.345993 0.264099 0.031134 
0.277294 0.354925 0.358282 0.009500 
0.373234 0.377294 0.249471 0.000001 
0.208404 0.688164 0.103429 0.000002 
0.184982 0.813526 0.001491 0.000002 
0.420515 0.482775 0.096698 0.000012 
0.359414 0.594134 0.046097 0.000355 
0.318798 0.660897 0.020305 0.000001 
0.079886 0.904969 0.015133 0.000013 
0.128366 0.850788 0.018199 0.002647 
0.119648 0.819804 0.060052 0.000496 
0.317498 0.552707 0.129790 0.000004 
0.162325 0.394385 0.442892 0.000399 
0.510552 0.411537 0.049795 0.028116 
0.366697 0.285990 0.346754 0.000560 
0.359850 0.239547 0.400601 0.000002 
0.422223 0.365493 0.212277 0.000007 
0.282410 0.348831 0.368758 0.000001 
0.303017 0.349678 0.347304 0.000000 
0.109080 0.555369 0.335551 0.000000 
0.204768 0.671122 0.124110 0.000000 
0.150221 0.838625 0.011141 0.000013 
0.188499 0.810626 0.000875 0.000000 
0.030867 0.969133 0.000000 0.000000 
0.025442 0.974558 0.000000 0.000000 
0.275418 0.724582 0.000000 0.000000 
0.459692 0.540294 0.000013 0.000000 
0.543220 0.347961 0.108819 0.000000 
0.504892 0.485913 0.009195 0.000000 
0.360271 0.553773 0.085956 0.000000 
0.274063 0.376077 0.349860 0.000000 
0.555861 0.431250 0.012889 0.000000 
0.458482 0.541449 0.000069 0.000000 
0.679944 0.225671 0.094384 0.000000 
0.586313 0.272435 0.141252 0.000000 
0.749917 0.248346 0.001737 0.000000 
0.678405 0.321575 0.000020 0.000000 
0.677968 0.322032 0.000000 0.000000 
0.643868 0.356132 0.000000 0.000000 
0.411840 0.588160 0.000000 0.000000 
0.244358 0.755582 0.000060 0.000000 
0.322393 0.627971 0.049636 0.000000 
0.027649 0.646495 0.325856 0.000000 
0.212417 0.474006 0.313577 0.000000 
0.270309 0.225413 0.504277 0.000000 
0.145990 0.645977 0.208034 0.000000 
0.066197 0.572488 0.361314 0.000000 
0.017518 0.607547 0.374935 0.000000 
0.520828 0.297049 0.182123 0.000000 
0.414744 0.115132 0.470124 0.000000 
0.646806 0.204509 0.148685 0.000000 
0.613134 0.154080 0.232786 0.000000 
0.313670 0.142419 0.543911 0.000000 
0.417750 0.155096 0.427153 0.000000 
0.361622 0.230978 0.407400 0.000000 
0.624636 0.343950 0.031413 0.000000 
0.459490 0.438355 0.102155 0.000000 
