0.265217 0.263047 0.202966 0.268770 
0.325604 0.322391 0.021238 0.330768 
0.329409 0.332687 0.000237 0.337667 
0.326628 0.331695 0.000003 0.341673 
0.324238 0.338005 0.000000 0.337756 
0.325421 0.336250 0.000000 0.338328 
0.313671 0.343086 0.000000 0.343242 
0.313231 0.343987 0.000000 0.342781 
0.315492 0.338995 0.000000 0.345513 
0.317570 0.325965 0.000000 0.356464 
0.309454 0.342575 0.000000 0.347971 
0.311298 0.338124 0.000000 0.350578 
0.324489 0.332776 0.000000 0.342735 
0.328160 0.328636 0.000000 0.343204 
0.337570 0.303960 0.000000 0.358470 
0.322922 0.320308 0.000000 0.356770 
0.317173 0.325084 0.000000 0.357743 
0.284772 0.353848 0.000000 0.361380 
0.280049 0.358875 0.000000 0.361076 
0.278637 0.357208 0.000000 0.364156 
0.274735 0.351130 0.000000 0.374135 
0.289609 0.340868 0.000000 0.369523 
0.273264 0.349212 0.000000 0.377524 
0.255835 0.364585 0.000001 0.379579 
0.254367 0.359669 0.000008 0.385956 
0.258242 0.348455 0.000176 0.393126 
0.305521 0.296433 0.000129 0.397916 
0.311655 0.289896 0.000044 0.398406 
0.320480 0.287855 0.000019 0.391645 
0.321696 0.282191 0.000122 0.395991 
0.305752 0.301209 0.000006 0.393033 
0.352893 0.238338 0.002256 0.406513 
0.359133 0.218915 0.011733 0.410218 
0.380163 0.111183 0.092904 0.415750 
0.335950 0.257179 0.001670 0.405201 
0.307497 0.290996 0.001582 0.399926 
0.304691 0.293108 0.000160 0.402042 
0.320585 0.278377 0.000128 0.400910 
0.298060 0.302556 0.000423 0.398961 
0.287173 0.315117 0.000303 0.397407 
0.280217 0.318834 0.000284 0.400665 
0.287568 0.308198 0.000598 0.403635 
0.290964 0.298394 0.004345 0.406297 
0.257627 0.336274 0.001651 0.404448 
0.276617 0.317351 0.000943 0.405089 
0.295407 0.292695 0.003606 0.408291 
0.309924 0.258093 0.022157 0.409826 
0.298739 0.279156 0.012258 0.409847 
0.289069 0.235639 0.063478 0.411813 
0.322561 0.216130 0.050163 0.411145 
0.314562 0.018276 0.257209 0.409953 
0.282587 0.007119 0.301641 0.408652 
0.221263 0.003442 0.369316 0.405978 
0.179704 0.003405 0.405847 0.411044 
0.159060 0.015791 0.408611 0.416539 
0.135744 0.021088 0.421507 0.421662 
0.061593 0.164999 0.361227 0.412181 
0.085410 0.091906 0.403907 0.418777 
0.076919 0.112707 0.393964 0.416410 
0.118513 0.053580 0.408621 0.419286 
0.146282 0.042416 0.395204 0.416098 
0.204289 0.011322 0.374868 0.409521 
0.041035 0.191113 0.358070 0.409782 
0.068721 0.227658 0.295234 0.408387 
0.006316 0.298910 0.289382 0.405392 
0.001281 0.254793 0.340709 0.403217 
0.000490 0.256220 0.345307 0.397984 
0.000696 0.319179 0.279430 0.400696 
0.000043 0.310048 0.297980 0.391929 
0.010004 0.338979 0.246793 0.404224 
0.027130 0.358275 0.207819 0.406776 
0.009866 0.359439 0.226712 0.403983 
0.036235 0.382086 0.174006 0.407673 
0.000221 0.343544 0.262941 0.393293 
0.000002 0.315190 0.299905 0.384903 
0.000015 0.354261 0.264822 0.380903 
0.000002 0.231125 0.406669 0.362205 
0.000003 0.299440 0.324350 0.376208 
0.000941 0.343255 0.264020 0.391784 
0.000241 0.225254 0.397844 0.376661 
0.004215 0.264789 0.344360 0.386636 
0.030561 0.318963 0.251198 0.399278 
0.224109 0.317862 0.054737 0.403292 
0.230114 0.038264 0.327130 0.404492 
0.301202 0.159477 0.129655 0.409666 
0.208194 0.325011 0.056501 0.410294 
0.230420 0.330215 0.029304 0.410061 
0.154147 0.293026 0.140517 0.412310 
0.172342 0.271924 0.143099 0.412635 
0.169553 0.267735 0.149889 0.412824 
0.223557 0.202985 0.160504 0.412955 
0.257722 0.181539 0.147872 0.412867 
0.096445 0.175115 0.316472 0.411968 
0.096771 0.341318 0.149723 0.412187 
0.062058 0.396507 0.124195 0.417241 
0.093464 0.399226 0.089001 0.418310 
0.139331 0.321925 0.125880 0.412865 
0.090677 0.240515 0.256368 0.412441 
0.225026 0.132849 0.229289 0.412835 
0.204748 0.063765 0.319329 0.412158 
0.242171 0.079951 0.265469 0.412409 
0.272639 0.157426 0.157080 0.412855 
0.253849 0.212250 0.121157 0.412743 
0.237462 0.271515 0.078722 0.412301 
0.215914 0.337461 0.035092 0.411532 
0.250971 0.287047 0.050223 0.411759 
0.247301 0.182595 0.157791 0.412312 
0.193708 0.313571 0.081348 0.411373 
0.157654 0.110568 0.321056 0.410722 
0.040488 0.249117 0.300711 0.409684 
0.105338 0.156740 0.327515 0.410407 
0.185885 0.059522 0.345855 0.408738 
0.181267 0.034283 0.376099 0.408351 
0.172218 0.039816 0.381448 0.406518 
0.157001 0.056697 0.384301 0.402001 
0.043388 0.200070 0.362738 0.393805 
0.079238 0.154803 0.371546 0.394412 
0.170488 0.103790 0.326090 0.399633 
0.049509 0.253826 0.302162 0.394503 
0.099243 0.335673 0.165715 0.399369 
0.076271 0.301094 0.222809 0.399826 
0.170360 0.266922 0.158287 0.404431 
0.188006 0.266180 0.143393 0.402421 
0.187198 0.090341 0.321242 0.401219 
0.011819 0.289997 0.314376 0.383808 
0.010396 0.276049 0.325834 0.387721 
0.000555 0.279374 0.348921 0.371149 
0.000008 0.294359 0.353982 0.351651 
0.000023 0.289388 0.364102 0.346487 
0.000004 0.320566 0.339504 0.339927 
0.000506 0.298814 0.332223 0.368458 
0.003634 0.286192 0.330138 0.380036 
0.024469 0.346363 0.263075 0.366092 
0.020523 0.310806 0.294463 0.374208 
0.040797 0.347180 0.233434 0.378589 
0.001742 0.354895 0.277476 0.365888 
0.004480 0.346240 0.271926 0.377354 
0.000077 0.328394 0.308166 0.363363 
0.000068 0.339036 0.299428 0.361468 
0.000357 0.362006 0.275891 0.361746 
0.002162 0.379889 0.254528 0.363422 
0.000069 0.374551 0.271382 0.353998 
0.000001 0.339765 0.316579 0.343655 
0.000001 0.321237 0.321914 0.356849 
0.000008 0.301141 0.330121 0.368730 
0.000253 0.267821 0.347852 0.384073 
0.003204 0.256719 0.362487 0.377590 
0.002350 0.276387 0.352422 0.368841 
0.005525 0.237299 0.385754 0.371422 
0.042617 0.174384 0.391471 0.391527 
0.073550 0.118397 0.406751 0.401302 
0.006917 0.202395 0.405787 0.384901 
0.000092 0.257222 0.397233 0.345453 
0.000051 0.269079 0.397392 0.333478 
0.000319 0.261807 0.395213 0.342661 
0.000101 0.254990 0.390633 0.354276 
0.001691 0.230326 0.392313 0.375670 
0.000426 0.227168 0.394658 0.377747 
0.000059 0.244491 0.388611 0.366840 
0.000345 0.218961 0.397027 0.383667 
0.003381 0.187725 0.410848 0.398047 
0.006604 0.168806 0.415042 0.409549 
0.003144 0.175888 0.412588 0.408381 
0.014083 0.152366 0.416926 0.416625 
0.002728 0.174875 0.412079 0.410318 
0.041216 0.107943 0.425833 0.425007 
0.041813 0.112079 0.424211 0.421897 
0.073141 0.073807 0.427220 0.425833 
0.034491 0.121363 0.422964 0.421183 
0.000845 0.185087 0.407257 0.406811 
0.049566 0.095211 0.427629 0.427594 
0.018695 0.139342 0.420691 0.421273 
0.004659 0.163902 0.415662 0.415777 
0.067057 0.075735 0.428625 0.428583 
0.045221 0.101658 0.426636 0.426485 
0.018427 0.140983 0.419442 0.421149 
0.057025 0.094867 0.422704 0.425404 
0.066299 0.098581 0.413313 0.421806 
0.053590 0.100292 0.421565 0.424552 
0.065387 0.084406 0.424580 0.425627 
0.086483 0.064640 0.423582 0.425295 
0.007304 0.163012 0.414005 0.415679 
0.022380 0.135994 0.421679 0.419947 
0.062027 0.087314 0.426178 0.424482 
0.076339 0.076635 0.424887 0.422139 
0.047319 0.118741 0.419408 0.414532 
0.089521 0.103559 0.397584 0.409336 
0.098772 0.099470 0.395548 0.406210 
0.102288 0.093941 0.395784 0.407986 
0.103735 0.100989 0.393616 0.401661 
0.064300 0.150912 0.386484 0.398304 
0.111739 0.106596 0.385249 0.396416 
0.115674 0.119575 0.372960 0.391791 
0.101923 0.119476 0.387353 0.391248 
0.106952 0.121104 0.386253 0.385691 
0.077714 0.142601 0.395223 0.384462 
0.042891 0.210626 0.386984 0.359499 
0.042149 0.217202 0.400460 0.340188 
0.045984 0.216371 0.399092 0.338553 
0.081657 0.190708 0.389458 0.338177 
0.033188 0.249415 0.385537 0.331860 
0.053368 0.255707 0.378061 0.312864 
0.083764 0.209629 0.350810 0.355798 
0.055169 0.241432 0.338746 0.364653 
0.118277 0.257582 0.259048 0.365093 
0.192050 0.248984 0.195063 0.363903 
0.169926 0.312182 0.168805 0.349088 
0.171367 0.337740 0.174761 0.316133 
0.185205 0.314907 0.182237 0.317651 
0.191263 0.314242 0.258458 0.236038 
0.218388 0.342488 0.220905 0.218219 
0.216150 0.260195 0.307544 0.216111 
0.233718 0.230106 0.293490 0.242687 
0.260330 0.243378 0.261352 0.234940 
0.255568 0.234587 0.228530 0.281314 
0.244232 0.240722 0.259958 0.255088 
0.216733 0.211244 0.284163 0.287860 
0.191457 0.179622 0.280284 0.348637 
0.160535 0.147235 0.321732 0.370499 
0.158597 0.150935 0.313945 0.376523 
0.152161 0.119804 0.355019 0.373016 
0.134234 0.148772 0.364383 0.352611 
0.116512 0.118641 0.415917 0.348930 
0.085250 0.154860 0.397385 0.362505 
0.052849 0.190432 0.399161 0.357558 
0.079908 0.126053 0.415186 0.378852 
0.106868 0.116431 0.409029 0.367672 
0.092555 0.096536 0.419568 0.391341 
0.091359 0.088863 0.416373 0.403405 
0.127915 0.127686 0.342528 0.401872 
0.130846 0.142135 0.321113 0.405905 
0.106834 0.141952 0.352965 0.398249 
0.075568 0.131543 0.389956 0.402933 
0.099457 0.097572 0.401039 0.401933 
0.105206 0.100009 0.400853 0.393932 
0.112317 0.152464 0.352600 0.382619 
0.125144 0.142350 0.342105 0.390401 
0.179687 0.167686 0.243702 0.408925 
0.198567 0.195136 0.197342 0.408954 
0.195599 0.211405 0.190311 0.402685 
0.126330 0.249756 0.217365 0.406549 
0.053109 0.223372 0.318896 0.404623 
0.094079 0.207228 0.288554 0.410139 
0.074415 0.277856 0.242556 0.405173 
0.037217 0.249959 0.321426 0.391398 
0.059607 0.267043 0.276343 0.397006 
0.145728 0.256298 0.193599 0.404375 
0.129095 0.171978 0.299808 0.399120 
0.200022 0.146100 0.249882 0.403997 
0.179611 0.200732 0.232435 0.387221 
0.241183 0.201891 0.203512 0.353414 
0.223263 0.235060 0.188643 0.353034 
0.238268 0.194812 0.208430 0.358491 
0.246940 0.188941 0.236587 0.327532 
0.216800 0.252435 0.181349 0.349415 
0.216259 0.246627 0.176275 0.360840 
0.212474 0.277952 0.147618 0.361956 
0.214915 0.276780 0.185308 0.322998 
0.228022 0.276276 0.287373 0.208329 
0.254002 0.316094 0.206348 0.223556 
0.225460 0.312883 0.238206 0.223450 
0.164917 0.323932 0.222342 0.288809 
0.206887 0.350146 0.218632 0.224335 
0.067067 0.324515 0.286157 0.322261 
0.070572 0.293229 0.252180 0.384019 
0.139721 0.323195 0.216917 0.320167 
0.166207 0.313820 0.165676 0.354297 
0.137114 0.331326 0.221022 0.310538 
0.177986 0.346781 0.176586 0.298646 
0.180833 0.318869 0.268436 0.231862 
0.194198 0.366452 0.257048 0.182302 
0.170385 0.400290 0.180342 0.248983 
0.136592 0.385638 0.157456 0.320314 
0.076438 0.383971 0.219244 0.320347 
0.180749 0.394186 0.175144 0.249921 
0.178377 0.381781 0.234286 0.205557 
0.200089 0.373328 0.192842 0.233741 
0.180979 0.364144 0.192855 0.262023 
0.194022 0.346825 0.238290 0.220864 
0.200806 0.364834 0.198985 0.235376 
0.197490 0.330957 0.270489 0.201063 
0.188314 0.356000 0.206062 0.249624 
0.186150 0.361448 0.170633 0.281770 
0.076215 0.343766 0.254536 0.325482 
0.179358 0.343497 0.209477 0.267668 
0.118400 0.327994 0.329947 0.223659 
0.214913 0.355678 0.214339 0.215070 
0.196366 0.345695 0.262102 0.195837 
0.162198 0.342423 0.315294 0.180086 
0.196249 0.366798 0.242067 0.194886 
0.108380 0.365375 0.316237 0.210008 
0.145243 0.366887 0.158794 0.329077 
0.151602 0.345714 0.173525 0.329159 
0.167326 0.300654 0.182996 0.349024 
0.142044 0.329750 0.209301 0.318905 
0.165971 0.352422 0.163555 0.318052 
0.182205 0.382101 0.199881 0.235813 
0.151069 0.347122 0.176213 0.325596 
0.059043 0.337706 0.261003 0.342247 
0.127125 0.335904 0.201050 0.335921 
0.167537 0.305446 0.168176 0.358840 
0.153002 0.340820 0.154549 0.351629 
0.114642 0.301660 0.235240 0.348458 
0.146748 0.230900 0.239233 0.383118 
0.184808 0.216637 0.208052 0.390503 
0.174463 0.181106 0.252089 0.392343 
0.174065 0.172933 0.249572 0.403430 
0.139681 0.165849 0.289122 0.405348 
0.152711 0.148740 0.296750 0.401799 
0.155352 0.113626 0.328278 0.402744 
0.176348 0.135252 0.279425 0.408975 
0.192472 0.224496 0.171419 0.411613 
0.164365 0.224291 0.200158 0.411185 
0.071857 0.256641 0.260560 0.410942 
0.126737 0.289232 0.176295 0.407736 
0.101165 0.312136 0.179097 0.407601 
0.143279 0.329074 0.128055 0.399592 
0.152662 0.334664 0.127977 0.384696 
0.099141 0.339823 0.169180 0.391856 
0.131301 0.333830 0.144210 0.390659 
0.056812 0.336221 0.241251 0.365716 
0.103100 0.339739 0.176622 0.380539 
0.011575 0.362185 0.243991 0.382250 
0.003894 0.392839 0.230899 0.372368 
0.037941 0.379671 0.187839 0.394549 
0.009135 0.348197 0.286466 0.356203 
0.052727 0.348615 0.217424 0.381234 
0.032632 0.357892 0.227978 0.381497 
0.071687 0.382531 0.164557 0.381225 
0.001113 0.318603 0.318687 0.361597 
0.024874 0.306026 0.274359 0.394742 
0.004158 0.316382 0.284253 0.395207 
0.010868 0.361618 0.263116 0.364398 
0.072734 0.360091 0.201383 0.365791 
0.134227 0.345875 0.161611 0.358286 
0.146689 0.334274 0.146218 0.372819 
0.153357 0.328522 0.156802 0.361319 
0.147074 0.327130 0.137889 0.387907 
0.130778 0.326112 0.168858 0.374252 
0.140776 0.348390 0.127072 0.383762 
0.118309 0.365994 0.147661 0.368037 
0.008997 0.363542 0.264977 0.362483 
0.020906 0.357428 0.259467 0.362199 
0.130576 0.368876 0.160443 0.340104 
0.116440 0.368784 0.187090 0.327686 
0.099403 0.388025 0.239302 0.273270 
0.088075 0.372754 0.342225 0.196946 
0.146712 0.380895 0.313623 0.158770 
0.198596 0.370494 0.188649 0.242261 
0.221201 0.373596 0.202362 0.202841 
0.189105 0.376275 0.167599 0.267022 
0.170637 0.370121 0.209605 0.249638 
0.196755 0.393711 0.164128 0.245406 
0.232428 0.379981 0.197256 0.190334 
0.222471 0.370344 0.188547 0.218639 
0.219167 0.386294 0.213187 0.181353 
0.209583 0.409840 0.171691 0.208886 
0.153875 0.392143 0.147451 0.306530 
0.160636 0.393770 0.123505 0.322088 
0.162721 0.394869 0.092701 0.349710 
0.123868 0.412759 0.099486 0.363887 
0.150249 0.405512 0.064986 0.379252 
0.161335 0.411521 0.061655 0.365489 
0.197362 0.403296 0.081186 0.318155 
0.115579 0.395731 0.268618 0.220072 
0.173839 0.388775 0.332565 0.104820 
0.173520 0.389307 0.324897 0.112276 
0.169792 0.390089 0.355351 0.084769 
0.141443 0.396584 0.365042 0.096931 
0.144953 0.369144 0.386287 0.099615 
0.105588 0.406648 0.387232 0.100532 
0.119172 0.399660 0.361881 0.119287 
0.125408 0.418056 0.369410 0.087126 
0.002826 0.403809 0.345188 0.248177 
0.006756 0.415545 0.344831 0.232868 
0.001308 0.410359 0.322381 0.265952 
0.027344 0.412311 0.294285 0.266060 
0.018371 0.410095 0.301868 0.269666 
0.000739 0.397017 0.289730 0.312513 
0.004369 0.391726 0.325233 0.278672 
0.000274 0.343307 0.310816 0.345602 
0.000034 0.299371 0.304878 0.395717 
0.003162 0.349134 0.233164 0.414540 
0.009146 0.320100 0.266843 0.403911 
0.049634 0.329021 0.221674 0.399671 
0.101456 0.378438 0.103243 0.416863 
0.097052 0.382973 0.102226 0.417750 
0.109189 0.367345 0.109000 0.414465 
0.099051 0.383776 0.105056 0.412117 
0.123383 0.361460 0.121211 0.393946 
0.069610 0.397823 0.110961 0.421606 
0.060381 0.399490 0.116717 0.423412 
0.072530 0.394967 0.115685 0.416819 
0.110862 0.378133 0.099365 0.411641 
0.099178 0.331855 0.154304 0.414663 
0.042170 0.362484 0.195102 0.400245 
0.035413 0.329195 0.231909 0.403483 
0.007361 0.310356 0.291482 0.390802 
0.040582 0.351164 0.259107 0.349147 
0.027301 0.373989 0.253874 0.344836 
0.008198 0.343012 0.317700 0.331090 
0.000856 0.342325 0.315997 0.340822 
0.000452 0.348643 0.328473 0.322433 
0.003435 0.331626 0.330527 0.334412 
0.029092 0.341692 0.268154 0.361062 
0.080703 0.356432 0.255942 0.306923 
0.071658 0.311690 0.315697 0.300955 
0.191796 0.360670 0.235360 0.212174 
0.114643 0.238740 0.313595 0.333021 
0.043429 0.275404 0.320845 0.360323 
0.184269 0.145008 0.306365 0.364359 
0.179146 0.159834 0.299849 0.361171 
0.246132 0.153356 0.222277 0.378235 
0.221907 0.211290 0.176540 0.390263 
0.155712 0.243033 0.209370 0.391885 
0.180136 0.144074 0.273024 0.402766 
0.119051 0.198145 0.298094 0.384710 
0.139203 0.154553 0.313903 0.392341 
0.188930 0.144774 0.270013 0.396284 
0.185032 0.163594 0.252044 0.399330 
0.228602 0.159543 0.215886 0.395969 
0.227067 0.162426 0.209757 0.400751 
0.232115 0.160006 0.212226 0.395653 
0.212648 0.156567 0.230461 0.400324 
0.247588 0.110362 0.235461 0.406589 
0.031416 0.336255 0.232304 0.400025 
0.145691 0.297072 0.150329 0.406908 
0.184996 0.324494 0.079850 0.410661 
0.214840 0.257777 0.114893 0.412490 
0.222294 0.133530 0.231439 0.412736 
0.230647 0.170339 0.186841 0.412173 
0.252440 0.177079 0.157532 0.412949 
0.244566 0.130655 0.212202 0.412576 
0.232904 0.204163 0.150435 0.412499 
0.205251 0.279636 0.102712 0.412401 
0.251805 0.175905 0.160132 0.412158 
0.235374 0.226916 0.125117 0.412594 
0.187127 0.214180 0.185831 0.412862 
0.223237 0.164136 0.199901 0.412725 
0.216064 0.131812 0.240250 0.411874 
0.200793 0.116773 0.270833 0.411601 
0.187456 0.148606 0.252605 0.411332 
0.126236 0.293332 0.168836 0.411596 
0.139320 0.221015 0.228134 0.411531 
0.169420 0.299533 0.120482 0.410566 
0.229364 0.214357 0.144314 0.411965 
0.236336 0.176230 0.175618 0.411816 
0.212906 0.195228 0.179281 0.412585 
0.190474 0.261615 0.138016 0.409894 
0.230041 0.145549 0.215364 0.409046 
0.248712 0.135079 0.205746 0.410462 
0.196651 0.171731 0.221671 0.409947 
0.238613 0.164949 0.184114 0.412325 
0.254284 0.166245 0.167480 0.411991 
0.259099 0.188454 0.140292 0.412155 
0.182068 0.251829 0.154684 0.411418 
0.242003 0.124213 0.222383 0.411400 
0.217212 0.193782 0.176223 0.412783 
0.249308 0.120822 0.217135 0.412735 
0.241510 0.110462 0.235346 0.412682 
0.256268 0.143037 0.187891 0.412803 
0.205682 0.122358 0.259967 0.411992 
0.193121 0.192992 0.201801 0.412086 
0.244469 0.071578 0.271866 0.412087 
0.265876 0.122209 0.199609 0.412307 
0.274191 0.119143 0.194110 0.412556 
0.277295 0.163914 0.146018 0.412772 
0.225110 0.309612 0.053548 0.411731 
0.280786 0.189301 0.117202 0.412711 
0.289164 0.141097 0.156885 0.412854 
0.266886 0.195076 0.125538 0.412500 
0.287808 0.139370 0.160160 0.412662 
0.265532 0.281082 0.042031 0.411355 
0.295018 0.141480 0.150878 0.412624 
0.298201 0.175352 0.114399 0.412048 
0.306535 0.143918 0.137166 0.412382 
0.311587 0.132777 0.142990 0.412646 
0.298336 0.111388 0.179006 0.411270 
0.299231 0.175001 0.114728 0.411040 
0.312434 0.150599 0.124651 0.412316 
0.307549 0.153841 0.126029 0.412581 
0.295851 0.098345 0.193487 0.412316 
0.269221 0.062291 0.256918 0.411571 
0.206023 0.097256 0.285863 0.410858 
0.265684 0.034628 0.288570 0.411118 
0.269645 0.027864 0.291346 0.411145 
0.205862 0.095584 0.287353 0.411201 
0.256193 0.074469 0.258942 0.410395 
0.141683 0.144861 0.302082 0.411375 
0.143430 0.156323 0.288312 0.411935 
0.164556 0.134716 0.289747 0.410980 
0.209017 0.057097 0.323848 0.410038 
0.203977 0.068678 0.315245 0.412101 
0.195220 0.069848 0.322705 0.412226 
0.194969 0.078006 0.315144 0.411881 
0.157306 0.124860 0.305619 0.412215 
0.201279 0.095115 0.291468 0.412137 
0.238795 0.100551 0.248153 0.412500 
0.162930 0.268610 0.156727 0.411733 
0.230579 0.143938 0.212878 0.412604 
0.104343 0.350808 0.132301 0.412549 
0.133848 0.243374 0.210309 0.412469 
0.274846 0.088260 0.224789 0.412105 
0.217964 0.116598 0.252997 0.412442 
0.187890 0.125025 0.274495 0.412590 
0.173995 0.166374 0.247773 0.411858 
0.252262 0.118072 0.219923 0.409743 
0.263460 0.148005 0.179744 0.408791 
0.227505 0.288585 0.076441 0.407470 
0.240990 0.095282 0.252765 0.410963 
0.151369 0.199441 0.237253 0.411937 
0.161113 0.152597 0.273908 0.412382 
0.191700 0.140567 0.255223 0.412511 
0.085542 0.274483 0.228269 0.411707 
0.064605 0.295461 0.229536 0.410397 
0.043650 0.293025 0.255713 0.407612 
0.225475 0.086853 0.280616 0.407056 
0.143942 0.143889 0.312144 0.400025 
0.160114 0.141538 0.307537 0.390810 
0.203420 0.109682 0.298119 0.388779 
0.168558 0.138837 0.298707 0.393898 
0.276861 0.096832 0.254390 0.371918 
0.290864 0.140658 0.235093 0.333386 
0.327143 0.094074 0.243098 0.335686 
0.347142 0.100310 0.205118 0.347429 
0.349770 0.153737 0.178993 0.317500 
0.348127 0.286734 0.155532 0.209607 
0.355396 0.091497 0.268889 0.284219 
0.340278 0.133417 0.249107 0.277199 
0.348221 0.188510 0.275434 0.187834 
0.346841 0.112105 0.283438 0.257616 
0.347580 0.169470 0.286683 0.196267 
0.358269 0.150436 0.318967 0.172328 
0.358304 0.123196 0.316889 0.201611 
0.362251 0.175725 0.328130 0.133894 
0.354229 0.127385 0.323820 0.194565 
0.349098 0.053664 0.314981 0.282257 
0.367140 0.141783 0.313530 0.177547 
0.360901 0.308415 0.305163 0.025520 
0.360819 0.274225 0.320249 0.044708 
0.359346 0.250584 0.323126 0.066944 
0.350496 0.094749 0.334028 0.220727 
0.317754 0.052521 0.339313 0.290413 
0.260627 0.067959 0.323829 0.347584 
0.237785 0.057524 0.333189 0.371502 
0.009021 0.320613 0.314296 0.356069 
0.101154 0.187132 0.336627 0.375087 
0.147138 0.166242 0.354115 0.332505 
0.144327 0.172224 0.354584 0.328865 
0.191696 0.211688 0.364544 0.232072 
0.134532 0.189524 0.355843 0.320101 
0.092365 0.205752 0.346150 0.355733 
0.029025 0.314887 0.341128 0.314961 
0.155017 0.342897 0.355503 0.146583 
0.139984 0.354450 0.349682 0.155884 
0.096238 0.331219 0.355995 0.216548 
0.115060 0.186817 0.341817 0.356306 
0.149757 0.149075 0.341215 0.359953 
0.029812 0.288007 0.322940 0.359241 
0.125717 0.165642 0.339675 0.368966 
0.134862 0.162819 0.343332 0.358987 
0.179763 0.102920 0.341633 0.375685 
0.140385 0.141018 0.330609 0.387988 
0.134312 0.142465 0.331396 0.391826 
0.019384 0.271861 0.315970 0.392785 
0.072476 0.198581 0.325834 0.403109 
0.125324 0.125120 0.340375 0.409180 
0.101315 0.157630 0.332981 0.408073 
0.129809 0.131282 0.330088 0.408821 
0.147762 0.109263 0.333593 0.409381 
0.124651 0.130323 0.336347 0.408679 
0.021090 0.257037 0.320690 0.401183 
0.097000 0.163598 0.333926 0.405476 
0.005702 0.286499 0.303011 0.404788 
0.006900 0.281245 0.309981 0.401874 
0.179233 0.084289 0.331591 0.404887 
0.082096 0.182238 0.331743 0.403923 
0.110964 0.152523 0.334009 0.402504 
0.136858 0.119575 0.336532 0.407035 
0.130693 0.128493 0.339260 0.401554 
0.130618 0.126927 0.335770 0.406685 
0.133999 0.124257 0.335553 0.406191 
0.176385 0.085850 0.330323 0.407442 
0.207155 0.063450 0.323421 0.405974 
0.201474 0.064806 0.329686 0.404033 
0.143434 0.120437 0.328556 0.407573 
0.018883 0.256793 0.317641 0.406683 
0.007661 0.287783 0.297452 0.407104 
0.006128 0.296698 0.288529 0.408645 
0.055553 0.227869 0.304865 0.411713 
0.048442 0.246403 0.293734 0.411421 
0.028277 0.293693 0.268547 0.409483 
0.019121 0.307001 0.263847 0.410031 
0.006947 0.340975 0.245483 0.406595 
0.017668 0.366209 0.207820 0.408303 
0.067744 0.355305 0.168640 0.408311 
0.150775 0.353845 0.087961 0.407419 
0.102217 0.356633 0.131849 0.409300 
0.115559 0.372838 0.107238 0.404365 
0.225840 0.358888 0.015627 0.399645 
0.204517 0.349942 0.043070 0.402470 
0.290008 0.311987 0.003780 0.394225 
0.321494 0.231461 0.064133 0.382912 
0.300928 0.339819 0.013023 0.346230 
0.307560 0.343291 0.023538 0.325612 
0.324921 0.345734 0.014982 0.314363 
0.280212 0.359033 0.144493 0.216263 
0.231617 0.224098 0.245615 0.298669 
0.282757 0.067009 0.301625 0.348609 
0.273989 0.088014 0.298191 0.339806 
0.086841 0.286440 0.273086 0.353634 
0.055819 0.324045 0.263744 0.356392 
0.109955 0.348189 0.194488 0.347368 
0.193198 0.336442 0.228498 0.241861 
0.131928 0.281823 0.316131 0.270118 
0.150934 0.286431 0.319085 0.243551 
0.244269 0.244259 0.328896 0.182577 
0.322537 0.245904 0.302918 0.128641 
0.265424 0.304363 0.267974 0.162239 
0.257104 0.104805 0.285142 0.352949 
0.302485 0.172069 0.157682 0.367764 
0.361946 0.218975 0.190884 0.228195 
0.364159 0.291426 0.253237 0.091178 
0.358869 0.132935 0.273183 0.235012 
0.363948 0.142765 0.232262 0.261025 
0.366156 0.099683 0.258668 0.275493 
0.371127 0.141206 0.241819 0.245849 
0.362427 0.172112 0.248444 0.217017 
0.330661 0.311502 0.242910 0.114926 
0.349167 0.243228 0.271598 0.136007 
0.355959 0.173057 0.284746 0.186237 
0.357410 0.185753 0.288113 0.168724 
0.366949 0.227145 0.269679 0.136226 
0.376445 0.167367 0.268804 0.187383 
0.371670 0.158069 0.193061 0.277200 
0.367938 0.186351 0.281455 0.164256 
0.351895 0.182020 0.119265 0.346820 
0.367815 0.119523 0.166544 0.346119 
0.364692 0.095666 0.177197 0.362445 
0.354573 0.266430 0.048809 0.330188 
0.354705 0.088875 0.227273 0.329147 
0.330788 0.092965 0.220079 0.356169 
0.352052 0.150272 0.233836 0.263840 
0.329358 0.168159 0.257545 0.244938 
0.316365 0.206030 0.257264 0.220340 
0.324934 0.226898 0.248066 0.200102 
0.328443 0.207200 0.217971 0.246386 
0.325754 0.227976 0.219475 0.226796 
0.342457 0.310999 0.189773 0.156771 
0.312128 0.328570 0.160521 0.198781 
0.327662 0.215726 0.206231 0.250381 
0.296397 0.225098 0.203857 0.274648 
0.318799 0.211112 0.252104 0.217985 
0.294447 0.232527 0.270518 0.202508 
0.253664 0.239598 0.270423 0.236315 
0.294749 0.240598 0.268237 0.196416 
0.196571 0.345939 0.189535 0.267955 
0.289910 0.306958 0.155569 0.247563 
0.337942 0.123873 0.210296 0.327889 
0.349055 0.123540 0.246805 0.280600 
0.356095 0.166481 0.219371 0.258053 
0.337812 0.238632 0.246902 0.176654 
0.270681 0.293951 0.233593 0.201774 
0.304549 0.272875 0.254684 0.167891 
0.333019 0.219978 0.249304 0.197699 
0.299721 0.163277 0.265376 0.271626 
0.344878 0.140985 0.255989 0.258148 
0.316636 0.261395 0.234515 0.187454 
0.313042 0.231674 0.259673 0.195610 
0.262922 0.207319 0.249551 0.280209 
0.183737 0.232706 0.225585 0.357972 
0.239156 0.252163 0.240250 0.268431 
0.242971 0.272455 0.244690 0.239885 
0.204147 0.203344 0.230887 0.361623 
0.230930 0.198736 0.224062 0.346272 
0.249660 0.283163 0.250493 0.216684 
0.292108 0.245197 0.227470 0.235225 
0.294141 0.281280 0.209177 0.215402 
0.331925 0.265290 0.208318 0.194467 
0.256020 0.183847 0.211672 0.348461 
0.250394 0.284756 0.192037 0.272813 
0.245425 0.248022 0.249692 0.256862 
0.253587 0.244780 0.249660 0.251972 
0.228901 0.307503 0.204861 0.258735 
0.256975 0.192673 0.208524 0.341829 
0.280913 0.229195 0.261825 0.228067 
0.259999 0.239563 0.255422 0.245016 
0.253174 0.247747 0.252889 0.246190 
0.317775 0.260802 0.218654 0.202769 
0.293017 0.197504 0.206159 0.303320 
0.235713 0.192193 0.204328 0.367767 
0.218178 0.277695 0.220607 0.283520 
0.192860 0.260159 0.191582 0.355400 
0.254576 0.215470 0.216080 0.313874 
0.156611 0.345312 0.156252 0.341825 
0.244020 0.267819 0.244276 0.243886 
0.213222 0.274344 0.224650 0.287785 
0.182716 0.339475 0.186581 0.291228 
0.231524 0.291604 0.230388 0.246484 
0.215658 0.277781 0.222138 0.284423 
0.139095 0.340220 0.175008 0.345677 
0.206644 0.268855 0.209752 0.314748 
0.164858 0.341682 0.183489 0.309971 
0.157781 0.322204 0.173917 0.346098 
0.095821 0.379569 0.178821 0.345788 
0.070624 0.377354 0.241871 0.310151 
0.158704 0.394305 0.204813 0.242178 
0.151381 0.388860 0.198002 0.261757 
0.192530 0.194893 0.248306 0.364270 
0.156487 0.216216 0.257872 0.369424 
0.140527 0.296699 0.237191 0.325583 
0.184830 0.180742 0.304169 0.330259 
0.221183 0.221666 0.303502 0.253649 
0.197845 0.234473 0.340195 0.227487 
0.158597 0.310634 0.339795 0.190974 
0.139171 0.170774 0.340582 0.349474 
0.175362 0.176182 0.314456 0.334000 
0.192575 0.175952 0.340445 0.291029 
0.192011 0.310202 0.326478 0.171309 
0.186645 0.336438 0.281114 0.195802 
0.252211 0.206593 0.330670 0.210526 
0.238049 0.215844 0.301069 0.245037 
0.210265 0.232066 0.308149 0.249520 
0.235161 0.240855 0.309926 0.214058 
0.117914 0.251989 0.272779 0.357317 
0.097535 0.290397 0.268800 0.343267 
0.126620 0.186149 0.320317 0.366914 
0.133755 0.145608 0.345397 0.375239 
0.178460 0.110405 0.339162 0.371972 
0.194876 0.147443 0.334895 0.322786 
0.207043 0.205187 0.350533 0.237238 
0.172113 0.259785 0.354853 0.213249 
0.214023 0.210274 0.358905 0.216799 
0.151147 0.202720 0.360482 0.285651 
0.117070 0.314297 0.355423 0.213210 
0.143355 0.240108 0.358477 0.258060 
0.130849 0.240606 0.320063 0.308482 
0.125041 0.290334 0.324603 0.260023 
0.077543 0.312384 0.346767 0.263306 
0.176256 0.327129 0.347106 0.149508 
0.123774 0.338909 0.351117 0.186199 
0.025745 0.329477 0.351709 0.293069 
0.138789 0.336156 0.352738 0.172316 
0.168657 0.307335 0.356791 0.167217 
0.154284 0.337725 0.361108 0.146883 
0.121800 0.368803 0.349075 0.160322 
0.008994 0.348380 0.341126 0.301500 
0.004144 0.355682 0.340257 0.299917 
0.001274 0.333686 0.329593 0.335447 
0.004417 0.340999 0.345272 0.309313 
0.040023 0.282933 0.370356 0.306688 
0.118051 0.215577 0.370932 0.295440 
0.185334 0.228991 0.371856 0.213818 
0.133510 0.160926 0.345808 0.359757 
0.130727 0.212251 0.314784 0.342238 
0.180231 0.235190 0.342310 0.242269 
0.214346 0.216810 0.351602 0.217242 
0.145252 0.267396 0.368804 0.218549 
0.070717 0.351276 0.354441 0.223567 
0.089131 0.364477 0.339786 0.206606 
0.143547 0.337472 0.364830 0.154151 
0.066454 0.306572 0.357033 0.269941 
0.232324 0.214511 0.361810 0.191356 
0.212291 0.288497 0.361927 0.137285 
0.143577 0.304787 0.363785 0.187851 
0.125472 0.329034 0.353374 0.192120 
0.045370 0.344488 0.349212 0.260929 
0.171376 0.339828 0.345314 0.143482 
0.007829 0.348693 0.329774 0.313704 
0.012956 0.370205 0.320506 0.296333 
0.032804 0.370823 0.280909 0.315463 
0.155639 0.400391 0.222789 0.221180 
0.114371 0.389869 0.241526 0.254233 
0.180118 0.378880 0.283541 0.157462 
0.106194 0.358963 0.286987 0.247856 
0.107922 0.320874 0.267676 0.303528 
0.206680 0.344846 0.240771 0.207703 
0.118135 0.331332 0.223080 0.327453 
0.103878 0.353805 0.203850 0.338468 
0.139360 0.367160 0.205175 0.288305 
0.122018 0.385534 0.202269 0.290179 
0.102959 0.382996 0.189206 0.324839 
0.151411 0.401487 0.265484 0.181618 
0.120717 0.394216 0.289166 0.195901 
0.060633 0.368390 0.225193 0.345784 
0.085838 0.368453 0.241800 0.303909 
0.106322 0.374924 0.181068 0.337686 
0.108851 0.353776 0.180802 0.356570 
0.142007 0.328159 0.243370 0.286464 
0.156730 0.344032 0.210990 0.288248 
0.178058 0.300364 0.176389 0.345189 
0.244402 0.226331 0.224808 0.304459 
0.220548 0.236419 0.226626 0.316408 
0.244112 0.251816 0.253803 0.250270 
0.220501 0.228277 0.238091 0.313130 
0.248559 0.253340 0.249533 0.248568 
0.207352 0.202227 0.236568 0.353853 
0.177075 0.273733 0.211217 0.337974 
0.155529 0.245550 0.237264 0.361656 
0.202867 0.201199 0.258693 0.337241 
0.226741 0.298698 0.235387 0.239175 
0.206696 0.264886 0.263741 0.264678 
0.129328 0.208684 0.356997 0.304992 
0.085804 0.215632 0.359253 0.339310 
0.133789 0.134471 0.380000 0.351740 
0.138911 0.143500 0.355346 0.362243 
0.105649 0.155143 0.397253 0.341956 
0.084590 0.141088 0.415785 0.358537 
0.086962 0.130542 0.416821 0.365674 
0.044206 0.214853 0.412694 0.328247 
0.122359 0.293624 0.413128 0.170889 
0.126970 0.328475 0.414547 0.130008 
0.136878 0.309025 0.413971 0.140125 
0.123984 0.367214 0.384608 0.124194 
0.127059 0.384097 0.350168 0.138675 
0.130726 0.389959 0.347987 0.131328 
0.110135 0.385674 0.335516 0.168675 
0.123683 0.388146 0.335073 0.153098 
0.136430 0.390689 0.331340 0.141542 
0.120240 0.403194 0.302222 0.174344 
0.187264 0.401128 0.236595 0.175012 
0.183928 0.391922 0.241857 0.182294 
0.195877 0.393066 0.205981 0.205076 
0.166700 0.406849 0.213718 0.212734 
0.206314 0.389169 0.185894 0.218624 
0.161658 0.393141 0.110317 0.334884 
0.152817 0.397984 0.123571 0.325628 
0.162834 0.413826 0.112519 0.310821 
0.075434 0.413641 0.255055 0.255870 
0.041529 0.418890 0.160299 0.379281 
0.022262 0.416755 0.188070 0.372913 
0.130248 0.413231 0.087878 0.368642 
0.089775 0.405793 0.142846 0.361586 
0.149960 0.412933 0.293518 0.143588 
0.075066 0.413338 0.329364 0.182231 
0.141057 0.413370 0.336996 0.108577 
0.132568 0.415277 0.343050 0.109105 
0.024626 0.387368 0.352352 0.235654 
0.148753 0.409642 0.357000 0.084604 
0.035001 0.413311 0.321860 0.229828 
0.088124 0.413662 0.345752 0.152462 
0.165132 0.411576 0.343175 0.080117 
0.136606 0.412125 0.335374 0.115895 
0.089659 0.408223 0.171012 0.331105 
0.005697 0.410514 0.284487 0.299302 
0.013523 0.413162 0.280793 0.292522 
0.186307 0.413320 0.220004 0.180369 
0.143534 0.413749 0.169535 0.273182 
0.051223 0.414053 0.222021 0.312703 
0.131710 0.414083 0.140763 0.313444 
0.073825 0.408162 0.166186 0.351827 
0.117517 0.404888 0.120753 0.356842 
0.125199 0.411267 0.133642 0.329892 
0.136287 0.403588 0.222108 0.238018 
0.102984 0.409057 0.339984 0.147975 
0.094411 0.404883 0.339660 0.161046 
0.004498 0.413524 0.273842 0.308136 
0.102444 0.411041 0.102701 0.383815 
0.115383 0.403908 0.116099 0.364611 
0.115395 0.403631 0.123135 0.357840 
0.069537 0.422879 0.079598 0.427985 
0.018469 0.375481 0.188106 0.417944 
0.002729 0.332032 0.270443 0.394797 
0.002593 0.329102 0.257717 0.410588 
0.028427 0.369374 0.184560 0.417639 
0.006980 0.356147 0.220223 0.416650 
0.033578 0.391952 0.152741 0.421728 
0.025346 0.373005 0.185608 0.416041 
0.019166 0.408927 0.156836 0.415071 
0.061753 0.417594 0.092450 0.428203 
0.030775 0.420666 0.155102 0.393456 
0.013225 0.418960 0.192294 0.375522 
0.074931 0.414777 0.179094 0.331198 
0.002922 0.413358 0.286317 0.297403 
0.034946 0.413684 0.289185 0.262185 
0.022874 0.413954 0.251778 0.311395 
0.019617 0.411451 0.287640 0.281291 
0.020218 0.414359 0.336458 0.228965 
0.121815 0.412432 0.341514 0.124240 
0.126266 0.410469 0.328423 0.134842 
0.049798 0.408886 0.359751 0.181566 
0.090656 0.415443 0.385076 0.108824 
0.083784 0.417461 0.423101 0.075655 
0.051769 0.407080 0.423394 0.117758 
0.066901 0.407139 0.438618 0.087342 
0.050590 0.406855 0.373671 0.168884 
0.026935 0.401652 0.354524 0.216889 
0.000239 0.412577 0.320288 0.266896 
0.001371 0.413863 0.252662 0.332103 
0.002629 0.410932 0.256084 0.330355 
0.122391 0.381048 0.283776 0.212785 
0.172624 0.411326 0.256518 0.159533 
0.162642 0.391732 0.220383 0.225242 
0.133286 0.398077 0.146898 0.321738 
0.116576 0.411456 0.113444 0.358524 
0.107536 0.415035 0.116503 0.360927 
0.069084 0.431429 0.066193 0.433295 
0.009972 0.461185 0.054166 0.474677 
0.022755 0.445633 0.077035 0.454577 
0.046768 0.437784 0.080337 0.435111 
0.066488 0.434502 0.066361 0.432649 
0.104381 0.406719 0.181958 0.306943 
0.093421 0.415337 0.143722 0.347520 
0.129526 0.414658 0.125317 0.330499 
0.136015 0.414131 0.128903 0.320952 
0.201458 0.401840 0.195603 0.201099 
0.193212 0.413605 0.210521 0.182662 
0.199552 0.411518 0.193703 0.195226 
0.189731 0.413666 0.210431 0.186171 
0.170095 0.411606 0.170728 0.247571 
0.135944 0.395990 0.208748 0.259319 
0.088614 0.399625 0.255891 0.255871 
0.067462 0.383725 0.296402 0.252411 
0.171687 0.378339 0.180956 0.269019 
0.195920 0.385345 0.188762 0.229974 
0.190053 0.398500 0.205183 0.206264 
0.139614 0.388236 0.149284 0.322866 
0.126465 0.402953 0.146505 0.324077 
0.168189 0.412134 0.137040 0.282636 
0.154819 0.412669 0.283412 0.149100 
0.170718 0.402458 0.134271 0.292554 
0.242754 0.400450 0.162221 0.194575 
0.199077 0.387363 0.270709 0.142851 
0.006510 0.363180 0.330729 0.299581 
0.000766 0.369651 0.326020 0.303563 
0.009551 0.361002 0.270272 0.359174 
0.014284 0.385821 0.212135 0.387759 
0.001284 0.351748 0.265795 0.381173 
0.023882 0.351261 0.225281 0.399576 
0.000627 0.360695 0.245256 0.393422 
0.001056 0.397182 0.204771 0.396992 
0.015086 0.425383 0.142141 0.417390 
0.001267 0.413022 0.182257 0.403454 
0.000748 0.396123 0.206541 0.396587 
0.000788 0.396391 0.215896 0.386924 
0.093090 0.427057 0.055620 0.424233 
0.040031 0.433149 0.096514 0.430306 
0.097583 0.433357 0.025690 0.443370 
0.087745 0.428218 0.060023 0.424014 
0.133529 0.422410 0.047256 0.396805 
0.163082 0.417719 0.048307 0.370892 
0.106488 0.414693 0.144310 0.334509 
0.051261 0.412077 0.218142 0.318520 
0.021430 0.395719 0.254386 0.328465 
0.137763 0.407014 0.096567 0.358657 
0.144516 0.411705 0.107205 0.336575 
0.102745 0.408894 0.153214 0.335147 
0.139184 0.411894 0.122262 0.326660 
0.120504 0.396549 0.165518 0.317428 
0.162293 0.371775 0.152014 0.313918 
0.133648 0.369660 0.260326 0.236366 
0.167840 0.385158 0.210064 0.236938 
0.182224 0.384274 0.219056 0.214446 
0.152012 0.390617 0.251779 0.205592 
0.159503 0.377282 0.325046 0.138169 
0.167027 0.389264 0.273918 0.169791 
0.170178 0.396822 0.173461 0.259539 
0.145677 0.396759 0.213032 0.244533 
0.182350 0.407997 0.192425 0.217228 
0.143578 0.399301 0.160176 0.296945 
0.170726 0.403902 0.237434 0.187938 
0.192638 0.396446 0.220260 0.190656 
0.159764 0.404367 0.276301 0.159569 
0.168775 0.395013 0.247138 0.189073 
0.152778 0.370072 0.167453 0.309697 
0.167266 0.374103 0.254134 0.204497 
0.139620 0.385966 0.145249 0.329165 
0.055875 0.359352 0.300675 0.284098 
0.103175 0.386222 0.288508 0.222095 
0.150072 0.375306 0.340497 0.134125 
0.143402 0.369317 0.348858 0.138423 
0.175927 0.379124 0.237444 0.207504 
0.135138 0.379003 0.190968 0.294890 
0.087255 0.361233 0.254557 0.296955 
0.185168 0.341915 0.185638 0.287279 
0.215217 0.244531 0.219830 0.320422 
0.215732 0.194493 0.281232 0.308543 
0.261060 0.244185 0.250918 0.243837 
0.204909 0.220150 0.264230 0.310711 
0.200696 0.161681 0.281543 0.356079 
0.241720 0.197762 0.290389 0.270129 
0.267086 0.239596 0.252920 0.240399 
0.263232 0.243340 0.243115 0.250314 
0.261581 0.243099 0.249825 0.245495 
0.237092 0.237247 0.257919 0.267742 
0.251593 0.251279 0.248817 0.248311 
0.249579 0.249784 0.250130 0.250507 
0.214350 0.255697 0.311238 0.218715 
0.232989 0.263849 0.259125 0.244038 
0.223790 0.254525 0.245876 0.275809 
0.236734 0.259566 0.265307 0.238393 
0.158187 0.167738 0.331120 0.342955 
0.182378 0.163964 0.361062 0.292596 
0.175221 0.206104 0.278658 0.340017 
0.169615 0.285161 0.189657 0.355567 
0.135995 0.292586 0.194867 0.376552 
0.152150 0.268148 0.209509 0.370192 
0.115972 0.294758 0.227153 0.362117 
0.102428 0.307686 0.228205 0.361681 
0.189995 0.286730 0.187632 0.335643 
