0.172943 0.170090 0.489821 0.167147 
0.229747 0.209138 0.355129 0.205986 
0.139733 0.135512 0.581968 0.142788 
0.009105 0.009100 0.970759 0.011036 
0.060770 0.061362 0.475713 0.402155 
0.004863 0.004911 0.047696 0.942530 
0.000249 0.000230 0.004041 0.995481 
0.000081 0.000072 0.005488 0.994359 
0.000023 0.000021 0.831918 0.168037 
0.000000 0.000000 0.224968 0.775032 
0.000000 0.000000 0.787619 0.212381 
0.000000 0.000000 0.299364 0.700636 
0.000000 0.000000 0.011935 0.988065 
0.000000 0.000000 0.210517 0.789483 
0.000000 0.000000 0.944885 0.055115 
0.000000 0.000000 0.800018 0.199981 
0.000000 0.000000 0.913821 0.086178 
0.000000 0.000000 0.499126 0.500874 
0.000000 0.000000 0.564541 0.435458 
0.000001 0.000000 0.562606 0.437393 
0.000000 0.000000 0.765995 0.234004 
0.000000 0.000000 0.766705 0.233295 
0.000000 0.000000 0.115136 0.884863 
0.000000 0.000000 0.666343 0.333656 
0.000000 0.000000 0.807594 0.192406 
0.000000 0.000000 0.498882 0.501118 
0.000000 0.000000 0.656097 0.343903 
0.000000 0.000000 0.566624 0.433376 
0.000001 0.000000 0.228895 0.771105 
0.000000 0.000000 0.877579 0.122421 
0.000000 0.000000 0.375511 0.624489 
0.000000 0.000000 0.349236 0.650764 
0.000000 0.000000 0.360551 0.639449 
0.000000 0.000000 0.558834 0.441166 
0.000000 0.000000 0.516783 0.483217 
0.000000 0.000000 0.674066 0.325934 
0.000000 0.000000 0.327446 0.672554 
0.000000 0.000000 0.261304 0.738696 
0.000000 0.000000 0.540269 0.459731 
0.000000 0.000000 0.487129 0.512871 
0.000000 0.000000 0.698556 0.301444 
0.000000 0.000000 0.820541 0.179459 
0.000000 0.000000 0.338684 0.661316 
0.000000 0.000000 0.210312 0.789688 
0.000000 0.000000 0.705106 0.294894 
0.000000 0.000000 0.464629 0.535371 
0.000000 0.000000 0.701638 0.298362 
0.000000 0.000000 0.827027 0.172973 
0.000000 0.000000 0.977584 0.022416 
0.000000 0.000000 0.711781 0.288219 
0.000000 0.000000 0.110886 0.889114 
0.000000 0.000000 0.454836 0.545164 
0.000000 0.000000 0.267411 0.732589 
0.000000 0.000000 0.499956 0.500044 
0.000000 0.000000 0.369161 0.630839 
0.000000 0.000000 0.781987 0.218013 
0.000000 0.000000 0.054422 0.945578 
0.000000 0.000000 0.210331 0.789669 
0.000000 0.000000 0.620296 0.379704 
0.000000 0.000000 0.624574 0.375426 
0.000000 0.000000 0.358223 0.641777 
0.000000 0.000000 0.484568 0.515432 
0.000000 0.000000 0.050446 0.949554 
0.000000 0.000000 0.979920 0.020080 
0.000000 0.000000 0.083649 0.916351 
0.000000 0.000000 0.616790 0.383210 
0.000000 0.000000 0.408383 0.591616 
0.000000 0.000000 0.617516 0.382483 
0.000000 0.000000 0.534983 0.465017 
0.000000 0.000000 0.450257 0.549743 
0.000000 0.000000 0.439950 0.560050 
0.000000 0.000000 0.255434 0.744566 
0.000000 0.000000 0.039696 0.960304 
0.000000 0.000000 0.315024 0.684976 
0.000000 0.000000 0.875068 0.124932 
0.000000 0.000000 0.795718 0.204282 
0.000000 0.000000 0.305423 0.694577 
0.000000 0.000000 0.021664 0.978336 
0.000000 0.000000 0.868973 0.131027 
0.000000 0.000000 0.500839 0.499161 
0.000000 0.000000 0.506295 0.493705 
0.000000 0.000000 0.448498 0.551502 
0.000000 0.000000 0.315613 0.684387 
0.000000 0.000000 0.501557 0.498443 
0.000000 0.000000 0.522574 0.477426 
0.000000 0.000000 0.473961 0.526039 
0.000000 0.000000 0.533478 0.466522 
0.000000 0.000000 0.578516 0.421484 
0.000000 0.000000 0.978482 0.021518 
0.000000 0.000000 0.848714 0.151286 
0.000000 0.000000 0.644008 0.355992 
0.000000 0.000000 0.505671 0.494329 
0.000000 0.000000 0.701523 0.298477 
0.000000 0.000000 0.465040 0.534960 
0.000000 0.000000 0.403594 0.596406 
0.000001 0.000000 0.033073 0.966926 
0.000000 0.000000 0.732364 0.267636 
0.000000 0.000000 0.598753 0.401247 
0.000000 0.000000 0.432283 0.567717 
0.000000 0.000000 0.507938 0.492062 
0.000000 0.000000 0.493222 0.506778 
0.000000 0.000000 0.498701 0.501299 
0.000000 0.000000 0.551761 0.448239 
0.000000 0.000000 0.003877 0.996123 
0.000000 0.000000 0.002840 0.997160 
0.000000 0.000000 0.008327 0.991673 
0.000000 0.000000 0.239560 0.760440 
0.000000 0.000000 0.204027 0.795973 
0.000000 0.000000 0.765143 0.234857 
0.000000 0.000000 0.072732 0.927268 
0.000000 0.000000 0.017046 0.982954 
0.000000 0.000000 0.008273 0.991727 
0.000000 0.000000 0.000341 0.999659 
0.000000 0.000000 0.005538 0.994462 
0.000000 0.000000 0.166974 0.833026 
0.000000 0.000000 0.497703 0.502297 
0.000000 0.000000 0.503778 0.496222 
0.000000 0.000000 0.496013 0.503987 
0.000000 0.000000 0.426385 0.573614 
0.000000 0.000000 0.575967 0.424033 
0.000000 0.000000 0.381925 0.618075 
0.000000 0.000000 0.616934 0.383065 
0.000000 0.000001 0.443126 0.556873 
0.000000 0.000010 0.034940 0.965050 
0.000000 0.000002 0.172842 0.827155 
0.000000 0.000026 0.116980 0.882994 
0.000000 0.000040 0.264378 0.735582 
0.000000 0.000007 0.007459 0.992535 
0.000000 0.000003 0.000000 0.999997 
0.000000 0.000024 0.105783 0.894193 
0.000000 0.000082 0.986607 0.013311 
0.000000 0.000131 0.872911 0.126958 
0.000000 0.002088 0.524189 0.473723 
0.000000 0.000505 0.562491 0.437004 
0.000000 0.005462 0.076009 0.918529 
0.000000 0.009287 0.977050 0.013663 
0.000000 0.020443 0.486536 0.493021 
0.000000 0.090475 0.245677 0.663848 
0.000000 0.044631 0.485059 0.470310 
0.000000 0.033697 0.433375 0.532928 
0.000000 0.127924 0.221230 0.650846 
0.000000 0.127514 0.372917 0.499569 
0.000000 0.143323 0.277414 0.579264 
0.000000 0.387175 0.114859 0.497966 
0.000000 0.095214 0.228680 0.676106 
0.000000 0.004277 0.490364 0.505359 
0.000000 0.001380 0.688986 0.309634 
0.000000 0.000428 0.829541 0.170031 
0.000000 0.000260 0.723861 0.275879 
0.000000 0.000354 0.562835 0.436811 
0.000000 0.000585 0.448702 0.550713 
0.000000 0.000135 0.556189 0.443677 
0.000000 0.003149 0.972666 0.024184 
0.000000 0.005268 0.993998 0.000734 
0.000000 0.001573 0.998412 0.000014 
0.000000 0.003992 0.995665 0.000343 
0.000001 0.004822 0.903573 0.091604 
0.000000 0.017518 0.789187 0.193294 
0.000001 0.075896 0.904845 0.019258 
0.000002 0.024602 0.192259 0.783137 
0.000000 0.004173 0.286492 0.709335 
0.000000 0.001495 0.364298 0.634206 
0.000000 0.001401 0.921151 0.077448 
0.000000 0.020757 0.518236 0.461007 
0.000000 0.022096 0.104238 0.873666 
0.000000 0.000104 0.750674 0.249221 
0.000001 0.001075 0.959283 0.039642 
0.000000 0.002997 0.944859 0.052144 
0.000000 0.000684 0.991166 0.008150 
0.000000 0.000493 0.986929 0.012577 
0.000000 0.001155 0.996978 0.001867 
0.000000 0.000392 0.999222 0.000387 
0.000000 0.008426 0.990511 0.001064 
0.000000 0.006138 0.990258 0.003604 
0.000000 0.047086 0.951086 0.001828 
0.000000 0.031659 0.965630 0.002710 
0.000000 0.073206 0.926778 0.000016 
0.000000 0.011831 0.987639 0.000529 
0.000000 0.007387 0.990315 0.002297 
0.000000 0.003573 0.995529 0.000898 
0.000000 0.019353 0.975505 0.005142 
0.000000 0.004946 0.994425 0.000630 
0.000000 0.020316 0.979057 0.000627 
0.000000 0.015484 0.984508 0.000008 
0.000000 0.026288 0.959174 0.014539 
0.000000 0.000708 0.981052 0.018240 
0.000000 0.002317 0.534765 0.462917 
0.000000 0.000331 0.618958 0.380711 
0.000000 0.000927 0.720457 0.278616 
0.000000 0.000326 0.751838 0.247836 
0.000000 0.000273 0.970706 0.029021 
0.000000 0.000104 0.998844 0.001053 
0.000000 0.001225 0.998399 0.000375 
0.000000 0.003610 0.996311 0.000078 
0.000000 0.000619 0.999379 0.000002 
0.000000 0.000057 0.999943 0.000000 
0.000000 0.005001 0.994998 0.000001 
0.000000 0.000570 0.999430 0.000000 
0.000000 0.000178 0.999822 0.000000 
0.000000 0.000031 0.999969 0.000000 
0.000000 0.000953 0.999047 0.000000 
0.000000 0.229127 0.770871 0.000002 
0.000000 0.223365 0.776635 0.000000 
0.000000 0.751279 0.248721 0.000000 
0.000000 0.838160 0.161840 0.000000 
0.000000 0.557377 0.442610 0.000013 
0.000000 0.580747 0.418571 0.000682 
0.000000 0.456515 0.537661 0.005825 
0.000000 0.395539 0.603548 0.000913 
0.000000 0.492769 0.501462 0.005769 
0.000000 0.356932 0.313922 0.329146 
0.000000 0.313512 0.352815 0.333672 
0.000000 0.272140 0.715391 0.012469 
0.000000 0.435875 0.464622 0.099503 
0.000000 0.402854 0.153730 0.443416 
0.000000 0.411466 0.299862 0.288673 
0.000000 0.327883 0.381149 0.290968 
0.000000 0.308850 0.566023 0.125127 
0.000000 0.502479 0.470352 0.027169 
0.000000 0.161150 0.838433 0.000418 
0.000000 0.460338 0.531395 0.008267 
0.000000 0.506872 0.482054 0.011074 
0.000000 0.551843 0.448095 0.000062 
0.000000 0.233290 0.766709 0.000002 
0.000000 0.324016 0.675980 0.000004 
0.000000 0.487825 0.512172 0.000003 
0.000000 0.508262 0.491661 0.000077 
0.000000 0.577391 0.422609 0.000000 
0.000000 0.726117 0.273873 0.000010 
0.000000 0.313055 0.686941 0.000003 
0.000000 0.053479 0.946521 0.000000 
0.000000 0.542311 0.457679 0.000010 
0.000000 0.426343 0.573604 0.000053 
0.000000 0.459283 0.540602 0.000115 
0.000000 0.514639 0.485172 0.000189 
0.000000 0.425957 0.552517 0.021526 
0.000000 0.001230 0.987789 0.010982 
0.000000 0.131429 0.868394 0.000177 
0.000000 0.486763 0.513198 0.000039 
0.000000 0.320910 0.678459 0.000631 
0.000000 0.521595 0.478295 0.000110 
0.000000 0.585110 0.414182 0.000709 
0.000000 0.845955 0.154031 0.000014 
0.000000 0.785310 0.214688 0.000003 
0.000000 0.223880 0.776120 0.000000 
0.000000 0.762918 0.237082 0.000000 
0.000000 0.955740 0.044260 0.000000 
0.000000 0.848392 0.151608 0.000000 
0.000000 0.097792 0.902208 0.000000 
0.000000 0.887804 0.112196 0.000000 
0.000000 0.978852 0.021148 0.000000 
0.000000 0.319495 0.680504 0.000001 
0.000000 0.172938 0.827060 0.000001 
0.000000 0.709635 0.290365 0.000000 
0.000000 0.662418 0.337581 0.000000 
0.000000 0.205266 0.794734 0.000000 
0.000000 0.016805 0.983195 0.000000 
0.000000 0.214608 0.785392 0.000000 
0.000000 0.505461 0.494539 0.000000 
0.000000 0.250566 0.749434 0.000000 
0.000000 0.332786 0.667214 0.000000 
0.000000 0.391502 0.608498 0.000000 
0.000000 0.530491 0.469509 0.000000 
0.000000 0.642688 0.357312 0.000000 
0.000000 0.305598 0.694402 0.000000 
0.000000 0.295252 0.704748 0.000000 
0.000000 0.497790 0.502210 0.000000 
0.000000 0.545480 0.454520 0.000000 
0.000000 0.648115 0.351885 0.000000 
0.000000 0.520880 0.479120 0.000000 
0.000000 0.554495 0.445505 0.000000 
0.000000 0.489963 0.510037 0.000000 
0.000000 0.446514 0.553486 0.000000 
0.000000 0.448921 0.551079 0.000000 
0.000000 0.507857 0.492143 0.000000 
0.000000 0.473024 0.526976 0.000000 
0.000000 0.606834 0.393166 0.000000 
0.000000 0.563412 0.436587 0.000001 
0.000000 0.280227 0.719773 0.000000 
0.000000 0.385587 0.614413 0.000000 
0.000000 0.208799 0.791200 0.000000 
0.000000 0.415235 0.584765 0.000000 
0.000000 0.644182 0.355818 0.000000 
0.000000 0.741523 0.258477 0.000000 
0.000000 0.897237 0.102763 0.000000 
0.000000 0.823344 0.176656 0.000000 
0.000000 0.349605 0.650395 0.000000 
0.000000 0.851471 0.148529 0.000000 
0.000000 0.551448 0.448552 0.000000 
0.000000 0.722077 0.277923 0.000000 
0.000000 0.162266 0.837733 0.000000 
0.000000 0.296358 0.703642 0.000000 
0.000000 0.428210 0.571790 0.000000 
0.000000 0.267107 0.732893 0.000000 
0.000000 0.460975 0.539025 0.000000 
0.000000 0.086472 0.913528 0.000000 
0.000000 0.698744 0.301256 0.000000 
0.000000 0.677502 0.322498 0.000000 
0.000000 0.001268 0.998732 0.000000 
0.000000 0.845361 0.154639 0.000000 
0.000000 0.871058 0.128942 0.000000 
0.000000 0.719425 0.280575 0.000000 
0.000000 0.564865 0.435135 0.000000 
0.000000 0.696910 0.303090 0.000000 
0.000000 0.748625 0.251375 0.000000 
0.000000 0.730846 0.269154 0.000000 
0.000000 0.733989 0.266011 0.000000 
0.000000 0.777405 0.222594 0.000000 
0.000002 0.660162 0.339836 0.000000 
0.000016 0.747394 0.252590 0.000000 
0.000405 0.416830 0.582764 0.000000 
0.000244 0.883334 0.116422 0.000000 
0.005372 0.874681 0.119948 0.000000 
0.018894 0.884430 0.096676 0.000000 
0.140871 0.623014 0.236115 0.000000 
0.564567 0.169835 0.265598 0.000000 
0.302395 0.474286 0.223319 0.000000 
0.229686 0.575931 0.194383 0.000000 
0.521958 0.339658 0.138384 0.000000 
0.453938 0.402193 0.143868 0.000000 
0.385399 0.499729 0.114872 0.000000 
0.320879 0.531116 0.148005 0.000000 
0.354298 0.491054 0.154647 0.000000 
0.528104 0.043665 0.428230 0.000000 
0.335163 0.150853 0.513932 0.000052 
0.260751 0.384558 0.354606 0.000084 
0.240118 0.467302 0.292574 0.000005 
0.067332 0.792299 0.140310 0.000059 
0.026531 0.921260 0.049127 0.003082 
0.676934 0.263565 0.057946 0.001555 
0.675882 0.205529 0.115112 0.003476 
0.828158 0.037446 0.119761 0.014636 
0.802683 0.059040 0.126651 0.011625 
0.782643 0.031888 0.145606 0.039863 
0.440489 0.441000 0.110485 0.008025 
0.741537 0.046272 0.203466 0.008726 
0.377052 0.333245 0.243976 0.045727 
0.476877 0.285853 0.233975 0.003295 
0.595361 0.032235 0.318946 0.053457 
0.419123 0.343400 0.227810 0.009666 
0.275379 0.338603 0.380449 0.005568 
0.180885 0.486492 0.331864 0.000758 
0.330229 0.403776 0.265146 0.000849 
0.245138 0.454989 0.288763 0.011110 
0.032531 0.428355 0.450030 0.089084 
0.335263 0.322081 0.302035 0.040620 
0.330641 0.141991 0.352513 0.174855 
0.207651 0.304974 0.182454 0.304922 
0.153009 0.031253 0.326451 0.489286 
0.253680 0.281659 0.183087 0.281574 
0.323265 0.244780 0.288982 0.142973 
0.487543 0.039275 0.382717 0.090465 
0.344885 0.063097 0.256625 0.335394 
0.346768 0.051621 0.295839 0.305772 
0.276115 0.207692 0.214119 0.302074 
0.250399 0.308275 0.139203 0.302123 
0.133309 0.247897 0.178213 0.440581 
0.378958 0.019956 0.282664 0.318422 
0.284191 0.012350 0.291267 0.412191 
0.053437 0.243050 0.182835 0.520678 
0.073378 0.009164 0.284284 0.633174 
0.020725 0.198049 0.166847 0.614378 
0.006342 0.092498 0.260059 0.641102 
0.000380 0.433634 0.052218 0.513767 
0.002021 0.887276 0.077692 0.033011 
0.124509 0.453448 0.100367 0.321677 
0.283944 0.225591 0.268410 0.222055 
0.166755 0.437126 0.054662 0.341457 
0.436715 0.511117 0.035199 0.016969 
0.233766 0.649451 0.046580 0.070203 
0.200708 0.717804 0.069678 0.011810 
0.518726 0.352620 0.122776 0.005878 
0.546370 0.331082 0.121097 0.001451 
0.604348 0.184398 0.085361 0.125893 
0.692719 0.026268 0.082351 0.198662 
0.536111 0.093493 0.093042 0.277354 
0.409666 0.370766 0.073681 0.145887 
0.203144 0.522704 0.094549 0.179603 
0.139004 0.044254 0.100863 0.715879 
0.181453 0.365910 0.255249 0.197388 
0.401421 0.250303 0.334725 0.013551 
0.078669 0.306226 0.367743 0.247362 
0.064477 0.369779 0.205119 0.360626 
0.211987 0.249708 0.195737 0.342568 
0.475423 0.027982 0.412990 0.083605 
0.357557 0.003709 0.564006 0.074727 
0.266497 0.005098 0.726121 0.002283 
0.583880 0.000086 0.412280 0.003754 
0.466959 0.005448 0.451543 0.076050 
0.165913 0.062115 0.315047 0.456925 
0.100967 0.506210 0.250810 0.142013 
0.056930 0.603651 0.332810 0.006609 
0.062280 0.598591 0.311044 0.028086 
0.071951 0.253633 0.549715 0.124701 
0.002322 0.588873 0.388565 0.020240 
0.000346 0.406349 0.169981 0.423324 
0.000802 0.461372 0.237966 0.299860 
0.000031 0.627562 0.173220 0.199187 
0.000723 0.752725 0.227292 0.019260 
0.006905 0.360190 0.196576 0.436329 
0.000909 0.434282 0.254280 0.310528 
0.012808 0.576297 0.368860 0.042035 
0.000986 0.470748 0.463234 0.065033 
0.000251 0.443150 0.502791 0.053808 
0.000276 0.005505 0.795395 0.198824 
0.016071 0.648929 0.141942 0.193059 
0.023465 0.603954 0.109135 0.263446 
0.460935 0.224785 0.098711 0.215569 
0.189034 0.447515 0.166458 0.196993 
0.593513 0.039614 0.166302 0.200571 
0.622787 0.075834 0.080805 0.220574 
0.411771 0.503751 0.055687 0.028791 
0.409197 0.504423 0.051505 0.034875 
0.522061 0.349335 0.060819 0.067785 
0.768647 0.121819 0.062405 0.047129 
0.567080 0.033339 0.231494 0.168087 
0.401597 0.235450 0.132699 0.230254 
0.041703 0.400832 0.183012 0.374454 
0.107136 0.088020 0.146348 0.658496 
0.010314 0.153276 0.041872 0.794538 
0.129515 0.399664 0.067670 0.403151 
0.232361 0.222642 0.042427 0.502570 
0.085703 0.144864 0.079942 0.689490 
0.048796 0.789189 0.045519 0.116496 
0.040812 0.579737 0.058609 0.320842 
0.441610 0.306811 0.027398 0.224181 
0.490717 0.235473 0.059699 0.214112 
0.702586 0.080086 0.167380 0.049948 
0.010799 0.008176 0.202479 0.778546 
0.001792 0.148599 0.142189 0.707420 
0.000122 0.013464 0.155610 0.830804 
0.000091 0.379121 0.488163 0.132625 
0.000084 0.553161 0.401921 0.044834 
0.001680 0.491818 0.317753 0.188749 
0.001000 0.134911 0.654473 0.209616 
0.001882 0.721376 0.150671 0.126071 
0.070151 0.441753 0.284501 0.203595 
0.546963 0.041967 0.282600 0.128469 
0.609233 0.001992 0.187960 0.200815 
0.319334 0.000506 0.527099 0.153061 
0.493556 0.020789 0.290176 0.195480 
0.358764 0.090182 0.417198 0.133856 
0.409743 0.201152 0.343274 0.045831 
0.454994 0.006623 0.528917 0.009466 
0.524114 0.013344 0.437835 0.024707 
0.527108 0.036469 0.410732 0.025692 
0.430097 0.051671 0.504963 0.013269 
0.157720 0.259176 0.514063 0.069041 
0.012359 0.425959 0.430336 0.131346 
0.359515 0.193521 0.415138 0.031825 
0.505091 0.099410 0.374785 0.020715 
0.355623 0.022269 0.606764 0.015344 
0.132852 0.187328 0.607568 0.072252 
0.451327 0.234074 0.258934 0.055665 
0.489060 0.220018 0.219063 0.071858 
0.337077 0.406783 0.176793 0.079347 
0.359171 0.350913 0.129982 0.159934 
0.344897 0.321227 0.162067 0.171809 
0.420270 0.180663 0.306551 0.092517 
0.420070 0.013943 0.522846 0.043141 
0.214102 0.104880 0.412897 0.268122 
0.411245 0.359723 0.162973 0.066059 
0.430855 0.432304 0.117099 0.019742 
0.393921 0.146002 0.364178 0.095899 
0.207107 0.469122 0.219672 0.104099 
0.405119 0.410132 0.169290 0.015459 
0.195469 0.481637 0.211866 0.111028 
0.168100 0.539710 0.227022 0.065168 
0.048666 0.628234 0.243838 0.079261 
0.004293 0.576083 0.310087 0.109537 
0.070306 0.245758 0.445004 0.238932 
0.057650 0.015254 0.729517 0.197579 
0.017934 0.281918 0.459584 0.240564 
0.010010 0.517533 0.434911 0.037546 
0.214471 0.432717 0.334499 0.018313 
0.094788 0.316789 0.569917 0.018506 
0.087926 0.440160 0.450855 0.021059 
0.257929 0.256676 0.292845 0.192550 
0.227260 0.310433 0.292082 0.170225 
0.229708 0.240077 0.203118 0.327096 
0.224909 0.002017 0.375691 0.397384 
0.122581 0.005452 0.347140 0.524827 
0.218626 0.118672 0.266399 0.396303 
0.270414 0.139085 0.246933 0.343568 
0.029067 0.401566 0.260865 0.308502 
0.006611 0.116404 0.679540 0.197445 
0.039855 0.219006 0.632451 0.108688 
0.001965 0.087265 0.486807 0.423963 
0.054532 0.149615 0.684539 0.111315 
0.043296 0.292969 0.246041 0.417695 
0.008200 0.276085 0.320973 0.394742 
0.012299 0.091805 0.371725 0.524171 
0.063382 0.026826 0.369432 0.540361 
0.027097 0.360471 0.245163 0.367269 
0.001525 0.102470 0.351704 0.544302 
0.000485 0.309005 0.276087 0.414423 
0.012708 0.328117 0.233976 0.425200 
0.020157 0.289223 0.180570 0.510050 
0.000005 0.411322 0.196446 0.392226 
0.000020 0.014061 0.380187 0.605732 
0.000022 0.080174 0.380040 0.539764 
0.012085 0.019889 0.106176 0.861850 
0.474867 0.000260 0.065660 0.459214 
0.252024 0.131981 0.121433 0.494562 
0.439246 0.014803 0.051353 0.494598 
0.413137 0.156565 0.024705 0.405592 
0.164358 0.408178 0.006066 0.421399 
0.143042 0.430139 0.038785 0.388035 
0.393672 0.213364 0.027562 0.365401 
0.264085 0.253421 0.042556 0.439937 
0.296941 0.369481 0.010077 0.323502 
0.334655 0.306346 0.018426 0.340574 
0.333069 0.093842 0.056147 0.516942 
0.183429 0.318972 0.187817 0.309782 
0.023674 0.213153 0.213209 0.549964 
0.272019 0.326156 0.240044 0.161781 
0.021714 0.372772 0.364689 0.240825 
0.202383 0.300185 0.300450 0.196982 
0.198441 0.228286 0.310185 0.263087 
0.295440 0.107088 0.331854 0.265618 
0.312652 0.077033 0.175564 0.434751 
0.252696 0.348630 0.103562 0.295112 
0.151141 0.453914 0.092965 0.301980 
0.012607 0.590717 0.065880 0.330796 
0.000032 0.449958 0.380913 0.169097 
0.010527 0.320057 0.543024 0.126392 
0.387234 0.125203 0.340505 0.147057 
0.076042 0.264556 0.477154 0.182248 
0.291743 0.014952 0.600122 0.093182 
0.390079 0.055462 0.494261 0.060198 
0.423619 0.050846 0.474862 0.050673 
0.263240 0.030521 0.625499 0.080739 
0.461885 0.068627 0.422364 0.047124 
0.380936 0.198239 0.344367 0.076458 
0.242522 0.374206 0.303545 0.079727 
0.478850 0.139851 0.275396 0.105903 
0.405219 0.124288 0.374343 0.096150 
0.042422 0.421837 0.360065 0.175676 
0.055989 0.393963 0.376696 0.173352 
0.003399 0.362799 0.391368 0.242434 
0.015584 0.428076 0.181885 0.374455 
0.013248 0.490318 0.064585 0.431848 
0.027221 0.350260 0.102357 0.520162 
0.203790 0.293679 0.060822 0.441708 
0.167064 0.350184 0.035719 0.447033 
0.327574 0.288592 0.076021 0.307812 
0.279090 0.345634 0.040095 0.335180 
0.357092 0.226633 0.039722 0.376553 
0.237583 0.407400 0.022410 0.332606 
0.315734 0.383832 0.033999 0.266435 
0.071185 0.499164 0.092983 0.336668 
0.341193 0.220815 0.153068 0.284924 
0.321135 0.351307 0.043529 0.284029 
0.333629 0.337521 0.053571 0.275279 
0.398163 0.076742 0.149033 0.376061 
0.028291 0.239811 0.179731 0.552167 
0.027578 0.239890 0.408279 0.324253 
0.335530 0.076628 0.339122 0.248720 
0.257658 0.268678 0.305718 0.167946 
0.002495 0.421142 0.369465 0.206898 
0.108587 0.202515 0.396593 0.292304 
0.018826 0.405230 0.143983 0.431960 
0.449126 0.116744 0.222132 0.211998 
0.339333 0.426966 0.119371 0.114330 
0.371995 0.374622 0.159129 0.094253 
0.139551 0.621280 0.157463 0.081706 
0.151867 0.647798 0.121837 0.078498 
0.301233 0.399928 0.243894 0.054945 
0.050607 0.500431 0.393775 0.055187 
0.069699 0.222035 0.654897 0.053369 
0.000491 0.015780 0.930469 0.053259 
0.000498 0.502509 0.465285 0.031708 
0.018121 0.457048 0.508722 0.016108 
0.030381 0.493277 0.433685 0.042657 
0.022167 0.440772 0.518504 0.018558 
0.069709 0.399524 0.520168 0.010599 
0.174884 0.410522 0.409304 0.005291 
0.079477 0.516137 0.396750 0.007636 
0.244990 0.473636 0.275650 0.005724 
0.675598 0.056996 0.265896 0.001510 
0.453108 0.250526 0.295528 0.000837 
0.497849 0.033547 0.466876 0.001727 
0.038037 0.200608 0.754418 0.006936 
0.007606 0.162431 0.815425 0.014538 
0.001160 0.567795 0.412722 0.018323 
0.078453 0.511535 0.389642 0.020369 
0.040011 0.349214 0.592924 0.017851 
0.065671 0.517152 0.395960 0.021216 
0.299516 0.083689 0.457320 0.159474 
0.635936 0.024588 0.098890 0.240585 
0.427584 0.181920 0.111334 0.279162 
0.187859 0.475052 0.214838 0.122251 
0.368349 0.047271 0.443825 0.140554 
0.380699 0.003339 0.498678 0.117284 
0.040107 0.130195 0.663240 0.166458 
0.081195 0.298669 0.498335 0.121801 
0.270786 0.298450 0.296925 0.133838 
0.297158 0.273187 0.294552 0.135102 
0.233724 0.305388 0.274023 0.186865 
0.379330 0.388397 0.065129 0.167144 
0.315968 0.463639 0.083449 0.136944 
0.132357 0.632741 0.093346 0.141556 
0.631642 0.092487 0.138397 0.137474 
0.694709 0.140906 0.065726 0.098659 
0.476821 0.284430 0.022673 0.216076 
0.666243 0.061336 0.000837 0.271584 
0.720007 0.068612 0.000001 0.211380 
0.011682 0.237106 0.000000 0.751212 
0.650614 0.118676 0.000020 0.230690 
0.256991 0.495957 0.001881 0.245172 
0.508396 0.304879 0.004974 0.181752 
0.238774 0.146499 0.394895 0.219832 
0.054228 0.198534 0.307978 0.439261 
0.067099 0.119236 0.122255 0.691410 
0.439324 0.053576 0.246236 0.260863 
0.388552 0.070760 0.234924 0.305764 
0.401115 0.185940 0.084076 0.328869 
0.224447 0.035381 0.357616 0.382556 
0.057735 0.113824 0.453997 0.374444 
0.035575 0.003703 0.516848 0.443874 
0.318853 0.010942 0.210947 0.459258 
0.289267 0.002324 0.380361 0.328048 
0.160532 0.000194 0.458344 0.380930 
0.380986 0.000011 0.313961 0.305042 
0.360439 0.000003 0.361489 0.278069 
0.295298 0.000001 0.088233 0.616468 
0.252260 0.000003 0.018712 0.729025 
0.236823 0.000001 0.053440 0.709736 
0.620729 0.000000 0.056305 0.322966 
0.525847 0.000006 0.228428 0.245719 
0.333524 0.000016 0.428386 0.238073 
0.343506 0.000015 0.433023 0.223455 
0.066724 0.000007 0.564965 0.368305 
0.307757 0.000000 0.319940 0.372303 
0.411732 0.000000 0.351023 0.237244 
0.357546 0.000000 0.377159 0.265294 
0.497270 0.000000 0.162048 0.340681 
0.462345 0.000000 0.200054 0.337601 
0.182678 0.000001 0.451785 0.365536 
0.234668 0.000001 0.474712 0.290619 
0.082269 0.000001 0.494351 0.423379 
0.320724 0.000001 0.123291 0.555983 
0.394947 0.000001 0.256644 0.348408 
0.461603 0.000002 0.088580 0.449814 
0.510780 0.000000 0.020973 0.468247 
0.139414 0.000000 0.014032 0.846554 
0.386162 0.000000 0.029318 0.584519 
0.489184 0.000000 0.002038 0.508778 
0.230299 0.000000 0.008501 0.761200 
0.344569 0.000000 0.004357 0.651074 
0.159393 0.000000 0.000041 0.840566 
0.478891 0.000000 0.000000 0.521109 
0.469475 0.000000 0.000000 0.530525 
0.431208 0.000000 0.000000 0.568792 
0.418716 0.000000 0.000000 0.581284 
0.483602 0.000000 0.000000 0.516398 
0.446469 0.000000 0.000000 0.553531 
0.365347 0.000000 0.000000 0.634653 
0.518306 0.000000 0.000000 0.481694 
0.559826 0.000000 0.000000 0.440174 
0.531980 0.000000 0.000000 0.468020 
0.526102 0.000002 0.000000 0.473895 
0.596104 0.000001 0.000000 0.403895 
0.302199 0.000000 0.000000 0.697801 
0.505428 0.000000 0.000000 0.494572 
0.280793 0.000000 0.000000 0.719207 
0.515433 0.000000 0.000000 0.484567 
0.455212 0.000000 0.000000 0.544788 
0.463706 0.000000 0.000000 0.536294 
0.455122 0.000000 0.000000 0.544878 
0.514263 0.000001 0.000000 0.485737 
0.459791 0.000001 0.000000 0.540208 
0.421108 0.000022 0.000000 0.578870 
0.178394 0.000041 0.000000 0.821564 
0.450373 0.000001 0.000000 0.549626 
0.509158 0.000000 0.000000 0.490842 
0.439759 0.000000 0.000000 0.560241 
0.474574 0.000001 0.000000 0.525425 
0.461357 0.000007 0.000000 0.538636 
0.375159 0.000003 0.000000 0.624838 
0.484645 0.000021 0.000000 0.515334 
0.357656 0.000148 0.000000 0.642196 
0.000860 0.000041 0.000000 0.999099 
0.517975 0.000009 0.000000 0.482016 
0.397390 0.000006 0.000000 0.602604 
0.068416 0.000055 0.000000 0.931529 
0.162809 0.000051 0.000000 0.837139 
0.020735 0.000222 0.000000 0.979044 
0.500205 0.000121 0.000000 0.499674 
0.511846 0.000289 0.000000 0.487865 
0.495161 0.000202 0.000000 0.504637 
0.484666 0.000028 0.000000 0.515306 
0.507206 0.000008 0.000000 0.492786 
0.152069 0.000081 0.000000 0.847851 
0.459415 0.000063 0.000000 0.540522 
0.525461 0.000001 0.000000 0.474538 
0.091650 0.000000 0.000000 0.908349 
0.513194 0.000000 0.000000 0.486806 
0.481503 0.000000 0.000000 0.518496 
0.573199 0.000000 0.000000 0.426801 
0.206327 0.000000 0.000000 0.793673 
0.075454 0.000000 0.000148 0.924398 
0.312223 0.000000 0.028508 0.659270 
0.039306 0.000000 0.374279 0.586415 
0.249325 0.000000 0.407904 0.342770 
0.069220 0.000000 0.463438 0.467342 
0.035191 0.000000 0.383559 0.581250 
0.002287 0.000000 0.422858 0.574855 
0.000663 0.000000 0.076517 0.922820 
0.001784 0.000000 0.608620 0.389595 
0.214067 0.000000 0.481585 0.304349 
0.367485 0.000000 0.347861 0.284654 
0.260176 0.000000 0.014669 0.725155 
0.069651 0.000000 0.445512 0.484837 
0.384104 0.000000 0.277991 0.337905 
0.394141 0.000000 0.227189 0.378670 
0.538941 0.000000 0.032360 0.428699 
0.354626 0.000000 0.357749 0.287625 
0.344215 0.000000 0.347189 0.308595 
0.193141 0.000000 0.437077 0.369781 
0.071208 0.000000 0.532724 0.396068 
0.397771 0.000000 0.170418 0.431811 
0.272766 0.000000 0.136568 0.590666 
0.493591 0.000000 0.067401 0.439008 
0.510449 0.000000 0.085896 0.403656 
0.398505 0.000000 0.252883 0.348612 
0.437197 0.000000 0.192800 0.370003 
0.340932 0.000000 0.342870 0.316198 
0.360008 0.000000 0.296043 0.343949 
0.068168 0.000000 0.378047 0.553786 
0.000014 0.000000 0.468842 0.531144 
0.186151 0.000000 0.023276 0.790573 
0.107624 0.000000 0.336315 0.556061 
0.110085 0.000000 0.320607 0.569308 
0.423588 0.000000 0.155783 0.420630 
0.256358 0.000000 0.321950 0.421692 
0.134829 0.000000 0.357228 0.507943 
0.201421 0.000000 0.396429 0.402150 
0.162623 0.000000 0.430815 0.406562 
0.141045 0.000000 0.421688 0.437267 
0.373219 0.000000 0.383694 0.243087 
0.400113 0.000000 0.397033 0.202854 
0.574947 0.000000 0.053748 0.371304 
0.580859 0.000000 0.093526 0.325615 
0.396835 0.000000 0.282759 0.320406 
0.357544 0.000000 0.365140 0.277316 
0.325922 0.000000 0.364625 0.309453 
0.332341 0.000000 0.363348 0.304311 
0.377938 0.000000 0.319876 0.302185 
0.314676 0.000000 0.386074 0.299250 
0.424191 0.000000 0.229612 0.346197 
0.236530 0.000000 0.412110 0.351359 
0.395529 0.000001 0.006080 0.598391 
0.218585 0.000000 0.359570 0.421844 
0.184642 0.000001 0.320827 0.494530 
0.389274 0.000003 0.219441 0.391281 
0.174904 0.000000 0.392990 0.432105 
0.227549 0.000001 0.375690 0.396760 
0.337799 0.000001 0.329367 0.332833 
0.257217 0.000008 0.028887 0.713888 
0.121883 0.000010 0.438829 0.439279 
0.105098 0.000001 0.445793 0.449108 
0.022551 0.000002 0.327233 0.650214 
0.041778 0.000025 0.424057 0.534140 
0.197394 0.000069 0.031856 0.770681 
0.361699 0.000019 0.052163 0.586119 
0.374641 0.000032 0.066425 0.558901 
0.058625 0.000110 0.454896 0.486369 
0.465770 0.000019 0.062041 0.472170 
0.509590 0.000026 0.015060 0.475323 
0.493686 0.000069 0.000145 0.506100 
0.582242 0.000424 0.000053 0.417281 
0.538827 0.000870 0.000188 0.460115 
0.431752 0.002988 0.006573 0.558687 
0.153397 0.001650 0.391539 0.453414 
0.049302 0.006829 0.486183 0.457686 
0.257840 0.003285 0.379594 0.359281 
0.102842 0.021769 0.474299 0.401089 
0.395221 0.005046 0.319792 0.279941 
0.108550 0.014697 0.151133 0.725620 
0.004431 0.029432 0.377286 0.588851 
0.210406 0.068872 0.021643 0.699079 
0.155983 0.104720 0.023298 0.715999 
0.343951 0.051437 0.332893 0.271720 
0.351981 0.113224 0.217254 0.317542 
0.141733 0.424581 0.012927 0.420759 
0.259687 0.344634 0.006853 0.388826 
0.352649 0.254606 0.020202 0.372542 
0.400901 0.090529 0.132218 0.376352 
0.370208 0.064459 0.243694 0.321639 
0.104609 0.088848 0.480130 0.326413 
0.196665 0.072277 0.369854 0.361204 
0.042177 0.092231 0.587945 0.277646 
0.082463 0.077567 0.606005 0.233965 
0.233926 0.156463 0.015074 0.594537 
0.000278 0.026889 0.775426 0.197407 
0.473165 0.100239 0.347705 0.078891 
0.686961 0.091734 0.147882 0.073423 
0.247121 0.221331 0.503058 0.028490 
0.245802 0.173658 0.556033 0.024508 
0.025399 0.219564 0.728792 0.026245 
0.021762 0.464109 0.468210 0.045919 
0.012247 0.478949 0.482075 0.026728 
0.004767 0.912398 0.005276 0.077559 
0.000013 0.873750 0.048806 0.077431 
0.000315 0.104250 0.825570 0.069865 
0.000002 0.686455 0.270274 0.043269 
0.000669 0.692193 0.123677 0.183461 
0.094342 0.678016 0.044578 0.183064 
0.360002 0.299021 0.165742 0.175235 
0.334914 0.035393 0.141362 0.488332 
0.670120 0.000656 0.113295 0.215929 
0.335326 0.003571 0.523426 0.137677 
0.367218 0.168612 0.358428 0.105742 
0.289290 0.270301 0.360571 0.079837 
0.217447 0.356663 0.372022 0.053869 
0.281364 0.629436 0.009083 0.080117 
0.573840 0.294212 0.031344 0.100605 
0.875720 0.051249 0.002339 0.070692 
0.840445 0.035956 0.023871 0.099729 
0.804227 0.001326 0.058153 0.136294 
0.569950 0.028653 0.152260 0.249137 
0.140410 0.672786 0.055160 0.131644 
0.113536 0.548266 0.132272 0.205926 
0.035468 0.639340 0.025484 0.299709 
0.169951 0.559558 0.023352 0.247138 
0.318902 0.524944 0.007685 0.148469 
0.348382 0.500233 0.009017 0.142368 
0.332892 0.213770 0.368220 0.085118 
0.424587 0.061604 0.434193 0.079617 
0.460020 0.166467 0.236196 0.137317 
0.378203 0.058064 0.403181 0.160552 
0.089636 0.018307 0.621226 0.270832 
0.164362 0.074771 0.606507 0.154360 
0.165360 0.218417 0.306754 0.309468 
0.359275 0.044734 0.016297 0.579693 
0.045396 0.000095 0.705731 0.248778 
0.054970 0.192339 0.540241 0.212449 
0.169570 0.295926 0.323120 0.211383 
0.040834 0.155532 0.221434 0.582199 
0.006912 0.244988 0.541839 0.206261 
0.002131 0.419428 0.442600 0.135841 
0.200553 0.351995 0.333455 0.113998 
0.326221 0.240836 0.307859 0.125084 
0.322759 0.258070 0.321996 0.097175 
0.352063 0.218877 0.354391 0.074669 
0.635861 0.038823 0.227980 0.097335 
0.352264 0.000267 0.508353 0.139115 
0.483679 0.014958 0.361469 0.139894 
0.386800 0.307627 0.254701 0.050872 
0.735180 0.016955 0.169242 0.078623 
0.553236 0.003555 0.379051 0.064158 
0.408042 0.003687 0.493738 0.094533 
0.341466 0.167194 0.374143 0.117197 
0.358170 0.226134 0.338516 0.077180 
0.375469 0.158243 0.394110 0.072179 
0.382340 0.110024 0.231823 0.275813 
0.419319 0.039027 0.385445 0.156210 
0.740791 0.000515 0.031396 0.227298 
0.806472 0.019924 0.038636 0.134968 
0.735640 0.140837 0.022177 0.101346 
0.366308 0.419758 0.083638 0.130296 
0.365743 0.188931 0.068828 0.376498 
0.399413 0.314699 0.025172 0.260715 
0.336195 0.433602 0.000817 0.229387 
0.546116 0.207128 0.002881 0.243875 
0.288294 0.534545 0.003960 0.173201 
0.415041 0.401969 0.002906 0.180084 
0.355851 0.368785 0.074384 0.200980 
0.367758 0.454964 0.002824 0.174455 
0.315807 0.357877 0.024259 0.302057 
0.447873 0.274633 0.078706 0.198788 
0.497608 0.260032 0.000532 0.241827 
0.472783 0.328457 0.010242 0.188518 
0.364867 0.414155 0.106533 0.114446 
0.480052 0.138129 0.222563 0.159256 
0.488009 0.050970 0.200606 0.260415 
0.350100 0.179550 0.279634 0.190715 
0.387289 0.278258 0.036779 0.297675 
0.212755 0.204585 0.399303 0.183357 
0.309966 0.158862 0.372290 0.158882 
0.402469 0.090525 0.291627 0.215379 
0.346361 0.210744 0.335852 0.107042 
0.243790 0.248184 0.385549 0.122477 
0.405348 0.377682 0.139106 0.077865 
0.491984 0.205567 0.152067 0.150382 
0.499822 0.012158 0.349788 0.138231 
0.840556 0.000007 0.034937 0.124500 
0.425640 0.002634 0.456460 0.115265 
0.694810 0.018250 0.217634 0.069306 
0.626270 0.260798 0.003299 0.109634 
0.561517 0.354226 0.010778 0.073480 
0.404219 0.464928 0.073171 0.057682 
0.306750 0.498751 0.142724 0.051776 
0.471250 0.461960 0.003540 0.063250 
0.475200 0.490225 0.000323 0.034251 
0.673728 0.266334 0.000015 0.059923 
0.650719 0.209005 0.000010 0.140266 
0.516431 0.377876 0.000027 0.105666 
0.900050 0.042295 0.002038 0.055618 
0.778067 0.001798 0.003998 0.216136 
0.476681 0.040533 0.000175 0.482611 
0.174689 0.006000 0.000121 0.819190 
0.169455 0.368461 0.000815 0.461269 
0.176078 0.002691 0.000076 0.821155 
0.123998 0.000677 0.018071 0.857255 
0.142640 0.014868 0.001198 0.841295 
0.122979 0.385278 0.000005 0.491738 
0.171690 0.456291 0.000086 0.371932 
0.157402 0.336897 0.000008 0.505692 
0.178521 0.349068 0.000001 0.472409 
0.210929 0.292485 0.000000 0.496587 
0.338261 0.003031 0.000002 0.658706 
0.146431 0.490817 0.000000 0.362752 
0.194575 0.125271 0.000001 0.680153 
0.263734 0.003382 0.000000 0.732884 
0.205482 0.431658 0.000000 0.362860 
0.210568 0.211192 0.000001 0.578240 
0.403521 0.021427 0.000003 0.575049 
0.341030 0.228023 0.000006 0.430941 
0.289252 0.335174 0.000012 0.375561 
0.287019 0.354926 0.001191 0.356864 
0.331819 0.285349 0.018095 0.364737 
0.699057 0.101187 0.072212 0.127544 
0.214528 0.746045 0.010867 0.028560 
0.154476 0.821074 0.011822 0.012628 
0.139306 0.801262 0.001126 0.058306 
0.301452 0.479267 0.000649 0.218632 
0.258761 0.371268 0.000015 0.369957 
0.204050 0.314038 0.000000 0.481911 
0.213501 0.443391 0.000000 0.343108 
0.218721 0.546601 0.000000 0.234677 
0.314500 0.289890 0.000000 0.395610 
0.425878 0.095689 0.000006 0.478427 
0.329543 0.292278 0.000003 0.378176 
0.358569 0.251494 0.000053 0.389884 
0.289461 0.354696 0.000195 0.355648 
0.315558 0.393291 0.005629 0.285522 
0.312815 0.385866 0.004641 0.296678 
0.350787 0.417528 0.001000 0.230685 
0.355999 0.338265 0.012870 0.292865 
0.287862 0.358370 0.001782 0.351986 
0.416165 0.298016 0.025259 0.260561 
0.380525 0.180127 0.128990 0.310357 
0.131293 0.288868 0.267663 0.312176 
0.115121 0.289855 0.297759 0.297265 
0.117019 0.000271 0.218038 0.664672 
0.061803 0.364179 0.331199 0.242820 
0.080551 0.262021 0.473609 0.183819 
0.266296 0.000000 0.640077 0.093626 
0.329435 0.000000 0.639987 0.030578 
0.195865 0.000000 0.792150 0.011985 
0.243728 0.000000 0.752864 0.003408 
0.328923 0.000000 0.669367 0.001710 
0.596609 0.000017 0.400655 0.002720 
0.299148 0.000011 0.698891 0.001950 
0.292398 0.000000 0.702387 0.005215 
0.197230 0.000190 0.780986 0.021594 
0.227379 0.099692 0.659275 0.013653 
0.170946 0.019224 0.806587 0.003242 
0.115919 0.104773 0.777974 0.001334 
0.201499 0.062424 0.733924 0.002154 
0.091212 0.214922 0.692624 0.001242 
0.038344 0.505934 0.455161 0.000562 
0.118155 0.368445 0.512533 0.000867 
0.065187 0.190059 0.744322 0.000432 
0.199802 0.486576 0.312870 0.000752 
0.385380 0.513260 0.092235 0.009125 
0.451575 0.526603 0.011158 0.010664 
0.751458 0.156527 0.007742 0.084273 
0.766431 0.171744 0.011227 0.050598 
0.750130 0.000769 0.000534 0.248567 
0.588040 0.000044 0.024322 0.387594 
0.882474 0.003614 0.022682 0.091230 
0.663656 0.038216 0.002272 0.295856 
0.743312 0.000768 0.004204 0.251717 
0.815622 0.008402 0.000188 0.175788 
0.890684 0.000033 0.000089 0.109193 
0.928429 0.000001 0.048983 0.022588 
0.930082 0.000000 0.065823 0.004095 
0.762136 0.000001 0.234146 0.003717 
0.980501 0.000000 0.019165 0.000335 
0.997978 0.000001 0.001942 0.000078 
0.999076 0.000191 0.000579 0.000155 
0.990538 0.007780 0.001602 0.000080 
0.990690 0.005262 0.003937 0.000110 
0.658538 0.000499 0.340927 0.000036 
0.295093 0.003926 0.700889 0.000092 
0.414808 0.168906 0.416082 0.000204 
0.378786 0.547108 0.072690 0.001416 
0.542111 0.212862 0.239589 0.005438 
0.960570 0.013385 0.003866 0.022179 
0.971670 0.008707 0.017332 0.002291 
0.949866 0.041193 0.006459 0.002481 
0.893612 0.089853 0.013739 0.002796 
0.983217 0.000428 0.000286 0.016069 
0.978062 0.000004 0.000271 0.021663 
0.956700 0.000082 0.000512 0.042706 
0.959451 0.000034 0.000230 0.040285 
0.982999 0.000003 0.000003 0.016994 
