0.253014 0.242324 0.250891 0.253771 
0.324905 0.328837 0.021032 0.325226 
0.327174 0.337867 0.008019 0.326939 
0.331361 0.334159 0.001105 0.333375 
0.330725 0.339312 0.000002 0.329962 
0.330741 0.339542 0.000000 0.329716 
0.327909 0.346831 0.000001 0.325259 
0.314129 0.374334 0.000012 0.311525 
0.252515 0.457936 0.036783 0.252765 
0.282376 0.018147 0.418098 0.281379 
0.322620 0.000000 0.355374 0.322007 
0.326467 0.000001 0.346087 0.327445 
0.323848 0.000040 0.344924 0.331189 
0.320519 0.006228 0.348426 0.324827 
0.299191 0.066089 0.332056 0.302664 
0.296337 0.087660 0.309756 0.306247 
0.303417 0.049978 0.328882 0.317723 
0.305803 0.043914 0.327308 0.322975 
0.312182 0.005683 0.352226 0.329909 
0.313355 0.042965 0.326627 0.317053 
0.316503 0.002622 0.360212 0.320663 
0.321845 0.002650 0.342690 0.332815 
0.299295 0.003567 0.360361 0.336777 
0.313709 0.004249 0.343770 0.338273 
0.300859 0.007603 0.351178 0.340361 
0.300031 0.046783 0.331446 0.321740 
0.298053 0.331968 0.029907 0.340071 
0.302657 0.337945 0.019186 0.340211 
0.290939 0.321727 0.047963 0.339372 
0.279164 0.300638 0.019912 0.400286 
0.266778 0.287471 0.206923 0.238828 
0.262649 0.276812 0.330186 0.130353 
0.267092 0.296950 0.087263 0.348695 
0.280191 0.306607 0.352485 0.060717 
0.239823 0.310726 0.147871 0.301580 
0.220293 0.351667 0.009923 0.418117 
0.170855 0.533634 0.016163 0.279348 
0.145028 0.543101 0.035798 0.276073 
0.128573 0.535674 0.091871 0.243881 
0.122821 0.190378 0.451520 0.235281 
0.125302 0.143830 0.471164 0.259704 
0.123080 0.065303 0.528181 0.283435 
0.124658 0.029290 0.537360 0.308692 
0.102416 0.136826 0.425985 0.334773 
0.105173 0.065237 0.472996 0.356595 
0.115226 0.004755 0.451786 0.428233 
0.089592 0.106372 0.397945 0.406090 
0.083446 0.223789 0.305986 0.386780 
0.095286 0.046864 0.426776 0.431074 
0.087498 0.199240 0.314700 0.398562 
0.109424 0.007721 0.444509 0.438346 
0.103816 0.310997 0.390423 0.194764 
0.115673 0.410484 0.431904 0.041940 
0.123558 0.362893 0.012571 0.500978 
0.102917 0.405284 0.085768 0.406031 
0.090461 0.331398 0.212359 0.365783 
0.096405 0.166613 0.390085 0.346897 
0.088940 0.155665 0.396812 0.358583 
0.084213 0.224100 0.389848 0.301838 
0.111464 0.144345 0.309270 0.434920 
0.093221 0.205279 0.388237 0.313263 
0.098093 0.127245 0.364816 0.409846 
0.092072 0.368934 0.308928 0.230066 
0.097255 0.285004 0.275917 0.341824 
0.090884 0.207255 0.305636 0.396224 
0.092417 0.157898 0.351017 0.398668 
0.099867 0.058782 0.396085 0.445266 
0.099005 0.254606 0.385924 0.260465 
0.105667 0.029081 0.398268 0.466984 
0.083551 0.206571 0.360338 0.349540 
0.084059 0.379085 0.231523 0.305334 
0.090701 0.387171 0.367487 0.154641 
0.080490 0.316243 0.331896 0.271371 
0.082611 0.274987 0.363103 0.279299 
0.083616 0.257418 0.378987 0.279979 
0.087095 0.301933 0.337763 0.273209 
0.082858 0.218367 0.340894 0.357880 
0.082479 0.224485 0.349421 0.343614 
0.084421 0.387888 0.212102 0.315589 
0.085397 0.389008 0.249633 0.275963 
0.080461 0.324033 0.297092 0.298413 
0.083018 0.265983 0.384736 0.266263 
0.086531 0.331458 0.395457 0.186555 
0.085586 0.397530 0.285582 0.231302 
0.083751 0.358429 0.362989 0.194831 
0.085363 0.323633 0.397091 0.193913 
0.083187 0.260924 0.392901 0.262988 
0.083540 0.368842 0.319694 0.227924 
0.080902 0.360164 0.243708 0.315225 
0.083563 0.201679 0.385366 0.329392 
0.082635 0.274738 0.262334 0.380293 
0.080924 0.305499 0.259644 0.353933 
0.081872 0.316045 0.241782 0.360302 
0.085986 0.196085 0.398716 0.319213 
0.100438 0.124069 0.362888 0.412605 
0.102487 0.217124 0.313511 0.366879 
0.105946 0.121854 0.327416 0.444784 
0.100054 0.131973 0.354092 0.413881 
0.092602 0.314687 0.376252 0.216458 
0.081300 0.358921 0.318051 0.241728 
0.079279 0.342696 0.287734 0.290291 
0.078822 0.299105 0.318204 0.303869 
0.079400 0.302266 0.321104 0.297230 
0.083062 0.353842 0.240768 0.322328 
0.085193 0.390706 0.255389 0.268712 
0.080591 0.302715 0.295498 0.321196 
0.085221 0.287448 0.346819 0.280512 
0.083606 0.276464 0.377745 0.262185 
0.079765 0.289857 0.304330 0.326048 
0.081235 0.329657 0.252911 0.336198 
0.082053 0.374273 0.235658 0.308015 
0.079323 0.300980 0.291528 0.328170 
0.079065 0.283304 0.308903 0.328729 
0.080180 0.322797 0.279137 0.317886 
0.079955 0.306954 0.333428 0.279662 
0.081396 0.264690 0.385505 0.268409 
0.082906 0.317116 0.371454 0.228525 
0.083347 0.385008 0.321474 0.210171 
0.082813 0.335545 0.377312 0.204330 
0.079587 0.302853 0.344825 0.272735 
0.078662 0.299624 0.322786 0.298929 
0.080092 0.308593 0.333865 0.277450 
0.084903 0.388531 0.329966 0.196600 
0.088090 0.316950 0.396740 0.198220 
0.092598 0.369671 0.271428 0.266303 
0.084794 0.397471 0.265672 0.252063 
0.097947 0.332081 0.312254 0.257718 
0.085389 0.394675 0.278325 0.241611 
0.096294 0.396883 0.348310 0.158513 
0.093519 0.396159 0.314549 0.195773 
0.085234 0.351857 0.276616 0.286294 
0.086107 0.388448 0.263871 0.261574 
0.084498 0.311180 0.391328 0.212994 
0.088783 0.289637 0.394967 0.226613 
0.091884 0.397460 0.406909 0.103747 
0.094173 0.363989 0.375888 0.165950 
0.088840 0.346866 0.399758 0.164536 
0.086675 0.252666 0.396494 0.264165 
0.084367 0.263404 0.396363 0.255867 
0.083415 0.323126 0.348400 0.245059 
0.083615 0.254094 0.385317 0.276974 
0.085372 0.221446 0.397892 0.295290 
0.094501 0.399976 0.386073 0.119449 
0.101585 0.432061 0.417766 0.048588 
0.098745 0.316592 0.374773 0.209890 
0.108354 0.264944 0.312699 0.314003 
0.135175 0.527927 0.227336 0.109562 
0.128721 0.288485 0.213018 0.369776 
0.129274 0.330270 0.199080 0.341376 
0.140029 0.356470 0.171150 0.332351 
0.122039 0.411679 0.236958 0.229323 
0.133938 0.516683 0.217246 0.132133 
0.120971 0.342199 0.247636 0.289194 
0.136588 0.354136 0.193420 0.315856 
0.151717 0.344011 0.167174 0.337098 
0.162009 0.264148 0.189138 0.384705 
0.148252 0.268167 0.169148 0.414433 
0.161758 0.446923 0.163936 0.227382 
0.164531 0.368818 0.139230 0.327422 
0.190643 0.333560 0.126003 0.349795 
0.206961 0.397548 0.136785 0.258707 
0.212707 0.293562 0.162712 0.331018 
0.197166 0.307964 0.206252 0.288618 
0.228329 0.497057 0.263928 0.010685 
0.176310 0.392679 0.334801 0.096210 
0.148774 0.311616 0.347577 0.192033 
0.165182 0.328835 0.270350 0.235633 
0.172295 0.375549 0.268002 0.184154 
0.213567 0.466738 0.268964 0.050731 
0.218401 0.277568 0.182989 0.321043 
0.193564 0.372203 0.249300 0.184933 
0.222980 0.483146 0.253533 0.040341 
0.210993 0.280104 0.272275 0.236628 
0.200065 0.238518 0.277453 0.283964 
0.208164 0.415075 0.255685 0.121076 
0.170569 0.263815 0.258869 0.306747 
0.171078 0.260657 0.245967 0.322298 
0.160324 0.292309 0.265232 0.282136 
0.155337 0.359610 0.248091 0.236962 
0.172523 0.517918 0.269260 0.040299 
0.165782 0.327042 0.257204 0.249972 
0.193831 0.430423 0.186519 0.189227 
0.177592 0.483464 0.266102 0.072842 
0.167355 0.218457 0.288445 0.325743 
0.154160 0.206795 0.324965 0.314080 
0.164865 0.416816 0.334838 0.083481 
0.157166 0.299894 0.297333 0.245607 
0.165708 0.362499 0.328196 0.143597 
0.162609 0.158661 0.305924 0.372806 
0.171280 0.187122 0.261494 0.380104 
0.177298 0.235704 0.279778 0.307219 
0.179503 0.258184 0.262380 0.299933 
0.185197 0.414201 0.329786 0.070816 
0.200964 0.431306 0.364605 0.003125 
0.177256 0.427839 0.259960 0.134946 
0.171010 0.277180 0.236908 0.314902 
0.238077 0.456475 0.217352 0.088096 
0.222606 0.345588 0.254519 0.177287 
0.254976 0.275090 0.210214 0.259721 
0.286152 0.413360 0.223866 0.076622 
0.248418 0.328231 0.238473 0.184878 
0.271156 0.283636 0.204352 0.240856 
0.285780 0.238494 0.201009 0.274717 
0.343001 0.295578 0.200468 0.160952 
0.323248 0.218762 0.220584 0.237406 
0.316102 0.215080 0.272141 0.196677 
0.294094 0.300009 0.305358 0.100539 
0.327998 0.340558 0.319551 0.011893 
0.321702 0.237007 0.259392 0.181899 
0.325161 0.302556 0.266226 0.106056 
0.323891 0.204358 0.253503 0.218247 
0.306926 0.200779 0.263450 0.228844 
0.324158 0.199569 0.248698 0.227575 
0.283675 0.223867 0.286280 0.206178 
0.314668 0.311313 0.288549 0.085470 
0.291336 0.217739 0.262404 0.228521 
0.237358 0.305429 0.284361 0.172852 
0.184048 0.373869 0.322592 0.119491 
0.218350 0.313241 0.306322 0.162087 
0.231696 0.277569 0.307547 0.183189 
0.229581 0.337013 0.315929 0.117477 
0.179410 0.272339 0.316249 0.232002 
0.257273 0.291472 0.271488 0.179767 
0.260176 0.242310 0.283370 0.214143 
0.324115 0.317621 0.274863 0.083401 
0.285137 0.204089 0.290864 0.219910 
0.240421 0.260695 0.253739 0.245145 
0.256382 0.231066 0.273487 0.239066 
0.225051 0.284928 0.247785 0.242236 
0.198890 0.319084 0.266022 0.216004 
0.301343 0.217619 0.292199 0.188838 
0.258161 0.283692 0.292235 0.165912 
0.305731 0.202274 0.291049 0.200946 
0.319451 0.254362 0.265866 0.160321 
0.310499 0.216642 0.279462 0.193398 
0.265488 0.206565 0.314733 0.213215 
0.272028 0.245794 0.291434 0.190744 
0.273867 0.288126 0.313721 0.124286 
0.299768 0.238077 0.293847 0.168308 
0.313948 0.208369 0.276567 0.201116 
0.298948 0.341169 0.335015 0.024868 
0.277755 0.315364 0.321205 0.085676 
0.291456 0.208104 0.291439 0.209002 
0.237143 0.246509 0.288344 0.228003 
0.283819 0.216011 0.288889 0.211282 
0.237958 0.238161 0.286767 0.237114 
0.250453 0.258644 0.287894 0.203009 
0.244932 0.252924 0.268110 0.234035 
0.313762 0.163931 0.272211 0.250096 
0.231890 0.282809 0.247579 0.237723 
0.273409 0.209555 0.257377 0.259659 
0.248367 0.251271 0.244791 0.255571 
0.266744 0.234343 0.247325 0.251587 
0.243621 0.248953 0.259814 0.247612 
0.274817 0.204802 0.310646 0.209735 
0.305981 0.287332 0.295487 0.111200 
0.306711 0.195040 0.286486 0.211763 
0.292864 0.210215 0.266481 0.230440 
0.236368 0.340886 0.339175 0.083571 
0.225182 0.248866 0.308151 0.217800 
0.117062 0.289564 0.305540 0.287834 
0.281749 0.277461 0.269147 0.171643 
0.320298 0.313553 0.278585 0.087565 
0.317747 0.243037 0.270399 0.168817 
0.267991 0.263663 0.245792 0.222554 
0.234897 0.321008 0.247087 0.197009 
0.311202 0.209270 0.275923 0.203604 
0.312337 0.215911 0.279689 0.192063 
0.293791 0.263146 0.280656 0.162407 
0.290331 0.258319 0.269812 0.181538 
0.272049 0.216427 0.286401 0.225123 
0.274997 0.236971 0.263951 0.224081 
0.270046 0.235814 0.237258 0.256881 
0.279310 0.238675 0.276078 0.205937 
0.246118 0.213189 0.280339 0.260355 
0.273217 0.193005 0.290096 0.243683 
0.231450 0.233273 0.273323 0.261954 
0.265042 0.213163 0.283783 0.238011 
0.266316 0.218635 0.274122 0.240928 
0.273457 0.277926 0.280177 0.168440 
0.297204 0.294954 0.260323 0.147519 
0.298181 0.296876 0.288360 0.116584 
0.253104 0.237294 0.264018 0.245584 
0.230684 0.227189 0.284412 0.257714 
0.233302 0.225220 0.281705 0.259773 
0.225224 0.224461 0.288315 0.262000 
0.196151 0.288511 0.281649 0.233689 
0.203983 0.271716 0.283206 0.241095 
0.199106 0.264648 0.285141 0.251105 
0.243515 0.257202 0.235812 0.263472 
0.228282 0.288564 0.227741 0.255413 
0.249821 0.247065 0.232395 0.270719 
0.292229 0.293443 0.184129 0.230198 
0.310801 0.284044 0.168025 0.237130 
0.272371 0.246826 0.227052 0.253751 
0.273588 0.244207 0.218918 0.263287 
0.283093 0.291425 0.180968 0.244513 
0.280642 0.229407 0.251930 0.238021 
0.289028 0.197099 0.295607 0.218266 
0.267574 0.217719 0.298227 0.216480 
0.299864 0.236749 0.277389 0.185998 
0.323561 0.210668 0.254786 0.210985 
0.325823 0.219376 0.246379 0.208422 
0.304076 0.229459 0.265404 0.201061 
0.314359 0.315777 0.291274 0.078590 
0.204797 0.311969 0.277226 0.206007 
0.258625 0.238958 0.286171 0.216246 
0.255035 0.234861 0.284621 0.225484 
0.219969 0.294717 0.302634 0.182680 
0.218065 0.288949 0.289885 0.203100 
0.279871 0.300905 0.300072 0.119152 
0.260580 0.284355 0.292521 0.162544 
0.228611 0.301414 0.292676 0.177298 
0.220619 0.298828 0.289340 0.191212 
0.228112 0.307438 0.287754 0.176696 
0.209448 0.265865 0.317465 0.207222 
0.242322 0.257717 0.315706 0.184255 
0.261710 0.255350 0.265598 0.217341 
0.385503 0.241177 0.310931 0.062389 
0.258415 0.220078 0.291984 0.229524 
0.237334 0.264343 0.274704 0.223619 
0.215378 0.248657 0.291071 0.244894 
0.416282 0.249263 0.291292 0.043163 
0.375083 0.280116 0.326937 0.017865 
0.319756 0.234203 0.314257 0.131783 
0.263194 0.218469 0.338260 0.180077 
0.226873 0.213855 0.341817 0.217454 
0.315789 0.223384 0.344188 0.116640 
0.333193 0.185962 0.358969 0.121877 
0.358661 0.237663 0.351804 0.051872 
0.278492 0.246062 0.309985 0.165461 
0.241275 0.223987 0.293332 0.241406 
0.278138 0.193079 0.311448 0.217335 
0.372175 0.199498 0.354004 0.074324 
0.237026 0.163077 0.356177 0.243720 
0.293196 0.142474 0.370668 0.193662 
0.412340 0.192179 0.360101 0.035380 
0.378847 0.165044 0.325730 0.130380 
0.400574 0.121446 0.368207 0.109772 
0.291357 0.160695 0.362243 0.185705 
0.231897 0.159020 0.365996 0.243087 
0.387663 0.133381 0.388522 0.090434 
0.262822 0.102386 0.389338 0.245454 
0.259334 0.134228 0.368722 0.237716 
0.253371 0.157161 0.354883 0.234585 
0.265863 0.164618 0.348318 0.221201 
0.270007 0.178325 0.352122 0.199546 
0.334131 0.180799 0.349459 0.135611 
0.316336 0.162655 0.323571 0.197438 
0.287384 0.166071 0.295636 0.250909 
0.287412 0.167379 0.271245 0.273965 
0.287502 0.201954 0.279194 0.231350 
0.232400 0.249137 0.282498 0.235965 
0.237999 0.224964 0.310333 0.226704 
0.216793 0.251261 0.325483 0.206463 
0.320870 0.253803 0.333522 0.091804 
0.258467 0.180451 0.349960 0.211123 
0.313964 0.153656 0.347448 0.184932 
0.189112 0.198046 0.341591 0.271250 
0.192706 0.247382 0.320707 0.239205 
0.273688 0.278616 0.292603 0.155094 
0.161006 0.272493 0.276326 0.290175 
0.232632 0.209377 0.304328 0.253662 
0.305621 0.271220 0.223483 0.199675 
0.260689 0.204535 0.227892 0.306884 
0.428769 0.225975 0.228526 0.116729 
0.534522 0.240526 0.138749 0.086203 
0.439099 0.195296 0.233479 0.132126 
0.166502 0.166048 0.344928 0.322523 
0.355848 0.184931 0.296330 0.162891 
0.221842 0.160009 0.365680 0.252469 
0.287611 0.153596 0.368761 0.190032 
0.394717 0.153423 0.412844 0.039017 
0.251638 0.168005 0.353517 0.226841 
0.241364 0.207815 0.331563 0.219258 
0.286096 0.182321 0.352455 0.179128 
0.340688 0.165940 0.348113 0.145259 
0.259530 0.142620 0.338742 0.259108 
0.245074 0.141032 0.370376 0.243517 
0.263297 0.150909 0.321381 0.264413 
0.265277 0.187165 0.264213 0.283345 
0.371384 0.181470 0.232662 0.214483 
0.319296 0.222739 0.215259 0.242706 
0.288906 0.269627 0.171659 0.269808 
0.242841 0.216241 0.265637 0.275280 
0.401103 0.203326 0.358943 0.036628 
0.256068 0.157023 0.325653 0.261256 
0.266963 0.267273 0.223123 0.242642 
0.302611 0.271571 0.211032 0.214786 
0.259325 0.311789 0.167178 0.261707 
0.249712 0.304002 0.194770 0.251516 
0.313174 0.268181 0.217196 0.201448 
0.257449 0.242021 0.242069 0.258461 
0.307396 0.265687 0.249532 0.177384 
0.296389 0.275971 0.234544 0.193096 
0.365168 0.340634 0.156253 0.137945 
0.245384 0.317794 0.153845 0.282977 
0.441673 0.305508 0.153536 0.099283 
0.495110 0.204111 0.215887 0.084891 
0.276739 0.181758 0.216031 0.325472 
0.359110 0.184270 0.251099 0.205521 
0.270151 0.155547 0.354408 0.219894 
0.297505 0.150510 0.349282 0.202704 
0.395774 0.178786 0.405493 0.019948 
0.356083 0.124889 0.341609 0.177419 
0.284580 0.123644 0.338056 0.253720 
0.294019 0.127339 0.287604 0.291037 
0.308447 0.130219 0.278296 0.283037 
0.297860 0.124342 0.289548 0.288250 
0.319403 0.155072 0.274125 0.251400 
0.365732 0.148946 0.282813 0.202510 
0.354537 0.131808 0.318455 0.195200 
0.385485 0.112632 0.254720 0.247163 
0.383307 0.120729 0.283764 0.212199 
0.384049 0.118051 0.268358 0.229543 
0.300019 0.098513 0.319592 0.281877 
0.383033 0.118869 0.242793 0.255305 
0.298295 0.130388 0.375403 0.195913 
0.253029 0.143083 0.346964 0.256924 
0.266334 0.177573 0.344326 0.211767 
0.276143 0.198900 0.305017 0.219940 
0.328264 0.204456 0.290071 0.177208 
0.265938 0.166100 0.316762 0.251200 
0.256913 0.176419 0.311948 0.254720 
0.261633 0.219508 0.269040 0.249819 
0.250869 0.246955 0.250723 0.251453 
0.245540 0.247167 0.262050 0.245244 
0.323761 0.239887 0.226067 0.210285 
0.282811 0.237757 0.245097 0.234335 
0.222391 0.261828 0.314154 0.201627 
0.254818 0.260657 0.242046 0.242479 
0.263301 0.272339 0.241951 0.222410 
0.295743 0.267716 0.261388 0.175153 
0.278252 0.305591 0.299098 0.117059 
0.313624 0.312805 0.298596 0.074975 
0.193071 0.292451 0.304250 0.210228 
0.265926 0.279414 0.244085 0.210575 
0.291995 0.234384 0.276614 0.197007 
0.310678 0.252328 0.211795 0.225198 
0.237418 0.258537 0.277610 0.226435 
0.307199 0.278604 0.208891 0.205306 
0.296668 0.266866 0.253239 0.183226 
0.315714 0.263535 0.213347 0.207403 
0.287008 0.289028 0.213730 0.210233 
0.319813 0.260361 0.247813 0.172013 
0.258856 0.258739 0.237030 0.245375 
0.298959 0.268275 0.224388 0.208378 
0.317023 0.266457 0.206705 0.209815 
0.303587 0.263313 0.212798 0.220302 
0.294705 0.242866 0.234551 0.227878 
0.336501 0.224701 0.298317 0.140481 
0.296458 0.214867 0.331919 0.156756 
0.275559 0.246394 0.235638 0.242410 
0.245169 0.233561 0.277126 0.244144 
0.213040 0.257586 0.268970 0.260403 
0.260977 0.347855 0.149906 0.241262 
0.248909 0.361536 0.152945 0.236610 
0.321632 0.318146 0.174702 0.185520 
0.221722 0.253155 0.272277 0.252847 
0.251156 0.251232 0.223230 0.274382 
0.266041 0.200681 0.288324 0.244954 
0.255162 0.208539 0.279355 0.256944 
0.207845 0.286781 0.251696 0.253678 
0.227896 0.286156 0.226865 0.259083 
0.123847 0.356953 0.227456 0.291745 
0.090210 0.348301 0.295073 0.266417 
0.261322 0.312906 0.216573 0.209198 
0.291556 0.284121 0.179000 0.245322 
0.179542 0.291239 0.290498 0.238722 
0.212049 0.320047 0.261675 0.206229 
0.279799 0.357152 0.170955 0.192094 
0.231199 0.354871 0.163481 0.250449 
0.219197 0.393285 0.097226 0.290292 
0.316209 0.372831 0.149272 0.161689 
0.321463 0.322107 0.133201 0.223229 
0.350376 0.256888 0.133108 0.259628 
0.330617 0.204498 0.239816 0.225070 
0.309539 0.234662 0.235368 0.220431 
0.284728 0.210141 0.309719 0.195412 
0.316151 0.305122 0.257635 0.121092 
0.306442 0.299400 0.304597 0.089561 
0.283667 0.282795 0.222756 0.210782 
0.235759 0.284180 0.234133 0.245927 
0.275190 0.288537 0.221040 0.215233 
0.274320 0.233371 0.287819 0.204490 
0.251573 0.293073 0.224335 0.231019 
0.297669 0.318326 0.124507 0.259498 
0.397296 0.355418 0.100451 0.146835 
0.427317 0.425230 0.026843 0.120610 
0.338596 0.317162 0.107253 0.236990 
0.303662 0.271988 0.224589 0.199762 
0.323463 0.312342 0.262077 0.102119 
0.255378 0.315460 0.271943 0.157219 
0.308047 0.335694 0.242583 0.113675 
0.296640 0.299316 0.309898 0.094146 
0.199548 0.290776 0.285424 0.224252 
0.286952 0.232167 0.238572 0.242309 
0.287616 0.214706 0.260579 0.237099 
0.237329 0.245333 0.264831 0.252506 
0.247722 0.250293 0.247727 0.254258 
0.235909 0.234975 0.279292 0.249825 
0.229121 0.224627 0.288575 0.257677 
0.267574 0.236316 0.260376 0.235733 
0.278576 0.230609 0.258892 0.231923 
0.272011 0.219906 0.285940 0.222142 
0.234153 0.228428 0.264693 0.272727 
0.270731 0.224101 0.254209 0.250959 
0.259835 0.188392 0.318807 0.232966 
0.279369 0.193991 0.238756 0.287884 
0.279886 0.158597 0.276288 0.285230 
0.231072 0.210616 0.271669 0.286643 
0.264125 0.240784 0.210263 0.284827 
0.261694 0.238357 0.238503 0.261445 
0.277693 0.247804 0.230747 0.243755 
0.211060 0.234656 0.272515 0.281770 
0.239363 0.255752 0.257662 0.247224 
0.244507 0.248599 0.256378 0.250516 
0.237337 0.251645 0.270981 0.240037 
0.247062 0.231884 0.274214 0.246841 
0.287105 0.244237 0.230576 0.238082 
0.269354 0.243821 0.261345 0.225480 
0.282191 0.229034 0.280318 0.208457 
0.290612 0.192919 0.282210 0.234259 
0.216902 0.242253 0.278452 0.262393 
0.244295 0.256660 0.240264 0.258780 
0.225128 0.250086 0.250381 0.274405 
0.285965 0.242061 0.235238 0.236737 
0.260865 0.242284 0.234886 0.261965 
0.270300 0.179062 0.317491 0.233147 
0.278117 0.213629 0.287709 0.220545 
0.239368 0.230272 0.321146 0.209213 
0.323890 0.229378 0.235220 0.211513 
0.320800 0.162128 0.264893 0.252180 
0.208359 0.207028 0.267903 0.316710 
0.347644 0.062168 0.242684 0.347504 
0.249070 0.206426 0.307191 0.237313 
0.206828 0.203508 0.343859 0.245805 
0.237849 0.214788 0.287860 0.259504 
0.204751 0.242294 0.244059 0.308897 
0.292723 0.120683 0.291737 0.294857 
0.256732 0.171650 0.281186 0.290432 
0.237200 0.182203 0.284955 0.295642 
0.234338 0.235782 0.254072 0.275808 
0.273562 0.239517 0.241424 0.245496 
0.267685 0.241991 0.243908 0.246417 
0.288311 0.226849 0.254168 0.230673 
0.277968 0.220133 0.248729 0.253171 
0.263453 0.239140 0.256179 0.241228 
0.261870 0.237640 0.237557 0.262933 
0.277000 0.236648 0.251143 0.235210 
0.291441 0.197915 0.294554 0.216089 
0.289273 0.202800 0.242393 0.265535 
0.294013 0.149493 0.301178 0.255316 
0.285453 0.198030 0.304705 0.211813 
0.288977 0.229963 0.265271 0.215789 
0.246493 0.259186 0.230870 0.263451 
0.201412 0.240950 0.289453 0.268184 
0.263715 0.246387 0.249416 0.240482 
0.235265 0.232601 0.277628 0.254506 
0.283059 0.162054 0.288517 0.266370 
0.280355 0.203227 0.260843 0.255575 
0.295444 0.193728 0.295376 0.215452 
0.288033 0.251163 0.226520 0.234284 
0.239249 0.248865 0.243265 0.268621 
0.290978 0.210864 0.290907 0.207250 
0.264092 0.241975 0.274883 0.219050 
0.269139 0.241593 0.242053 0.247215 
0.237029 0.264652 0.248065 0.250255 
0.223061 0.256529 0.276383 0.244027 
0.276696 0.280556 0.210708 0.232040 
0.289668 0.295196 0.217991 0.197144 
0.290660 0.304106 0.209327 0.195908 
0.268593 0.287372 0.213741 0.230294 
0.282039 0.292627 0.278842 0.146492 
0.320010 0.311757 0.286010 0.082223 
0.278264 0.294080 0.271890 0.155767 
0.278365 0.276595 0.210910 0.234131 
0.261788 0.268178 0.250874 0.219159 
0.290458 0.256863 0.272789 0.179890 
0.261838 0.300996 0.225298 0.211868 
0.273312 0.296917 0.211882 0.217888 
0.291067 0.266060 0.287542 0.155332 
0.266225 0.280404 0.212781 0.240590 
0.234841 0.274614 0.220779 0.269766 
0.218673 0.278313 0.231207 0.271807 
0.139400 0.288688 0.281267 0.290645 
0.239059 0.263033 0.258881 0.239027 
0.259249 0.237900 0.242129 0.260723 
0.288421 0.256901 0.242394 0.212284 
0.166366 0.291741 0.256546 0.285347 
0.321055 0.316304 0.046157 0.316485 
0.175845 0.227863 0.299890 0.296401 
0.346598 0.013761 0.277827 0.361814 
0.319179 0.007804 0.296450 0.376566 
0.284315 0.062432 0.305415 0.347838 
0.268938 0.194878 0.286711 0.249473 
0.297005 0.296746 0.133594 0.272656 
0.317503 0.316417 0.056310 0.309770 
0.302256 0.312058 0.091225 0.294461 
0.275804 0.299687 0.124619 0.299890 
0.316745 0.316842 0.063803 0.302611 
0.291909 0.297455 0.108927 0.301709 
0.225956 0.301181 0.173765 0.299098 
0.203976 0.286880 0.204653 0.304491 
0.225861 0.277861 0.241050 0.255228 
0.194458 0.283039 0.283755 0.238748 
0.240078 0.265827 0.243779 0.250317 
0.203753 0.285620 0.301162 0.209464 
0.244659 0.268108 0.246872 0.240362 
0.209541 0.270565 0.254889 0.265005 
0.013876 0.333165 0.323046 0.329913 
0.140475 0.321817 0.223986 0.313722 
0.006762 0.383653 0.241359 0.368225 
0.024816 0.333371 0.294424 0.347389 
0.039818 0.338749 0.267646 0.353786 
0.014119 0.352494 0.355621 0.277766 
0.044669 0.311073 0.321092 0.323167 
0.089181 0.331973 0.254066 0.324780 
0.212693 0.295975 0.293049 0.198283 
0.171711 0.298324 0.301229 0.228736 
0.251131 0.284657 0.278594 0.185619 
0.300381 0.298583 0.290709 0.110327 
0.301707 0.306948 0.303745 0.087600 
0.287250 0.304386 0.232980 0.175384 
0.300244 0.298527 0.298683 0.102546 
0.269803 0.274575 0.285818 0.169804 
0.257748 0.287200 0.226726 0.228326 
0.252976 0.288315 0.206532 0.252178 
0.266216 0.299784 0.277867 0.156133 
0.264556 0.274782 0.211034 0.249627 
0.278537 0.271273 0.159509 0.290680 
0.259157 0.253609 0.282895 0.204339 
0.232156 0.242881 0.273494 0.251469 
0.226827 0.258627 0.277992 0.236553 
0.228377 0.245154 0.250232 0.276237 
0.257434 0.241883 0.251978 0.248706 
0.303893 0.244017 0.157089 0.295000 
0.264984 0.222401 0.254155 0.258460 
0.299070 0.230965 0.202806 0.267159 
0.285227 0.225079 0.205563 0.284131 
0.285615 0.223298 0.264524 0.226563 
0.285587 0.217765 0.289264 0.207384 
0.279932 0.213856 0.246271 0.259942 
0.238984 0.165951 0.286309 0.308756 
0.217654 0.219748 0.330753 0.231845 
0.245908 0.301282 0.274664 0.178145 
0.170437 0.280677 0.345593 0.203293 
0.217505 0.236611 0.349933 0.195951 
0.199288 0.237176 0.269647 0.293889 
0.153258 0.287513 0.286296 0.272932 
0.144904 0.298018 0.286916 0.270162 
0.181079 0.232950 0.280853 0.305118 
0.190153 0.301768 0.254166 0.253913 
0.305880 0.306110 0.308063 0.079946 
0.284320 0.291295 0.173862 0.250524 
0.300009 0.289728 0.169723 0.240540 
0.316810 0.323093 0.329053 0.031044 
0.275426 0.315540 0.141647 0.267387 
0.254857 0.322153 0.197285 0.225705 
0.287096 0.300533 0.198548 0.213823 
0.291114 0.303850 0.294012 0.111025 
0.287440 0.326791 0.352137 0.033632 
0.250996 0.310468 0.233191 0.205345 
0.272161 0.310455 0.183157 0.234227 
0.291995 0.310364 0.306098 0.091543 
0.305015 0.307391 0.303531 0.084063 
0.305511 0.296013 0.144421 0.254054 
0.306317 0.292832 0.146682 0.254170 
0.292612 0.292339 0.111790 0.303259 
0.237105 0.277296 0.267268 0.218331 
0.055648 0.330637 0.276198 0.337516 
0.036958 0.326791 0.314840 0.321411 
0.180834 0.323527 0.251139 0.244501 
0.194037 0.289105 0.240437 0.276421 
0.268272 0.288679 0.228909 0.214140 
0.249377 0.288154 0.242330 0.220139 
0.236408 0.289561 0.204017 0.270013 
0.240781 0.283029 0.279087 0.197103 
0.107414 0.299616 0.295888 0.297081 
0.222533 0.281299 0.221462 0.274705 
0.250960 0.276048 0.231622 0.241370 
0.252320 0.277214 0.232769 0.237698 
0.244765 0.274836 0.231776 0.248623 
0.197971 0.279449 0.271465 0.251115 
0.225536 0.283914 0.303291 0.187259 
0.235600 0.280184 0.278238 0.205978 
0.262644 0.278347 0.169119 0.289889 
0.245710 0.266283 0.277240 0.210767 
0.183818 0.282035 0.264664 0.269483 
0.175127 0.279772 0.310257 0.234843 
0.191382 0.282672 0.221205 0.304741 
0.299732 0.302096 0.287562 0.110611 
0.155344 0.262706 0.311701 0.270248 
0.133480 0.280061 0.314987 0.271472 
0.209254 0.287091 0.297606 0.206049 
0.201045 0.265973 0.318365 0.214616 
0.252982 0.271961 0.269984 0.205073 
0.223045 0.277650 0.221938 0.277366 
0.276184 0.280584 0.127453 0.315779 
0.189361 0.286637 0.239890 0.284112 
0.265746 0.257887 0.247336 0.229030 
0.255552 0.290263 0.163907 0.290279 
0.269292 0.262460 0.290576 0.177671 
0.286970 0.246872 0.274485 0.191672 
0.291414 0.240720 0.283356 0.184510 
0.335528 0.204860 0.223656 0.235956 
0.321612 0.149089 0.262107 0.267192 
0.360795 0.089105 0.194676 0.355423 
0.303394 0.152775 0.296605 0.247227 
0.344723 0.223590 0.207784 0.223902 
0.381984 0.286140 0.121821 0.210056 
0.372488 0.285675 0.083883 0.257955 
0.364909 0.203429 0.090129 0.341533 
0.329406 0.122661 0.223265 0.324668 
0.324638 0.196180 0.278790 0.200393 
0.312925 0.132812 0.288692 0.265570 
0.322718 0.147483 0.311877 0.217921 
0.390748 0.055504 0.326767 0.226981 
0.445993 0.069451 0.355310 0.129245 
0.375414 0.115206 0.391459 0.117922 
0.386980 0.097544 0.391634 0.123841 
0.347802 0.137175 0.379624 0.135400 
0.322212 0.158299 0.376147 0.143343 
0.305905 0.186817 0.369845 0.137434 
0.367427 0.166540 0.355933 0.110100 
0.377055 0.156461 0.357529 0.108955 
0.381134 0.150198 0.335388 0.133280 
0.392164 0.181159 0.288617 0.138059 
0.453460 0.142272 0.270399 0.133869 
0.418106 0.114431 0.331487 0.135977 
0.441537 0.123070 0.284769 0.150624 
0.509669 0.172183 0.083065 0.235083 
0.484871 0.152869 0.173465 0.188795 
0.472648 0.141249 0.218415 0.167688 
0.527208 0.142030 0.173178 0.157583 
0.441411 0.162632 0.277444 0.118513 
0.449453 0.217738 0.210389 0.122420 
0.357024 0.169697 0.377430 0.095849 
0.313744 0.256419 0.323210 0.106627 
0.159969 0.458596 0.254563 0.126872 
0.078958 0.469256 0.329131 0.122654 
0.230719 0.309870 0.338081 0.121329 
0.130501 0.499101 0.220929 0.149469 
0.336974 0.246617 0.306620 0.109789 
0.292712 0.296897 0.289678 0.120713 
0.208043 0.414630 0.232743 0.144584 
0.111057 0.406418 0.370652 0.111874 
0.205329 0.343241 0.365879 0.085552 
0.290104 0.374399 0.245178 0.090318 
0.303786 0.317877 0.274485 0.103852 
0.258426 0.251472 0.381087 0.109015 
0.293993 0.202769 0.377689 0.125549 
0.290821 0.214748 0.386792 0.107639 
0.333021 0.229480 0.307301 0.130199 
0.335981 0.229064 0.320574 0.114382 
0.362021 0.215222 0.309420 0.113338 
0.342231 0.201446 0.355852 0.100470 
0.347667 0.210338 0.318482 0.123513 
0.371164 0.200856 0.304857 0.123123 
0.422427 0.153629 0.312337 0.111607 
0.346459 0.238693 0.305645 0.109202 
0.451442 0.154145 0.282923 0.111490 
0.463015 0.166704 0.248957 0.121324 
0.404532 0.210088 0.232409 0.152971 
0.378100 0.233614 0.244859 0.143428 
0.356013 0.252481 0.267468 0.124037 
0.280110 0.348974 0.224687 0.146229 
0.245532 0.305370 0.270129 0.178969 
0.172812 0.328758 0.310392 0.188038 
0.268795 0.294923 0.265074 0.171209 
0.292141 0.248469 0.312918 0.146472 
0.293119 0.221570 0.251288 0.234023 
0.249255 0.193305 0.339457 0.217983 
0.254302 0.206599 0.304584 0.234516 
0.169724 0.236851 0.306063 0.287362 
0.205093 0.255552 0.300023 0.239331 
0.252800 0.278490 0.219839 0.248871 
0.258319 0.198917 0.318835 0.223929 
0.280942 0.153547 0.326859 0.238652 
0.290182 0.190802 0.296360 0.222656 
0.271972 0.294733 0.274165 0.159130 
0.333260 0.289303 0.239288 0.138148 
0.299122 0.205861 0.364349 0.130668 
0.309468 0.243657 0.302743 0.144132 
0.258871 0.276719 0.318961 0.145449 
0.262348 0.325148 0.278093 0.134412 
0.249167 0.250842 0.348261 0.151729 
0.269018 0.248725 0.316090 0.166168 
0.364647 0.225603 0.254550 0.155200 
0.384198 0.207291 0.248981 0.159530 
0.322424 0.283594 0.188904 0.205078 
0.432164 0.223414 0.083653 0.260769 
0.358771 0.329775 0.033485 0.277969 
0.437639 0.233692 0.026596 0.302073 
0.447126 0.244787 0.054651 0.253436 
0.419283 0.223843 0.078536 0.278339 
0.466300 0.241145 0.063865 0.228690 
0.426141 0.262666 0.093586 0.217607 
0.330926 0.391233 0.096445 0.181396 
0.485938 0.276491 0.043538 0.194032 
0.512119 0.307135 0.009687 0.171059 
0.501402 0.293450 0.022758 0.182390 
0.392729 0.426445 0.009731 0.171096 
0.409502 0.403729 0.004888 0.181880 
0.523256 0.275970 0.011589 0.189185 
0.432862 0.380447 0.019526 0.167164 
0.351220 0.482313 0.012614 0.153853 
0.399136 0.392340 0.067425 0.141099 
0.395718 0.366772 0.102263 0.135247 
0.422126 0.317938 0.128428 0.131508 
0.351831 0.468734 0.022406 0.157030 
0.470017 0.350782 0.032759 0.146442 
0.472079 0.370265 0.003485 0.154170 
0.450419 0.382391 0.003045 0.164146 
0.293659 0.540433 0.007711 0.158196 
0.372140 0.371099 0.122626 0.134134 
0.318892 0.338378 0.143663 0.199067 
0.312354 0.311338 0.241872 0.134436 
0.316881 0.320853 0.251339 0.110927 
0.359992 0.355938 0.156430 0.127640 
0.362559 0.418115 0.084089 0.135238 
0.267301 0.484705 0.109183 0.138811 
0.378673 0.419066 0.054325 0.147936 
0.344014 0.347546 0.179285 0.129155 
0.284791 0.374650 0.204542 0.136017 
0.294634 0.309650 0.257701 0.138016 
0.213690 0.289545 0.377609 0.119157 
0.221408 0.291180 0.366062 0.121350 
0.272013 0.297897 0.294591 0.135499 
0.276432 0.306810 0.299520 0.117238 
0.294980 0.295144 0.299570 0.110306 
0.281945 0.284673 0.310291 0.123092 
0.268435 0.285083 0.335395 0.111087 
0.278846 0.278772 0.314653 0.127729 
0.243175 0.258199 0.386159 0.112468 
0.245684 0.246238 0.345007 0.163071 
0.117388 0.405495 0.277002 0.200114 
0.256724 0.237088 0.298894 0.207294 
0.301258 0.197597 0.361096 0.140049 
0.311381 0.180516 0.378150 0.129953 
0.295454 0.208258 0.389039 0.107248 
0.285474 0.225110 0.394081 0.095335 
0.206393 0.306439 0.392702 0.094467 
0.242539 0.324100 0.320222 0.113139 
0.237622 0.346098 0.307993 0.108287 
0.302102 0.337125 0.247518 0.113255 
0.376859 0.278773 0.220857 0.123511 
0.389469 0.278558 0.212688 0.119285 
0.385169 0.270687 0.195109 0.149035 
0.366640 0.264092 0.241745 0.127523 
0.272988 0.358976 0.236605 0.131431 
0.375367 0.282866 0.210581 0.131186 
0.282007 0.355475 0.239765 0.122753 
0.136696 0.510350 0.222985 0.129969 
0.086433 0.525642 0.250331 0.137594 
0.089906 0.486458 0.306526 0.117110 
0.069345 0.527862 0.284545 0.118248 
0.207326 0.408836 0.273535 0.110304 
0.308631 0.322643 0.257662 0.111063 
0.338823 0.318044 0.230307 0.112825 
0.269960 0.337460 0.288196 0.104384 
0.297205 0.330460 0.264683 0.107652 
0.214401 0.383423 0.293624 0.108553 
0.331833 0.330835 0.223724 0.113607 
0.291153 0.395842 0.192189 0.120815 
0.137123 0.561429 0.161189 0.140259 
0.144027 0.561963 0.156145 0.137866 
0.037500 0.630423 0.173622 0.158455 
0.098722 0.608418 0.150465 0.142395 
0.067108 0.633449 0.149812 0.149631 
0.024513 0.659942 0.151440 0.164105 
0.033015 0.653439 0.148502 0.165044 
0.048361 0.626113 0.144310 0.181217 
0.077233 0.616425 0.140375 0.165968 
0.117874 0.544484 0.129210 0.208431 
0.035444 0.593647 0.155216 0.215693 
0.122995 0.505970 0.137285 0.233749 
0.281210 0.350309 0.113814 0.254666 
0.258215 0.317219 0.130068 0.294499 
0.309238 0.297518 0.116318 0.276926 
0.287669 0.261824 0.116957 0.333551 
0.316350 0.248949 0.104511 0.330190 
0.306442 0.254710 0.101278 0.337570 
0.290054 0.248076 0.096529 0.365340 
0.330692 0.250353 0.103474 0.315481 
0.255480 0.285854 0.099514 0.359152 
0.268877 0.271508 0.106283 0.353332 
0.264665 0.286574 0.117107 0.331654 
0.256514 0.235352 0.133832 0.374302 
0.270338 0.282553 0.115744 0.331366 
0.240023 0.285497 0.136008 0.338472 
0.203039 0.310961 0.132184 0.353816 
0.338560 0.181051 0.161423 0.318966 
0.242589 0.258253 0.143821 0.355337 
0.264816 0.247214 0.108619 0.379351 
0.342567 0.341848 0.102357 0.213228 
0.349879 0.319740 0.085604 0.244777 
0.302530 0.310757 0.088703 0.298010 
0.311133 0.328870 0.103735 0.256263 
0.203913 0.321260 0.102397 0.372430 
0.270277 0.316411 0.109075 0.304237 
0.228271 0.298164 0.119931 0.353633 
0.211251 0.286372 0.117878 0.384499 
0.209663 0.290268 0.114590 0.385479 
0.248788 0.333756 0.125248 0.292207 
0.283539 0.235241 0.155358 0.325863 
0.281910 0.338969 0.135488 0.243633 
0.296697 0.342850 0.109883 0.250571 
0.265786 0.355920 0.120898 0.257396 
0.198625 0.292449 0.186560 0.322367 
0.247977 0.285373 0.191291 0.275359 
0.239409 0.269961 0.184008 0.306622 
0.264144 0.290129 0.164720 0.281008 
0.349174 0.260810 0.163903 0.226113 
0.338917 0.209671 0.170038 0.281374 
0.333005 0.102844 0.227921 0.336231 
0.329062 0.259650 0.246517 0.164771 
0.208370 0.237423 0.288085 0.266123 
0.254237 0.276589 0.233401 0.235773 
0.229780 0.254412 0.269129 0.246679 
0.215667 0.249942 0.284792 0.249599 
0.237751 0.258396 0.266031 0.237823 
0.256163 0.237721 0.277220 0.228896 
0.278702 0.227850 0.259079 0.234369 
0.262119 0.141306 0.299233 0.297342 
0.287270 0.212784 0.214194 0.285752 
0.267008 0.245291 0.238255 0.249445 
0.297050 0.215955 0.301253 0.185742 
0.305213 0.220342 0.238142 0.236303 
0.302989 0.121404 0.298128 0.277478 
0.243723 0.186349 0.287999 0.281930 
0.261186 0.245960 0.242957 0.249897 
0.253399 0.193592 0.265578 0.287432 
0.309424 0.083614 0.310320 0.296642 
0.300859 0.089725 0.296808 0.312607 
0.258373 0.214586 0.240090 0.286952 
0.232002 0.214583 0.266105 0.287310 
0.271802 0.222089 0.286108 0.220001 
0.269888 0.229930 0.259619 0.240563 
0.256627 0.224604 0.287515 0.231254 
0.238056 0.238004 0.250795 0.273144 
0.271228 0.241804 0.243990 0.242979 
0.241733 0.160645 0.296904 0.300718 
0.226885 0.230928 0.255434 0.286753 
0.258173 0.234044 0.232952 0.274832 
0.264078 0.262518 0.308326 0.165077 
0.330491 0.137117 0.354712 0.177680 
0.385091 0.093251 0.325972 0.195687 
0.244296 0.219319 0.343054 0.193332 
0.259681 0.168015 0.331327 0.240977 
0.309845 0.158601 0.360719 0.170836 
0.381843 0.043483 0.359363 0.215311 
0.332771 0.061743 0.322284 0.283202 
0.335048 0.074704 0.339020 0.251228 
0.285580 0.191808 0.341137 0.181476 
0.308834 0.237215 0.219436 0.234516 
0.183375 0.218421 0.302231 0.295973 
0.243126 0.269943 0.249979 0.236952 
0.268681 0.310924 0.252988 0.167408 
0.240110 0.261774 0.313528 0.184589 
0.296613 0.272707 0.265178 0.165502 
0.297412 0.279899 0.280812 0.141877 
0.373650 0.206601 0.302560 0.117188 
0.342782 0.149349 0.363371 0.144498 
0.365603 0.074353 0.347804 0.212240 
0.413074 0.101559 0.336895 0.148471 
0.602853 0.021039 0.174186 0.201922 
0.586380 0.016945 0.217600 0.179075 
0.507539 0.197131 0.145023 0.150307 
0.316917 0.271006 0.268007 0.144070 
0.213316 0.299146 0.375700 0.111838 
0.242872 0.251825 0.361081 0.144222 
0.298041 0.211319 0.383238 0.107402 
0.320908 0.281080 0.291763 0.106249 
0.226068 0.286914 0.382203 0.104815 
0.317238 0.270035 0.302515 0.110213 
0.156045 0.361681 0.395572 0.086703 
0.198177 0.337484 0.379471 0.084869 
0.137767 0.398714 0.361538 0.101981 
0.196280 0.404864 0.286664 0.112192 
0.253489 0.527061 0.079625 0.139825 
0.266188 0.475673 0.120858 0.137280 
0.458298 0.322833 0.073130 0.145739 
0.434554 0.145634 0.305432 0.114380 
0.325697 0.183123 0.396130 0.095050 
0.393740 0.177193 0.329860 0.099207 
0.349470 0.244475 0.312774 0.093282 
0.323903 0.339502 0.227029 0.109566 
0.372965 0.166999 0.355279 0.104757 
0.391820 0.207009 0.304117 0.097055 
0.384689 0.197398 0.309059 0.108855 
0.220157 0.314711 0.353686 0.111446 
0.275161 0.380533 0.250356 0.093950 
0.163651 0.349891 0.365508 0.120950 
0.176303 0.357713 0.334588 0.131396 
0.306486 0.361708 0.208560 0.123246 
0.254916 0.346180 0.251048 0.147856 
0.275681 0.322624 0.257466 0.144230 
0.176765 0.302117 0.371670 0.149447 
0.239936 0.248840 0.359346 0.151879 
