0.235361 0.252103 0.256147 0.256388 
0.192664 0.273626 0.261550 0.272161 
0.230293 0.279457 0.242324 0.247926 
0.094480 0.319372 0.270035 0.316113 
0.278680 0.297516 0.267371 0.156433 
0.298546 0.298530 0.236703 0.166221 
0.313329 0.322791 0.148404 0.215476 
0.334500 0.344895 0.273136 0.047470 
0.314815 0.359847 0.313471 0.011867 
0.286468 0.372151 0.330148 0.011233 
0.006193 0.392954 0.332135 0.268718 
0.012032 0.388893 0.341500 0.257575 
0.008628 0.377355 0.305829 0.308188 
0.003385 0.391060 0.338879 0.266676 
0.027707 0.398591 0.343332 0.230371 
0.002980 0.402115 0.361553 0.233352 
0.000822 0.409604 0.328032 0.261543 
0.001206 0.426488 0.324178 0.248128 
0.000127 0.435148 0.355200 0.209526 
0.001283 0.440135 0.386290 0.172292 
0.000297 0.431085 0.375849 0.192769 
0.044728 0.435623 0.378161 0.141488 
0.000987 0.437408 0.362874 0.198731 
0.003573 0.436439 0.360082 0.199906 
0.002764 0.432726 0.368985 0.195525 
0.009418 0.443627 0.377630 0.169325 
0.001429 0.441266 0.345961 0.211343 
0.230341 0.416502 0.351817 0.001339 
0.000005 0.409273 0.377157 0.213565 
0.000009 0.407994 0.389607 0.202390 
0.004112 0.431418 0.416034 0.148436 
0.097833 0.428729 0.420113 0.053324 
0.004471 0.425508 0.406488 0.163533 
0.000048 0.413620 0.395268 0.191064 
0.000399 0.416951 0.403377 0.179274 
0.000103 0.413852 0.407358 0.178687 
0.000018 0.401452 0.394882 0.203648 
0.000002 0.397619 0.385385 0.216994 
0.000014 0.409118 0.395390 0.195477 
0.000192 0.421357 0.404611 0.173840 
0.000683 0.424320 0.403400 0.171598 
0.000564 0.423220 0.407417 0.168799 
0.002226 0.426947 0.401523 0.169304 
0.159542 0.428081 0.404912 0.007466 
0.015191 0.438424 0.428680 0.117705 
0.148213 0.426327 0.419146 0.006315 
0.091320 0.441253 0.432880 0.034547 
0.060969 0.446426 0.432268 0.060338 
0.132922 0.436933 0.421866 0.008279 
0.037265 0.443956 0.431809 0.086970 
0.017102 0.441361 0.425439 0.116099 
0.098932 0.444320 0.426358 0.030390 
0.084366 0.444532 0.431321 0.039781 
0.110627 0.446405 0.413128 0.029841 
0.036768 0.448964 0.416731 0.097537 
0.019579 0.447600 0.409123 0.123699 
0.056636 0.434490 0.413359 0.095514 
0.026083 0.437917 0.416359 0.119640 
0.058018 0.443737 0.431564 0.066681 
0.139741 0.436447 0.414856 0.008955 
0.027599 0.437180 0.424337 0.110884 
0.002466 0.421068 0.413319 0.163147 
0.030700 0.430368 0.427603 0.111330 
0.116043 0.429890 0.429926 0.024141 
0.042201 0.427625 0.428297 0.101877 
0.068503 0.434744 0.437922 0.058831 
0.074751 0.422064 0.424624 0.078561 
0.045809 0.423739 0.426085 0.104367 
0.003876 0.407769 0.411474 0.176881 
0.028403 0.425084 0.428195 0.118317 
0.008761 0.417599 0.419829 0.153811 
0.010074 0.422524 0.424531 0.142870 
0.165293 0.414560 0.416331 0.003816 
0.144331 0.426357 0.424151 0.005160 
0.071606 0.443768 0.437052 0.047575 
0.046744 0.442642 0.437753 0.072861 
0.045765 0.427225 0.425465 0.101545 
0.005521 0.397057 0.396118 0.201304 
0.003145 0.378670 0.376719 0.241466 
0.000020 0.402550 0.400673 0.196757 
0.021592 0.418054 0.418542 0.141811 
0.060014 0.439833 0.441280 0.058873 
0.055161 0.442809 0.441344 0.060686 
0.102820 0.439102 0.435637 0.022441 
0.086639 0.440762 0.438602 0.033998 
0.082227 0.440382 0.441206 0.036185 
0.060342 0.441947 0.442658 0.055052 
0.059280 0.441898 0.442243 0.056579 
0.031467 0.439970 0.439042 0.089521 
0.003821 0.432334 0.425228 0.138617 
0.000727 0.422486 0.416616 0.160171 
0.000000 0.372079 0.363057 0.264864 
0.000007 0.366716 0.362629 0.270648 
0.000101 0.404181 0.397695 0.198023 
0.000011 0.407511 0.390645 0.201834 
0.000000 0.385817 0.383269 0.230914 
0.000001 0.392759 0.382357 0.224882 
0.000008 0.406395 0.388389 0.205208 
0.000000 0.310865 0.290238 0.398896 
0.000000 0.348904 0.319317 0.331779 
0.000000 0.369436 0.346175 0.284389 
0.000000 0.316366 0.296771 0.386863 
0.000003 0.368292 0.361078 0.270627 
0.001398 0.403505 0.391242 0.203856 
0.000000 0.362862 0.357790 0.279347 
0.000000 0.268939 0.278191 0.452870 
0.000001 0.345345 0.360782 0.293871 
0.003565 0.392560 0.401939 0.201936 
0.037741 0.383991 0.395689 0.182580 
0.224407 0.377590 0.397989 0.000013 
0.239476 0.371279 0.389241 0.000003 
0.216442 0.387892 0.395606 0.000060 
0.219870 0.380012 0.400082 0.000037 
0.264190 0.354688 0.381121 0.000001 
0.246970 0.368111 0.384918 0.000001 
0.231611 0.383165 0.385214 0.000009 
0.186327 0.401614 0.410639 0.001420 
0.173485 0.410890 0.414316 0.001309 
0.217837 0.386104 0.396028 0.000031 
0.213745 0.387731 0.398374 0.000150 
0.191146 0.404927 0.402621 0.001305 
0.181475 0.408987 0.407530 0.002008 
0.189006 0.403509 0.406905 0.000580 
0.193190 0.401811 0.404513 0.000486 
0.128245 0.433442 0.420011 0.018302 
0.085363 0.433976 0.421090 0.059571 
0.206578 0.410957 0.382425 0.000041 
0.190657 0.423770 0.385348 0.000226 
0.096625 0.449804 0.413632 0.039938 
0.149964 0.441127 0.402268 0.006642 
0.180019 0.426745 0.392273 0.000964 
0.206427 0.408985 0.384458 0.000130 
0.176022 0.415948 0.405727 0.002303 
0.213747 0.390310 0.395822 0.000121 
0.219690 0.403106 0.377168 0.000036 
0.234917 0.398940 0.366136 0.000006 
0.198065 0.413114 0.387619 0.001202 
0.137375 0.433123 0.407161 0.022341 
0.170277 0.433456 0.389220 0.007048 
0.108683 0.445742 0.391410 0.054165 
0.105210 0.440011 0.395338 0.059441 
0.196224 0.429645 0.373999 0.000132 
0.227766 0.411921 0.360283 0.000029 
0.224605 0.415072 0.360290 0.000032 
0.253933 0.399639 0.346427 0.000001 
0.302396 0.373242 0.324363 0.000000 
0.334035 0.355855 0.310110 0.000000 
0.340380 0.361954 0.297666 0.000000 
0.316223 0.376244 0.307533 0.000000 
0.318392 0.370442 0.311166 0.000000 
0.342738 0.364155 0.293107 0.000000 
0.349728 0.360183 0.290089 0.000000 
0.346004 0.354559 0.299436 0.000000 
0.337885 0.360993 0.301122 0.000000 
0.326623 0.363673 0.309703 0.000000 
0.348021 0.348148 0.303830 0.000000 
0.355671 0.337412 0.306916 0.000000 
0.352765 0.334014 0.313220 0.000000 
0.335330 0.341589 0.323082 0.000000 
0.333394 0.333489 0.333117 0.000000 
0.343961 0.313691 0.342348 0.000000 
0.326937 0.327601 0.345462 0.000000 
0.353568 0.312804 0.333629 0.000000 
0.360611 0.318998 0.320391 0.000000 
0.364250 0.311612 0.324138 0.000000 
0.359923 0.340167 0.299910 0.000000 
0.359271 0.334017 0.306712 0.000000 
0.348267 0.338619 0.313114 0.000000 
0.359201 0.337583 0.303215 0.000000 
0.357140 0.342137 0.300723 0.000000 
0.355922 0.346231 0.297847 0.000000 
0.328058 0.361952 0.309990 0.000000 
0.342493 0.356677 0.300830 0.000000 
0.342500 0.353840 0.303660 0.000000 
0.352258 0.351188 0.296554 0.000000 
0.359134 0.349257 0.291609 0.000000 
0.364227 0.350896 0.284872 0.000005 
0.366715 0.361097 0.272187 0.000000 
0.365760 0.363623 0.270617 0.000000 
0.360846 0.362997 0.276157 0.000000 
0.360698 0.363020 0.276283 0.000000 
0.356941 0.363867 0.279191 0.000000 
0.351153 0.367243 0.281604 0.000000 
0.361805 0.365021 0.273174 0.000000 
0.363291 0.365377 0.271332 0.000000 
0.368301 0.366229 0.265471 0.000000 
0.367558 0.367602 0.264841 0.000000 
0.369734 0.369431 0.260836 0.000000 
0.369150 0.369119 0.261731 0.000000 
0.364411 0.371829 0.263760 0.000000 
0.330714 0.386110 0.283176 0.000000 
0.353144 0.368149 0.278707 0.000000 
0.356894 0.367320 0.275787 0.000000 
0.341688 0.374494 0.283818 0.000000 
0.328200 0.369683 0.302117 0.000000 
0.300983 0.378433 0.320584 0.000000 
0.271872 0.389270 0.338859 0.000000 
0.239999 0.402937 0.357064 0.000001 
0.208552 0.413537 0.377890 0.000022 
0.179732 0.423116 0.396195 0.000957 
0.163337 0.431168 0.403789 0.001706 
0.171375 0.421897 0.405711 0.001017 
0.174207 0.422785 0.401715 0.001293 
0.145793 0.429158 0.414901 0.010149 
0.157909 0.389430 0.436884 0.015778 
0.164999 0.401601 0.426696 0.006704 
0.167822 0.396943 0.428546 0.006690 
0.172764 0.369135 0.433776 0.024325 
0.182855 0.367086 0.443457 0.006602 
0.159878 0.383542 0.440789 0.015790 
0.187091 0.345427 0.455246 0.012237 
0.151803 0.353526 0.458080 0.036591 
0.145661 0.333554 0.466879 0.053906 
0.128054 0.335819 0.467587 0.068540 
0.087151 0.381998 0.453817 0.077034 
0.063708 0.379082 0.445170 0.112041 
0.028034 0.388954 0.438491 0.144522 
0.098529 0.387054 0.446633 0.067784 
0.080718 0.398644 0.435616 0.085021 
0.117780 0.359708 0.458622 0.063890 
0.066613 0.388871 0.447675 0.096841 
0.099774 0.359170 0.457929 0.083128 
0.008883 0.326644 0.454009 0.210463 
0.004195 0.292107 0.459352 0.244345 
0.003008 0.256331 0.457474 0.283187 
0.021667 0.275686 0.470222 0.232425 
0.013823 0.255765 0.469029 0.261383 
0.000695 0.274449 0.450931 0.273924 
0.000422 0.263952 0.441558 0.294067 
0.000225 0.280955 0.441485 0.277334 
0.013824 0.198092 0.459111 0.328973 
0.062854 0.164916 0.481530 0.290700 
0.055947 0.162038 0.478550 0.303465 
0.056536 0.176581 0.481485 0.285398 
0.059630 0.175361 0.483629 0.281380 
0.111620 0.091582 0.477046 0.319752 
0.057253 0.146260 0.473330 0.323157 
0.069661 0.122847 0.470641 0.336850 
0.060328 0.124715 0.463540 0.351417 
0.009902 0.210413 0.455620 0.324064 
0.000012 0.382587 0.395053 0.222348 
0.012391 0.313882 0.460419 0.213308 
0.006235 0.374153 0.429772 0.189840 
0.002072 0.269098 0.454542 0.274287 
0.026558 0.336143 0.455316 0.181983 
0.095740 0.316777 0.467418 0.120065 
0.005879 0.287241 0.461921 0.244958 
0.000690 0.288724 0.448177 0.262408 
0.001054 0.240099 0.444662 0.314185 
0.000658 0.290388 0.442730 0.266224 
0.000057 0.247305 0.411947 0.340692 
0.000190 0.497111 0.356209 0.146490 
0.013137 0.558486 0.346202 0.082175 
0.055205 0.531540 0.371984 0.041271 
0.000987 0.566422 0.325813 0.106778 
0.021353 0.660629 0.276878 0.041140 
0.034193 0.590762 0.335238 0.039806 
0.001633 0.621627 0.295643 0.081097 
0.021053 0.585691 0.338235 0.055021 
0.045373 0.556726 0.357149 0.040751 
0.057589 0.581419 0.334495 0.026498 
0.055276 0.562267 0.349423 0.033034 
0.033280 0.555144 0.357618 0.053958 
0.010222 0.576972 0.334857 0.077950 
0.027164 0.449647 0.412029 0.111160 
0.035731 0.434768 0.422648 0.106853 
0.084230 0.411496 0.439144 0.065129 
0.073230 0.376053 0.451824 0.098893 
0.082638 0.364315 0.457834 0.095213 
0.120126 0.328854 0.465820 0.085200 
0.068211 0.344124 0.457467 0.130199 
0.109093 0.297510 0.477279 0.116118 
0.130570 0.255873 0.490707 0.122849 
0.148435 0.310233 0.473682 0.067650 
0.182716 0.317731 0.469170 0.030383 
0.062648 0.227351 0.486882 0.223118 
0.094857 0.312348 0.471843 0.120952 
0.008463 0.268247 0.469525 0.253766 
0.011203 0.128013 0.414856 0.445927 
0.025572 0.127790 0.428535 0.418104 
0.082881 0.087368 0.450142 0.379608 
0.032016 0.160390 0.453159 0.354434 
0.072608 0.206394 0.483271 0.237728 
0.067276 0.157585 0.474017 0.301122 
0.105587 0.245600 0.486900 0.161913 
0.180887 0.202534 0.487363 0.129217 
0.244150 0.222721 0.482404 0.050724 
0.218734 0.255683 0.484589 0.040994 
0.236804 0.268900 0.477285 0.017011 
0.231305 0.249300 0.481584 0.037811 
0.220609 0.096616 0.488938 0.193837 
0.262724 0.051398 0.485499 0.200379 
0.245264 0.011425 0.476032 0.267280 
0.267031 0.058589 0.487210 0.187170 
0.262266 0.249500 0.475800 0.012434 
0.165201 0.341363 0.453848 0.039588 
0.190556 0.302261 0.469328 0.037855 
0.177284 0.321216 0.467838 0.033662 
0.025521 0.259832 0.473427 0.241219 
0.123605 0.122487 0.479533 0.274375 
0.193103 0.122019 0.480116 0.204762 
0.219740 0.154204 0.480214 0.145842 
0.169334 0.244082 0.481165 0.105419 
0.138399 0.334035 0.456597 0.070969 
0.194994 0.169960 0.489139 0.145907 
0.185433 0.121675 0.478816 0.214076 
0.131869 0.094214 0.447415 0.326502 
0.157787 0.097172 0.462565 0.282475 
0.181605 0.123232 0.473914 0.221250 
0.166255 0.248051 0.474998 0.110695 
0.097578 0.294766 0.470401 0.137255 
0.016414 0.262262 0.456306 0.265017 
0.009491 0.266357 0.438550 0.285602 
0.000262 0.296032 0.407077 0.296628 
0.000256 0.281656 0.394923 0.323164 
0.000401 0.283865 0.420564 0.295169 
0.000072 0.302976 0.413633 0.283319 
0.000113 0.293661 0.387826 0.318400 
0.000852 0.315812 0.414140 0.269196 
0.000031 0.299236 0.392612 0.308121 
0.000042 0.296217 0.378508 0.325234 
0.000189 0.258992 0.348402 0.392416 
0.000825 0.229838 0.343490 0.425847 
0.000361 0.267975 0.307000 0.424663 
0.001338 0.275799 0.316302 0.406562 
0.000144 0.353776 0.278229 0.367851 
0.001130 0.296893 0.302264 0.399713 
0.012615 0.244804 0.293960 0.448621 
0.004414 0.293124 0.255409 0.447053 
0.000969 0.316613 0.259410 0.423008 
0.000525 0.329621 0.276872 0.392982 
0.000211 0.337667 0.291259 0.370863 
0.000250 0.356519 0.260320 0.382911 
0.000515 0.351188 0.276725 0.371571 
0.001865 0.302145 0.330233 0.365756 
0.005173 0.305263 0.316442 0.373123 
0.088886 0.184778 0.335380 0.390956 
0.024585 0.299758 0.322985 0.352672 
0.015959 0.306474 0.319243 0.358323 
0.041649 0.263109 0.328500 0.366742 
0.134329 0.144570 0.313317 0.407784 
0.133106 0.202663 0.264683 0.399549 
0.141922 0.260367 0.192740 0.404971 
0.146708 0.243469 0.229896 0.379927 
0.070631 0.307225 0.308892 0.313253 
0.122527 0.267797 0.322240 0.287436 
0.032023 0.340088 0.296634 0.331255 
0.046945 0.358326 0.279429 0.315301 
0.104774 0.350471 0.236531 0.308224 
0.285367 0.246431 0.263785 0.204417 
0.238511 0.172413 0.240599 0.348477 
0.272375 0.240154 0.131042 0.356428 
0.249340 0.349407 0.162727 0.238526 
0.146958 0.311094 0.108387 0.433562 
0.236636 0.334005 0.185968 0.243391 
0.267058 0.239575 0.248894 0.244473 
0.216668 0.317737 0.219799 0.245796 
0.230944 0.265569 0.247139 0.256349 
0.218973 0.218686 0.265019 0.297321 
0.258271 0.244475 0.243146 0.254109 
0.253214 0.245879 0.243714 0.257192 
0.239119 0.284275 0.237657 0.238949 
0.231181 0.265200 0.257479 0.246140 
0.213336 0.216662 0.302660 0.267343 
0.202546 0.176171 0.383044 0.238239 
0.167681 0.181076 0.282723 0.368521 
0.221405 0.237509 0.238717 0.302369 
0.220118 0.215077 0.250707 0.314097 
0.240972 0.278632 0.246706 0.233691 
0.203666 0.345598 0.197898 0.252838 
0.208001 0.381757 0.204422 0.205821 
0.185464 0.386170 0.194323 0.234043 
0.120687 0.387228 0.253716 0.238369 
0.109409 0.401820 0.195796 0.292975 
0.158642 0.414312 0.172697 0.254349 
0.180158 0.414641 0.184361 0.220840 
0.126051 0.428790 0.143266 0.301893 
0.125014 0.430160 0.215028 0.229798 
0.100605 0.415152 0.145705 0.338539 
0.122076 0.365082 0.156191 0.356651 
0.136092 0.405987 0.115072 0.342849 
0.088808 0.358143 0.169868 0.383181 
0.135899 0.389440 0.127459 0.347202 
0.154403 0.403692 0.161852 0.280053 
0.198201 0.404172 0.206123 0.191504 
0.208569 0.375953 0.201571 0.213906 
0.191332 0.343083 0.268621 0.196964 
0.155090 0.355004 0.300567 0.189339 
0.042813 0.350934 0.302335 0.303918 
0.038540 0.381662 0.326793 0.253006 
0.075778 0.360834 0.382535 0.180852 
0.142189 0.302964 0.410548 0.144300 
0.096334 0.271100 0.472872 0.159694 
0.030115 0.303272 0.440704 0.225909 
0.011242 0.333020 0.412689 0.243050 
0.013854 0.314813 0.374642 0.296691 
0.059500 0.261902 0.354754 0.323844 
0.023431 0.333616 0.341346 0.301606 
0.056965 0.363669 0.259606 0.319760 
0.052418 0.301735 0.299905 0.345943 
0.111056 0.298212 0.256186 0.334547 
0.087527 0.235500 0.411304 0.265670 
0.196910 0.232759 0.320185 0.250146 
0.246528 0.241398 0.292668 0.219406 
0.221740 0.222104 0.339876 0.216280 
0.226767 0.294998 0.284882 0.193353 
0.221637 0.373359 0.196300 0.208704 
0.219194 0.367324 0.244749 0.168734 
0.165323 0.379015 0.322681 0.132980 
0.255991 0.364460 0.196984 0.182565 
0.249642 0.396301 0.139018 0.215039 
0.189783 0.422095 0.139852 0.248271 
0.174831 0.433984 0.120560 0.270624 
0.174261 0.415380 0.195486 0.214873 
0.189260 0.388931 0.287452 0.134357 
0.169176 0.400929 0.319912 0.109983 
0.254201 0.372634 0.224499 0.148666 
0.284730 0.257855 0.219091 0.238323 
0.290757 0.208603 0.263734 0.236906 
0.275624 0.195844 0.255414 0.273118 
0.271302 0.230103 0.215905 0.282690 
0.326601 0.179481 0.179684 0.314235 
0.343260 0.215228 0.143500 0.298013 
0.333950 0.282060 0.214612 0.169378 
0.323698 0.242245 0.157273 0.276784 
0.344957 0.186182 0.203595 0.265266 
0.344743 0.171835 0.264602 0.218820 
0.312678 0.343181 0.122127 0.222014 
0.343326 0.255878 0.180565 0.220231 
0.357340 0.208548 0.225597 0.208515 
0.352978 0.224845 0.191506 0.230671 
0.344839 0.203822 0.209287 0.242053 
0.318856 0.176303 0.245122 0.259718 
0.286127 0.157385 0.315085 0.241403 
0.190427 0.304159 0.268361 0.237053 
0.126200 0.379385 0.220823 0.273592 
0.077275 0.352538 0.228337 0.341849 
0.201272 0.254845 0.152608 0.391274 
0.155637 0.327109 0.140615 0.376639 
0.086424 0.336372 0.215812 0.361392 
0.207621 0.233728 0.165887 0.392763 
0.237952 0.193557 0.189615 0.378876 
0.128475 0.312452 0.216216 0.342858 
0.175107 0.185073 0.272882 0.366937 
0.187029 0.184869 0.271999 0.356103 
0.190311 0.182480 0.273184 0.354024 
0.223984 0.205852 0.217113 0.353052 
0.220485 0.246650 0.189435 0.343430 
0.143380 0.315007 0.177297 0.364316 
0.154270 0.396348 0.108386 0.340996 
0.162344 0.387803 0.095053 0.354800 
0.107852 0.501131 0.118824 0.272193 
0.204350 0.434530 0.111517 0.249603 
0.125579 0.407967 0.208924 0.257530 
0.249420 0.330551 0.211331 0.208698 
0.275236 0.238238 0.246685 0.239841 
0.220419 0.247497 0.347486 0.184598 
0.233451 0.150128 0.353343 0.263078 
0.202696 0.159245 0.377608 0.260451 
0.186487 0.184096 0.363406 0.266011 
0.156007 0.314108 0.291285 0.238600 
0.226142 0.217019 0.284153 0.272686 
0.199818 0.234172 0.346590 0.219420 
0.181545 0.340457 0.268075 0.209923 
0.161332 0.347133 0.250555 0.240980 
0.227794 0.296176 0.212497 0.263533 
0.205703 0.246672 0.355805 0.191819 
0.239361 0.279011 0.236713 0.244916 
0.226743 0.249798 0.223158 0.300301 
0.152072 0.352812 0.191054 0.304062 
0.187034 0.419352 0.109854 0.283759 
0.215197 0.379419 0.085189 0.320195 
0.249481 0.216655 0.309090 0.224775 
0.271320 0.214954 0.332742 0.180983 
0.198996 0.344436 0.373505 0.083063 
0.204675 0.193146 0.412568 0.189611 
0.217228 0.176601 0.425355 0.180816 
0.144199 0.215251 0.498703 0.141846 
0.213855 0.185577 0.415192 0.185376 
0.197661 0.196659 0.422014 0.183667 
0.177339 0.189899 0.424973 0.207789 
0.139691 0.293066 0.429392 0.137851 
0.098118 0.263307 0.541332 0.097243 
0.138357 0.252313 0.473873 0.135457 
0.107973 0.300877 0.480839 0.110312 
0.129917 0.141509 0.595480 0.133095 
0.120474 0.119482 0.624208 0.135835 
0.116478 0.117856 0.650650 0.115016 
0.122005 0.122826 0.631909 0.123260 
0.066471 0.097056 0.710315 0.126158 
0.083684 0.081613 0.664779 0.169925 
0.073545 0.070364 0.710579 0.145513 
0.057357 0.056299 0.782453 0.103891 
0.054984 0.069126 0.786329 0.089561 
0.041982 0.042435 0.789850 0.125733 
0.050523 0.061050 0.792084 0.096344 
0.052535 0.053210 0.778676 0.115580 
0.059166 0.089712 0.760931 0.090191 
0.063239 0.079579 0.752506 0.104675 
0.053726 0.108037 0.786868 0.051368 
0.207161 0.385581 0.203613 0.203645 
0.196864 0.350020 0.259262 0.193854 
0.251568 0.245391 0.257952 0.245088 
0.277947 0.288759 0.215627 0.217667 
0.307283 0.242962 0.281229 0.168526 
0.220686 0.280753 0.246663 0.251898 
0.155030 0.250077 0.372911 0.221982 
0.183511 0.221991 0.376277 0.218220 
0.272453 0.210166 0.260913 0.256467 
0.268989 0.182625 0.369448 0.178937 
0.343043 0.220941 0.205994 0.230021 
0.333983 0.316920 0.201832 0.147265 
0.303461 0.181139 0.352919 0.162481 
0.322601 0.220111 0.321618 0.135670 
0.293296 0.415287 0.258414 0.033002 
0.265631 0.442050 0.259779 0.032541 
0.279830 0.382586 0.186227 0.151357 
0.254130 0.269439 0.258302 0.218129 
0.213487 0.198874 0.342876 0.244764 
0.246398 0.241281 0.239604 0.272717 
0.265549 0.233068 0.248660 0.252723 
0.240817 0.257115 0.233550 0.268518 
0.170907 0.350890 0.261753 0.216450 
0.215015 0.277530 0.250340 0.257115 
0.213676 0.223811 0.336951 0.225562 
0.223189 0.299773 0.252112 0.224926 
0.212286 0.240343 0.340516 0.206854 
0.278170 0.177267 0.339120 0.205443 
0.354840 0.190930 0.243613 0.210616 
0.336507 0.285020 0.170258 0.208215 
0.358998 0.183816 0.240461 0.216725 
0.343597 0.239034 0.203748 0.213621 
0.369503 0.195039 0.239891 0.195567 
0.378971 0.255371 0.217074 0.148584 
0.340010 0.213311 0.234270 0.212410 
0.322185 0.273663 0.199506 0.204646 
0.335237 0.217575 0.266460 0.180729 
0.350611 0.284343 0.266291 0.098755 
0.277477 0.360689 0.310555 0.051279 
0.323172 0.421889 0.131526 0.123413 
0.374177 0.308150 0.181905 0.135768 
0.406069 0.177510 0.264656 0.151765 
0.387818 0.332990 0.149784 0.129408 
0.439577 0.198246 0.272496 0.089682 
0.371540 0.187998 0.301253 0.139209 
0.356478 0.363895 0.150694 0.128934 
0.368551 0.288480 0.218004 0.124965 
0.409280 0.155168 0.221329 0.214223 
0.374308 0.123595 0.294359 0.207738 
0.390340 0.193391 0.237632 0.178638 
0.367466 0.166873 0.331714 0.133947 
0.368778 0.234647 0.298235 0.098340 
0.362827 0.266518 0.180462 0.190193 
0.401110 0.101816 0.242477 0.254597 
0.392523 0.129335 0.238499 0.239643 
0.284133 0.364670 0.108001 0.243196 
0.297512 0.345396 0.173355 0.183737 
0.362472 0.266350 0.124916 0.246262 
0.313217 0.230602 0.197489 0.258692 
0.188820 0.216267 0.307419 0.287494 
0.062316 0.368959 0.304532 0.264193 
0.034200 0.391195 0.310708 0.263898 
0.057882 0.390436 0.279945 0.271736 
0.077617 0.413169 0.216438 0.292777 
0.171023 0.384341 0.128359 0.316277 
0.113892 0.278533 0.281287 0.326287 
0.183172 0.272841 0.187687 0.356299 
0.194170 0.251117 0.195116 0.359596 
0.213424 0.230541 0.209566 0.346468 
0.248260 0.203164 0.208090 0.340485 
0.213884 0.202763 0.257464 0.325888 
0.243572 0.205362 0.217836 0.333231 
0.274582 0.209233 0.208426 0.307758 
0.307644 0.222830 0.190656 0.278870 
0.234108 0.254513 0.213438 0.297941 
0.288890 0.275059 0.215130 0.220921 
0.255210 0.140331 0.313590 0.290869 
0.286426 0.074309 0.306253 0.333012 
0.192265 0.151048 0.316922 0.339765 
0.228239 0.215335 0.201792 0.354633 
0.226309 0.214911 0.205383 0.353397 
0.181151 0.166614 0.331638 0.320597 
0.165906 0.166304 0.347890 0.319899 
0.173995 0.172183 0.330988 0.322834 
0.207923 0.174439 0.278910 0.338728 
0.187300 0.284978 0.247071 0.280651 
0.091812 0.255163 0.355401 0.297624 
0.157526 0.265939 0.279214 0.297321 
0.199756 0.277304 0.200372 0.322568 
0.163301 0.359034 0.170195 0.307470 
0.183717 0.303928 0.182889 0.329466 
0.231652 0.231070 0.210871 0.326408 
0.208791 0.274997 0.182057 0.334154 
0.140955 0.319955 0.216291 0.322799 
0.167488 0.282472 0.236009 0.314031 
0.232973 0.232024 0.219693 0.315310 
0.236219 0.196888 0.249917 0.316975 
0.136251 0.286933 0.269575 0.307242 
0.283197 0.229529 0.170698 0.316575 
0.274749 0.198338 0.201606 0.325308 
0.309492 0.107628 0.258359 0.324522 
0.332102 0.213198 0.135995 0.318706 
0.301520 0.262741 0.180025 0.255714 
0.174208 0.313853 0.264746 0.247194 
0.297741 0.290630 0.103513 0.308116 
0.318469 0.273255 0.106891 0.301385 
0.197780 0.360861 0.133438 0.307921 
0.069022 0.370225 0.320339 0.240414 
0.239788 0.357541 0.143041 0.259630 
0.260517 0.276549 0.156344 0.306590 
0.227414 0.290876 0.297367 0.184343 
0.362325 0.090627 0.335047 0.212001 
0.435931 0.236707 0.107654 0.219708 
0.375009 0.179695 0.249491 0.195805 
0.355923 0.252258 0.143918 0.247901 
0.271123 0.349236 0.117460 0.262182 
0.336811 0.337896 0.108937 0.216356 
0.249526 0.401040 0.126322 0.223112 
0.112548 0.389736 0.250511 0.247204 
0.108759 0.444488 0.194127 0.252626 
0.231363 0.414978 0.098853 0.254806 
0.238591 0.401317 0.089540 0.270552 
0.060450 0.396899 0.267218 0.275432 
0.251095 0.389310 0.087612 0.271983 
0.131932 0.397101 0.161916 0.309051 
0.138092 0.403042 0.140783 0.318083 
0.028756 0.450635 0.304205 0.216404 
0.013822 0.391865 0.363829 0.230484 
0.030389 0.361890 0.340151 0.267570 
0.249678 0.344333 0.128393 0.277596 
0.287541 0.348451 0.125334 0.238674 
0.200898 0.346975 0.153648 0.298479 
0.323274 0.349675 0.070174 0.256877 
0.222578 0.355652 0.161791 0.259979 
0.189471 0.368438 0.193561 0.248530 
0.205042 0.405371 0.186029 0.203558 
0.150167 0.448477 0.198134 0.203222 
0.153128 0.450702 0.200136 0.196035 
0.212886 0.385531 0.159040 0.242543 
0.134476 0.344978 0.277623 0.242923 
0.238481 0.304167 0.170748 0.286603 
0.305155 0.258612 0.156399 0.279834 
0.311799 0.310031 0.130103 0.248067 
0.334267 0.266345 0.156858 0.242530 
0.200415 0.230926 0.302644 0.266014 
0.229943 0.232269 0.264246 0.273542 
0.241748 0.228506 0.236456 0.293290 
0.222672 0.232119 0.256841 0.288368 
0.182323 0.200430 0.364196 0.253050 
0.254295 0.215554 0.249207 0.280944 
0.344654 0.223576 0.163726 0.268043 
0.376306 0.157327 0.206200 0.260167 
0.364840 0.129535 0.257846 0.247780 
0.408626 0.150607 0.211136 0.229630 
0.400076 0.161371 0.234284 0.204269 
0.341829 0.282419 0.162596 0.213155 
0.240381 0.295241 0.224912 0.239467 
0.234039 0.324160 0.236875 0.204925 
0.275310 0.323032 0.277404 0.124254 
0.330189 0.325525 0.174351 0.169935 
0.161698 0.328100 0.339694 0.170508 
0.203918 0.371707 0.218446 0.205929 
0.201264 0.339423 0.274792 0.184521 
0.276109 0.351577 0.336799 0.035515 
0.195849 0.368552 0.292954 0.142644 
0.254416 0.339700 0.213221 0.192663 
0.211594 0.323657 0.255881 0.208868 
0.247621 0.294294 0.226408 0.231677 
0.200110 0.304132 0.297349 0.198409 
0.250045 0.299822 0.230451 0.219683 
0.359250 0.221098 0.207280 0.212373 
0.219423 0.269521 0.283403 0.227653 
0.258995 0.268874 0.246210 0.225922 
0.319156 0.246781 0.213906 0.220157 
0.348135 0.247619 0.217020 0.187225 
0.343722 0.305615 0.283842 0.066821 
0.309073 0.252140 0.222180 0.216608 
0.243514 0.274465 0.242712 0.239309 
0.303527 0.230773 0.251644 0.214056 
0.309277 0.260635 0.214465 0.215622 
0.305802 0.217248 0.262944 0.214006 
0.202900 0.274077 0.290599 0.232423 
0.230169 0.296826 0.230151 0.242854 
0.254525 0.241949 0.235382 0.268143 
0.252532 0.172919 0.336226 0.238323 
0.345513 0.160741 0.244794 0.248952 
0.323662 0.140878 0.331267 0.204192 
0.191003 0.212444 0.317259 0.279295 
0.211745 0.237387 0.275604 0.275264 
0.213351 0.191281 0.358770 0.236598 
0.308688 0.207301 0.346201 0.137810 
0.240854 0.282910 0.270600 0.205636 
0.401224 0.246196 0.133464 0.219116 
0.335824 0.249464 0.195808 0.218904 
0.210063 0.259183 0.202921 0.327833 
0.195882 0.233134 0.245481 0.325503 
0.192456 0.185112 0.306677 0.315755 
0.155161 0.246607 0.277930 0.320302 
0.340757 0.131728 0.253124 0.274392 
0.374906 0.135899 0.227203 0.261992 
0.162138 0.221919 0.295527 0.320415 
0.358724 0.049652 0.287210 0.304414 
0.291489 0.145912 0.230924 0.331676 
0.218744 0.144358 0.309283 0.327615 
0.150429 0.229415 0.294980 0.325176 
0.215552 0.268719 0.186544 0.329185 
0.191621 0.258269 0.179253 0.370856 
0.141034 0.219935 0.259127 0.379905 
0.152233 0.158584 0.321889 0.367293 
0.090975 0.187890 0.345540 0.375595 
0.135003 0.159548 0.333951 0.371498 
0.129660 0.232501 0.250865 0.386974 
0.188338 0.228568 0.204362 0.378732 
0.214454 0.242270 0.170827 0.372449 
0.132980 0.245961 0.263504 0.357555 
0.122325 0.206525 0.321640 0.349511 
0.273038 0.236129 0.158607 0.332227 
0.212563 0.247303 0.181600 0.358534 
0.204553 0.252672 0.194900 0.347875 
0.154384 0.219869 0.264115 0.361632 
0.282403 0.218389 0.148529 0.350679 
0.204756 0.202976 0.229881 0.362386 
0.195485 0.192754 0.242209 0.369552 
0.197004 0.235790 0.203944 0.363262 
0.196874 0.177205 0.272380 0.353541 
0.290606 0.112494 0.237168 0.359733 
0.204678 0.237304 0.176447 0.381571 
0.164889 0.244110 0.210808 0.380193 
0.166483 0.266362 0.187348 0.379806 
0.190366 0.257106 0.192073 0.360455 
0.194304 0.238391 0.188116 0.379189 
0.145612 0.241153 0.260748 0.352487 
0.131338 0.216175 0.312987 0.339501 
0.259734 0.141278 0.324193 0.274795 
0.337824 0.054230 0.348444 0.259503 
0.269448 0.182172 0.378146 0.170235 
0.344771 0.065595 0.397081 0.192552 
0.205786 0.173916 0.379077 0.241221 
0.191859 0.218538 0.400273 0.189331 
0.148499 0.226600 0.398735 0.226166 
0.124852 0.203386 0.407322 0.264439 
0.180125 0.167131 0.380444 0.272301 
0.092539 0.216005 0.438041 0.253415 
0.090498 0.194876 0.441203 0.273423 
0.136736 0.150278 0.448308 0.264678 
0.246027 0.035950 0.434076 0.283947 
0.327203 0.048449 0.426978 0.197370 
0.307792 0.114963 0.428607 0.148638 
0.261013 0.200705 0.429190 0.109092 
0.143176 0.250446 0.434240 0.172138 
0.261275 0.228505 0.440568 0.069652 
0.150495 0.276553 0.428291 0.144661 
0.143499 0.282951 0.410011 0.163539 
0.236031 0.282554 0.384346 0.097069 
0.246633 0.225342 0.361091 0.166934 
0.190737 0.205157 0.372801 0.231306 
0.269099 0.190903 0.381779 0.158219 
0.180030 0.186266 0.409972 0.223732 
0.169076 0.131323 0.418126 0.281476 
0.304858 0.118050 0.406208 0.170884 
0.293708 0.153253 0.394091 0.158948 
0.215764 0.204064 0.375911 0.204261 
0.237937 0.178887 0.405520 0.177655 
0.320114 0.155415 0.414718 0.109752 
0.210467 0.190180 0.446484 0.152869 
0.172229 0.216943 0.436400 0.174428 
0.169153 0.216600 0.440796 0.173452 
0.180560 0.187803 0.431743 0.199894 
0.277893 0.167320 0.403591 0.151196 
0.195149 0.227968 0.380875 0.196008 
0.199862 0.225671 0.383190 0.191277 
0.240781 0.188591 0.347083 0.223545 
0.141822 0.242877 0.337780 0.277521 
0.216673 0.204444 0.313617 0.265266 
0.355440 0.220972 0.120509 0.303079 
0.391330 0.228842 0.119211 0.260617 
0.373183 0.263913 0.131828 0.231075 
0.184655 0.300966 0.317119 0.197259 
0.193240 0.301343 0.325061 0.180356 
0.241965 0.290259 0.318996 0.148779 
0.399009 0.259187 0.201917 0.139887 
0.301350 0.282776 0.210332 0.205542 
0.349105 0.272123 0.143591 0.235181 
0.397018 0.235338 0.077447 0.290196 
0.368505 0.228304 0.060873 0.342318 
0.478982 0.187905 0.066036 0.267078 
0.479760 0.206186 0.046599 0.267455 
0.462657 0.214012 0.055971 0.267360 
0.279011 0.290425 0.199296 0.231268 
0.198145 0.281789 0.347543 0.172522 
0.342401 0.183708 0.348967 0.124924 
0.176657 0.221386 0.347730 0.254227 
0.248751 0.190119 0.387385 0.173745 
0.275583 0.153528 0.480806 0.090083 
0.122828 0.200984 0.548481 0.127707 
0.091871 0.196113 0.554874 0.157142 
0.066863 0.218361 0.462708 0.252068 
0.153200 0.160700 0.435049 0.251050 
0.271820 0.057681 0.416109 0.254389 
0.243089 0.083664 0.416992 0.256255 
0.298360 0.129425 0.425193 0.147023 
0.129773 0.238557 0.315210 0.316460 
0.216535 0.279885 0.252273 0.251307 
0.216553 0.305162 0.221889 0.256396 
0.181105 0.287461 0.263095 0.268338 
0.202760 0.305988 0.224927 0.266325 
0.212025 0.316307 0.191908 0.279759 
0.361814 0.288358 0.137167 0.212661 
0.193259 0.309889 0.232467 0.264385 
0.260398 0.294967 0.198874 0.245762 
0.196015 0.291539 0.236426 0.276019 
0.222244 0.311916 0.224715 0.241125 
0.222666 0.320178 0.229179 0.227977 
0.225485 0.291688 0.240226 0.242602 
0.376537 0.231126 0.242887 0.149450 
0.265840 0.270343 0.292791 0.171027 
0.205850 0.294027 0.308928 0.191196 
0.177875 0.283998 0.324181 0.213947 
0.208768 0.286064 0.301873 0.203295 
0.216746 0.278530 0.281063 0.223661 
0.213751 0.271514 0.300348 0.214386 
0.270493 0.269215 0.258477 0.201815 
0.200220 0.256319 0.275957 0.267504 
0.329697 0.086839 0.289859 0.293604 
0.175332 0.215934 0.355937 0.252797 
0.194546 0.187907 0.284008 0.333539 
0.303288 0.179341 0.207474 0.309897 
0.186836 0.267609 0.239782 0.305773 
0.226188 0.256601 0.273233 0.243978 
0.280763 0.202440 0.341104 0.175693 
0.290011 0.206640 0.314562 0.188787 
0.285365 0.222243 0.199690 0.292702 
0.235874 0.248893 0.255270 0.259963 
0.233819 0.240281 0.237226 0.288675 
0.331401 0.175012 0.206514 0.287072 
0.363298 0.178993 0.175801 0.281908 
0.334291 0.201725 0.209620 0.254363 
0.241580 0.233059 0.282682 0.242679 
0.271713 0.230275 0.268210 0.229802 
0.358898 0.110003 0.325938 0.205161 
0.357680 0.164295 0.267491 0.210534 
0.329938 0.187254 0.198543 0.284265 
0.323722 0.164885 0.244663 0.266730 
0.240464 0.103415 0.366701 0.289420 
0.343627 0.090586 0.324692 0.241094 
0.360913 0.059201 0.292528 0.287358 
0.361425 0.139060 0.270746 0.228768 
0.284903 0.187428 0.291375 0.236294 
0.260040 0.201417 0.353631 0.184912 
0.217846 0.230781 0.343004 0.208369 
0.329938 0.167343 0.333445 0.169273 
0.196379 0.191602 0.375650 0.236368 
0.250263 0.172417 0.367865 0.209455 
0.259940 0.208453 0.277228 0.254380 
0.238801 0.219271 0.253164 0.288764 
0.304035 0.177059 0.262439 0.256467 
0.338522 0.178071 0.242160 0.241247 
0.295978 0.204470 0.233679 0.265873 
0.372329 0.176133 0.212806 0.238732 
0.402526 0.152782 0.192125 0.252568 
0.414522 0.152584 0.152509 0.280385 
0.364565 0.034751 0.320539 0.280145 
0.384023 0.063446 0.328288 0.224243 
0.223170 0.192553 0.371310 0.212967 
0.241104 0.146258 0.391350 0.221287 
0.279163 0.174446 0.380955 0.165436 
0.182213 0.205975 0.437841 0.173972 
0.249604 0.206436 0.376177 0.167784 
0.174435 0.239839 0.375259 0.210468 
0.240591 0.230684 0.384271 0.144455 
0.311329 0.194247 0.385194 0.109230 
0.188374 0.240716 0.366584 0.204326 
0.199647 0.262999 0.362451 0.174904 
0.214360 0.282608 0.313010 0.190022 
0.361433 0.229665 0.295727 0.113175 
0.243256 0.259182 0.319599 0.177963 
0.194592 0.274936 0.317518 0.212954 
0.335381 0.247064 0.272276 0.145279 
0.323170 0.310027 0.172047 0.194755 
0.263402 0.325785 0.194295 0.216518 
0.352522 0.298606 0.259712 0.089159 
0.328814 0.330982 0.200071 0.140134 
0.240261 0.346187 0.206597 0.206956 
0.180364 0.337570 0.306262 0.175805 
0.208400 0.341010 0.224739 0.225851 
0.230342 0.320483 0.190858 0.258317 
0.246642 0.325430 0.210836 0.217092 
0.206813 0.339744 0.245244 0.208198 
0.157707 0.312858 0.285609 0.243826 
0.105026 0.259727 0.351332 0.283915 
0.171371 0.268426 0.243237 0.316967 
0.299305 0.312734 0.092550 0.295412 
0.367313 0.267792 0.037526 0.327369 
0.412902 0.260012 0.121118 0.205969 
0.220056 0.281523 0.263397 0.235024 
0.200071 0.253779 0.186381 0.359769 
0.336482 0.054144 0.286972 0.322403 
0.349708 0.187648 0.141361 0.321283 
0.379159 0.121956 0.265476 0.233409 
0.253245 0.258118 0.223928 0.264709 
0.255002 0.309610 0.213701 0.221687 
0.328458 0.308883 0.171384 0.191275 
0.187979 0.321438 0.315054 0.175529 
0.251518 0.334930 0.187505 0.226047 
0.180675 0.339199 0.244390 0.235736 
0.207284 0.336650 0.207798 0.248268 
0.219263 0.316519 0.226968 0.237250 
0.201179 0.298083 0.289399 0.211339 
0.222313 0.313786 0.224853 0.239049 
0.185156 0.243517 0.360620 0.210708 
0.215763 0.300168 0.224940 0.259129 
0.234336 0.223083 0.271989 0.270593 
0.320215 0.222982 0.207204 0.249599 
0.222495 0.258796 0.219304 0.299406 
0.227419 0.238093 0.248643 0.285845 
0.190575 0.210197 0.306427 0.292801 
0.170667 0.190822 0.320683 0.317827 
0.150905 0.154731 0.392298 0.302067 
0.163411 0.174570 0.361524 0.300495 
0.169150 0.165084 0.383924 0.281842 
0.198440 0.192582 0.327619 0.281360 
0.331496 0.137812 0.296829 0.233863 
0.199909 0.208681 0.296602 0.294807 
0.238017 0.243160 0.234605 0.284218 
0.262458 0.249533 0.220017 0.267991 
0.227236 0.258473 0.226156 0.288135 
0.315684 0.269093 0.157576 0.257647 
0.178961 0.260646 0.302029 0.258364 
0.228836 0.165669 0.354322 0.251173 
0.351730 0.182640 0.171349 0.294281 
0.259016 0.172141 0.277262 0.291580 
0.190550 0.213054 0.285659 0.310736 
0.328903 0.196213 0.213299 0.261585 
0.348295 0.153816 0.245913 0.251976 
0.377004 0.103598 0.234306 0.285091 
0.386714 0.046906 0.296421 0.269958 
0.390459 0.029101 0.327261 0.253180 
0.357727 0.098032 0.255321 0.288920 
0.319108 0.111058 0.241330 0.328503 
0.211059 0.201028 0.237270 0.350643 
0.220091 0.207109 0.228353 0.344447 
0.221379 0.140913 0.308029 0.329679 
0.237176 0.206885 0.217506 0.338433 
0.358746 0.161838 0.160342 0.319074 
0.331367 0.179682 0.172175 0.316775 
0.212669 0.296246 0.205555 0.285530 
0.169270 0.351569 0.205722 0.273439 
0.241323 0.342772 0.153221 0.262684 
0.331308 0.330514 0.108963 0.229216 
0.160663 0.348911 0.217652 0.272773 
0.106463 0.307366 0.332963 0.253208 
0.149918 0.337182 0.268907 0.243994 
0.197290 0.324243 0.296220 0.182247 
0.200159 0.348723 0.323524 0.127594 
0.341504 0.323252 0.328250 0.006994 
0.318363 0.354631 0.197563 0.129443 
0.260835 0.374317 0.254624 0.110224 
0.127553 0.366226 0.287692 0.218530 
0.087448 0.331409 0.366379 0.214764 
0.311309 0.331050 0.119406 0.238235 
0.153811 0.348921 0.291931 0.205336 
0.143408 0.321882 0.309827 0.224883 
0.160587 0.233069 0.417638 0.188706 
0.254240 0.189374 0.363234 0.193152 
0.244070 0.260340 0.251435 0.244156 
0.245148 0.255747 0.250911 0.248195 
0.289338 0.240652 0.235278 0.234733 
0.287523 0.232394 0.249995 0.230087 
0.212194 0.263282 0.307948 0.216576 
0.265892 0.232595 0.266938 0.234574 
0.273183 0.239703 0.246610 0.240504 
0.279193 0.232119 0.254281 0.234407 
0.367351 0.191802 0.219135 0.221712 
0.372992 0.233867 0.190069 0.203071 
0.302216 0.256464 0.217517 0.223804 
0.330775 0.228180 0.281336 0.159710 
0.304395 0.280576 0.212461 0.202568 
0.235342 0.231726 0.362841 0.170092 
0.283592 0.249964 0.270544 0.195900 
0.302889 0.236133 0.257994 0.202984 
0.243668 0.196493 0.345022 0.214817 
0.266849 0.191667 0.325393 0.216091 
0.335509 0.172718 0.306246 0.185527 
0.262641 0.236955 0.247684 0.252720 
0.229404 0.229489 0.289462 0.251645 
0.263173 0.239517 0.248926 0.248383 
0.247911 0.222358 0.319721 0.210010 
0.282374 0.224966 0.266290 0.226370 
0.248493 0.229094 0.310732 0.211681 
0.282314 0.208101 0.319352 0.190233 
0.347587 0.215551 0.221188 0.215674 
0.239073 0.299014 0.235088 0.226825 
0.227188 0.274620 0.271586 0.226606 
0.254480 0.217988 0.351940 0.175592 
0.332685 0.249726 0.215556 0.202032 
0.306915 0.270186 0.211041 0.211858 
0.255548 0.242565 0.321913 0.179973 
0.216944 0.228047 0.336665 0.218345 
0.221110 0.250102 0.297044 0.231744 
0.248413 0.281532 0.241195 0.228860 
