0.206279 0.266799 0.260001 0.266921 
0.249240 0.265940 0.219284 0.265536 
0.180255 0.281573 0.256975 0.281197 
0.073662 0.308805 0.308960 0.308573 
0.102056 0.299475 0.299167 0.299303 
0.250788 0.272254 0.209926 0.267031 
0.270650 0.285343 0.158620 0.285388 
0.079569 0.306865 0.306811 0.306755 
0.030973 0.313830 0.327778 0.327420 
0.199539 0.284364 0.285780 0.230317 
0.025319 0.318776 0.318104 0.337802 
0.001352 0.325181 0.329285 0.344183 
0.001172 0.326762 0.328891 0.343175 
0.002359 0.321970 0.351533 0.324138 
0.006351 0.324078 0.333879 0.335692 
0.004039 0.325638 0.329655 0.340668 
0.000349 0.332145 0.333204 0.334302 
0.000557 0.330990 0.329202 0.339251 
0.000335 0.331459 0.329066 0.339140 
0.000204 0.328014 0.334342 0.337440 
0.159210 0.292128 0.275959 0.272702 
0.013081 0.310847 0.339849 0.336223 
0.095251 0.281778 0.306714 0.316257 
0.075278 0.278792 0.325217 0.320714 
0.311624 0.292888 0.287745 0.107744 
0.318578 0.299691 0.316685 0.065046 
0.320995 0.300014 0.321657 0.057335 
0.320221 0.284746 0.311111 0.083922 
0.315237 0.272338 0.108237 0.304189 
0.334764 0.285057 0.340298 0.039880 
0.344957 0.249496 0.003149 0.402399 
0.340408 0.225113 0.080718 0.353760 
0.362496 0.203730 0.073413 0.360361 
0.392791 0.203333 0.010031 0.393845 
0.144183 0.174367 0.330401 0.351049 
0.342540 0.162986 0.179159 0.315314 
0.010736 0.170075 0.532157 0.287032 
0.000825 0.174519 0.547924 0.276732 
0.000071 0.196906 0.519330 0.283694 
0.000238 0.201483 0.541006 0.257273 
0.000185 0.198012 0.558474 0.243329 
0.000126 0.189151 0.566181 0.244542 
0.001665 0.168425 0.612783 0.217128 
0.000035 0.187943 0.514037 0.297986 
0.000471 0.156921 0.521696 0.320912 
0.067145 0.131340 0.585721 0.215794 
0.069471 0.141143 0.569490 0.219896 
0.602803 0.143849 0.025985 0.227364 
0.392226 0.119123 0.294247 0.194405 
0.511892 0.125573 0.147416 0.215120 
0.421573 0.120444 0.254439 0.203544 
0.563660 0.129464 0.085351 0.221525 
0.445919 0.121618 0.235233 0.197230 
0.271799 0.121226 0.421433 0.185542 
0.052952 0.136432 0.612366 0.198250 
0.316247 0.124021 0.394426 0.165306 
0.413546 0.127730 0.303694 0.155030 
0.250100 0.145972 0.446447 0.157481 
0.559553 0.171563 0.089966 0.178918 
0.013545 0.157971 0.657019 0.171465 
0.001626 0.176516 0.620061 0.201797 
0.306208 0.137258 0.406304 0.150231 
0.629474 0.152532 0.058209 0.159785 
0.252426 0.132927 0.475318 0.139329 
0.543389 0.143314 0.163629 0.149669 
0.641431 0.153698 0.044907 0.159964 
0.051301 0.149046 0.638398 0.161255 
0.566690 0.163902 0.095873 0.173536 
0.379639 0.154906 0.297616 0.167840 
0.180361 0.151952 0.510150 0.157537 
0.017231 0.163903 0.643864 0.175002 
0.020714 0.164867 0.649087 0.165332 
0.007289 0.173536 0.638609 0.180567 
0.010246 0.182446 0.617355 0.189954 
0.139755 0.157050 0.546937 0.156257 
0.011060 0.176541 0.625419 0.186980 
0.047675 0.157017 0.634013 0.161294 
0.081034 0.152110 0.614275 0.152581 
0.041920 0.153708 0.642463 0.161908 
0.000068 0.206712 0.574895 0.218325 
0.000097 0.214076 0.573208 0.212619 
0.000001 0.264151 0.478930 0.256918 
0.000000 0.303516 0.397335 0.299149 
0.038271 0.272199 0.419744 0.269786 
0.000147 0.292830 0.421285 0.285738 
0.000082 0.284610 0.438442 0.276866 
0.000048 0.282696 0.442264 0.274992 
0.000000 0.295282 0.409004 0.295714 
0.000000 0.292471 0.418374 0.289156 
0.000000 0.318806 0.380665 0.300528 
0.000000 0.332889 0.349355 0.317756 
0.000000 0.299448 0.415904 0.284648 
0.000000 0.305656 0.406951 0.287393 
0.000000 0.299946 0.415036 0.285018 
0.000000 0.298842 0.416971 0.284188 
0.000000 0.315301 0.380930 0.303769 
0.000000 0.320709 0.371519 0.307772 
0.000000 0.325569 0.353398 0.321033 
0.000000 0.309098 0.366103 0.324798 
0.000049 0.300062 0.402732 0.297157 
0.000002 0.283863 0.459849 0.256286 
0.000000 0.306380 0.413386 0.280233 
0.000102 0.300899 0.419845 0.279154 
0.377535 0.322260 0.000242 0.299964 
0.518271 0.219799 0.055359 0.206570 
0.007443 0.214673 0.579355 0.198529 
0.000209 0.231502 0.557436 0.210853 
0.000060 0.263026 0.497793 0.239121 
0.275448 0.373821 0.000000 0.350730 
0.248732 0.395277 0.000000 0.355991 
0.333153 0.346517 0.000000 0.320330 
0.142809 0.449948 0.000000 0.407243 
0.608577 0.203935 0.000408 0.187080 
0.493978 0.261576 0.000001 0.244445 
0.463670 0.270965 0.000001 0.265365 
0.362812 0.303104 0.000000 0.334084 
0.129776 0.423279 0.000000 0.446945 
0.383461 0.305731 0.000000 0.310808 
0.573186 0.207540 0.000131 0.219143 
0.646765 0.165917 0.010799 0.176518 
0.644977 0.162563 0.031910 0.160551 
0.567637 0.146735 0.139978 0.145650 
0.454565 0.133769 0.261947 0.149720 
0.319019 0.134042 0.398727 0.148211 
0.388824 0.128418 0.332688 0.150070 
0.415994 0.131863 0.299604 0.152539 
0.348865 0.126833 0.358399 0.165902 
0.335828 0.125825 0.326435 0.211912 
0.389342 0.124882 0.279015 0.206761 
0.369238 0.124303 0.309449 0.197010 
0.514207 0.129200 0.146015 0.210578 
0.307431 0.275929 0.000000 0.416640 
0.357190 0.274296 0.000000 0.368515 
0.508869 0.208957 0.000014 0.282160 
0.509009 0.160273 0.097307 0.233411 
0.586580 0.170216 0.001032 0.242172 
0.604604 0.160157 0.023489 0.211750 
0.580348 0.163619 0.002128 0.253904 
0.570385 0.128394 0.062512 0.238709 
0.516524 0.166382 0.000242 0.316852 
0.528932 0.163097 0.000338 0.307633 
0.599706 0.145717 0.008478 0.246099 
0.539267 0.149905 0.029002 0.281826 
0.014653 0.137441 0.544823 0.303084 
0.074390 0.131820 0.508437 0.285353 
0.027697 0.128928 0.552949 0.290426 
0.057345 0.123102 0.552759 0.266794 
0.167989 0.116991 0.469406 0.245614 
0.031764 0.125072 0.553918 0.289246 
0.201636 0.114400 0.411800 0.272165 
0.000090 0.155483 0.459281 0.385146 
0.000394 0.171159 0.274790 0.553657 
0.028607 0.182368 0.098389 0.690636 
0.027785 0.171848 0.060465 0.739902 
0.087077 0.164045 0.029009 0.719870 
0.612596 0.155028 0.100371 0.132005 
0.273905 0.153976 0.038546 0.533573 
0.472759 0.163670 0.020719 0.342852 
0.339584 0.141849 0.085586 0.432980 
0.427040 0.121377 0.265944 0.185639 
0.186499 0.134914 0.185211 0.493376 
0.185155 0.116815 0.247963 0.450067 
0.185738 0.139417 0.111217 0.563628 
0.167564 0.131352 0.191069 0.510015 
0.139682 0.135940 0.157705 0.566673 
0.074531 0.125137 0.294515 0.505817 
0.028498 0.106668 0.423282 0.441552 
0.287045 0.126821 0.026214 0.559919 
0.102372 0.151610 0.087767 0.658251 
0.356404 0.115918 0.018556 0.509122 
0.402731 0.118999 0.009821 0.468450 
0.457052 0.103169 0.086827 0.352952 
0.411288 0.096613 0.112813 0.379285 
0.315593 0.088047 0.199686 0.396674 
0.035074 0.101765 0.430562 0.432599 
0.041835 0.105998 0.385985 0.466183 
0.156438 0.098731 0.374161 0.370670 
0.233344 0.090394 0.380197 0.296065 
0.296342 0.083029 0.392077 0.228552 
0.362934 0.080124 0.275899 0.281042 
0.390892 0.082150 0.269063 0.257896 
0.288526 0.081938 0.367632 0.261905 
0.175666 0.087361 0.400439 0.336534 
0.158010 0.092907 0.387859 0.361224 
0.441096 0.102488 0.428698 0.027718 
0.212957 0.084509 0.397191 0.305343 
0.243678 0.084776 0.398495 0.273050 
0.488398 0.108125 0.349142 0.054334 
0.272384 0.085805 0.393391 0.248420 
0.303215 0.081829 0.340512 0.274443 
0.344000 0.079945 0.265198 0.310857 
0.312651 0.078435 0.302493 0.306421 
0.250391 0.082297 0.363526 0.303787 
0.338757 0.082563 0.343259 0.235422 
0.359032 0.081804 0.268444 0.290720 
0.395723 0.086829 0.276144 0.241304 
0.326035 0.087185 0.399317 0.187464 
0.377007 0.082890 0.215008 0.325096 
0.362191 0.081089 0.252579 0.304141 
0.397034 0.086553 0.272212 0.244201 
0.391673 0.085607 0.306911 0.215809 
0.380809 0.095743 0.357579 0.165870 
0.366473 0.105032 0.144849 0.383646 
0.391037 0.099593 0.238263 0.271107 
0.101123 0.096768 0.386140 0.415968 
0.017091 0.106389 0.413061 0.463459 
0.056732 0.104438 0.380767 0.458063 
0.132304 0.095766 0.387951 0.383979 
0.130194 0.093339 0.402036 0.374431 
0.328863 0.088139 0.391119 0.191879 
0.345228 0.085958 0.353249 0.215564 
0.401733 0.091204 0.376675 0.130389 
0.396766 0.090362 0.370707 0.142165 
0.383789 0.090395 0.383742 0.142074 
0.461543 0.110094 0.407842 0.020520 
0.189610 0.111738 0.283639 0.415013 
0.223235 0.118509 0.239428 0.418828 
0.257996 0.106059 0.304926 0.331018 
0.226635 0.103187 0.322095 0.348083 
0.408670 0.104739 0.334562 0.152029 
0.240767 0.108004 0.300495 0.350734 
0.116227 0.106417 0.339092 0.438264 
0.458037 0.121320 0.404936 0.015707 
0.272500 0.108718 0.357476 0.261306 
0.209378 0.116411 0.241409 0.432802 
0.221762 0.110242 0.276481 0.391515 
0.027543 0.112430 0.373180 0.486847 
0.040682 0.100952 0.432211 0.426155 
0.201690 0.093838 0.308692 0.395780 
0.352973 0.090156 0.157843 0.399027 
0.394875 0.093600 0.206622 0.304902 
0.355562 0.089376 0.218142 0.336920 
0.399450 0.096197 0.128507 0.375846 
0.402871 0.093323 0.110935 0.392872 
0.381169 0.086766 0.261158 0.270907 
0.347869 0.088004 0.347667 0.216460 
0.373884 0.088875 0.285869 0.251372 
0.256318 0.086678 0.302932 0.354072 
0.201428 0.089079 0.355720 0.353773 
0.364086 0.087238 0.286622 0.262054 
0.293648 0.085437 0.308648 0.312268 
0.376065 0.086995 0.272211 0.264730 
0.363724 0.086313 0.262137 0.287827 
0.392746 0.091411 0.219398 0.296444 
0.353351 0.086135 0.250830 0.309683 
0.317838 0.086371 0.337347 0.258443 
0.373370 0.088275 0.253245 0.285111 
0.393043 0.092970 0.309686 0.204301 
0.390872 0.098209 0.337399 0.173520 
0.380555 0.091589 0.125921 0.401936 
0.288033 0.081873 0.341431 0.288663 
0.387322 0.092611 0.302406 0.217661 
0.397415 0.094462 0.172886 0.335237 
0.397127 0.087384 0.200279 0.315211 
0.397440 0.089614 0.184370 0.328576 
0.393870 0.085201 0.228034 0.292895 
0.377147 0.082086 0.275150 0.265617 
0.373772 0.086851 0.144949 0.394428 
0.352116 0.086159 0.165225 0.396500 
0.303173 0.078471 0.319119 0.299237 
0.219253 0.083012 0.318319 0.379416 
0.288660 0.079412 0.319838 0.312091 
0.294123 0.079352 0.339843 0.286682 
0.284206 0.079843 0.356040 0.279911 
0.387947 0.084560 0.348311 0.179182 
0.282396 0.080388 0.331594 0.305622 
0.287946 0.081703 0.250946 0.379406 
0.248938 0.089371 0.274739 0.386952 
0.381436 0.082657 0.277080 0.258827 
0.377279 0.081844 0.267681 0.273196 
0.306393 0.078672 0.309987 0.304948 
0.277052 0.079586 0.325276 0.318085 
0.355118 0.086390 0.158765 0.399727 
0.386699 0.083246 0.296859 0.233196 
0.375298 0.082315 0.256407 0.285980 
0.321335 0.084315 0.218291 0.376059 
0.390918 0.088635 0.288673 0.231774 
0.329995 0.101244 0.199565 0.369197 
0.387834 0.089546 0.232953 0.289667 
0.397803 0.085726 0.264697 0.251774 
0.359657 0.081734 0.283523 0.275085 
0.396964 0.086631 0.251756 0.264649 
0.369703 0.082122 0.288263 0.259912 
0.365641 0.081314 0.276199 0.276847 
0.309894 0.079701 0.311790 0.298615 
0.341582 0.083814 0.284752 0.289852 
0.371150 0.084892 0.277280 0.266678 
0.394250 0.090953 0.225436 0.289361 
0.395259 0.089912 0.276058 0.238770 
0.346448 0.084351 0.284825 0.284375 
0.304694 0.084845 0.294060 0.316401 
0.196655 0.093019 0.314996 0.395331 
0.282810 0.085659 0.342408 0.289123 
0.373186 0.088928 0.216450 0.321436 
0.315110 0.096913 0.194222 0.393755 
0.393312 0.097610 0.210383 0.298695 
0.335725 0.109170 0.286090 0.269014 
0.372593 0.100885 0.285526 0.240996 
0.387414 0.095076 0.345890 0.171620 
0.367838 0.094837 0.265486 0.271840 
0.191104 0.106510 0.312143 0.390242 
0.321522 0.124118 0.170652 0.383708 
0.443728 0.143639 0.015801 0.396832 
0.363327 0.128238 0.186148 0.322287 
0.380158 0.119776 0.133322 0.366744 
0.404624 0.125316 0.067063 0.402998 
0.494397 0.148129 0.052800 0.304674 
0.521146 0.143295 0.106660 0.228900 
0.286062 0.135321 0.355620 0.222998 
0.277730 0.130395 0.381676 0.210199 
0.331166 0.123715 0.307282 0.237838 
0.336461 0.115829 0.302177 0.245533 
0.270742 0.105938 0.293109 0.330212 
0.421552 0.114438 0.166543 0.297468 
0.215843 0.104194 0.370143 0.309819 
0.205270 0.100218 0.362712 0.331800 
0.292525 0.102986 0.278419 0.326070 
0.190862 0.110276 0.420557 0.278304 
0.399098 0.127613 0.254563 0.218727 
0.167023 0.127907 0.502760 0.202309 
0.220459 0.127563 0.469737 0.182241 
0.218733 0.128780 0.477082 0.175405 
0.564518 0.144662 0.089966 0.200854 
0.272003 0.139654 0.419789 0.168554 
0.262446 0.145541 0.414452 0.177561 
0.226837 0.152773 0.446822 0.173567 
0.305139 0.130784 0.317532 0.246545 
0.182659 0.153103 0.467461 0.196777 
0.189570 0.152520 0.460960 0.196950 
0.333881 0.132430 0.281581 0.252107 
0.302440 0.139376 0.335599 0.222585 
0.217909 0.141628 0.426309 0.214155 
0.179910 0.142452 0.438709 0.238929 
0.193528 0.158599 0.403181 0.244692 
0.495713 0.167314 0.115383 0.221590 
0.099817 0.157190 0.510148 0.232845 
0.508493 0.166215 0.112114 0.213178 
0.102774 0.156660 0.499019 0.241548 
0.088152 0.134406 0.470830 0.306612 
0.085584 0.121428 0.452186 0.340801 
0.105825 0.116659 0.455066 0.322450 
0.103772 0.108687 0.450786 0.336755 
0.110180 0.119011 0.486898 0.283912 
0.099881 0.115754 0.482062 0.302303 
0.191151 0.116761 0.406811 0.285278 
0.076505 0.110603 0.486584 0.326309 
0.070133 0.097129 0.436597 0.396141 
0.085676 0.095504 0.420024 0.398796 
0.169222 0.085427 0.378050 0.367301 
0.161015 0.087146 0.379409 0.372431 
0.249354 0.082068 0.376307 0.292271 
0.192246 0.083662 0.381081 0.343011 
0.116570 0.088719 0.389175 0.405536 
0.105651 0.093832 0.403817 0.396701 
0.214923 0.086589 0.369026 0.329461 
0.394011 0.097950 0.325061 0.182978 
0.283668 0.092465 0.390277 0.233590 
0.344094 0.094136 0.388920 0.172849 
0.322132 0.092543 0.393911 0.191413 
0.224470 0.102823 0.365982 0.306725 
0.065679 0.107354 0.414159 0.412809 
0.166985 0.117620 0.328128 0.387267 
0.064627 0.119531 0.411029 0.404813 
0.082296 0.109832 0.402707 0.405165 
0.190488 0.099429 0.388768 0.321315 
0.146885 0.103716 0.379568 0.369832 
0.081901 0.099099 0.408516 0.410484 
0.285345 0.100022 0.390522 0.224112 
0.103223 0.122276 0.380576 0.393925 
0.268904 0.126272 0.349715 0.255109 
0.369184 0.149042 0.185903 0.295870 
0.325822 0.161105 0.331928 0.181145 
0.332908 0.162481 0.373924 0.130686 
0.368028 0.162315 0.364809 0.104847 
0.382923 0.142594 0.415296 0.059187 
0.374575 0.141477 0.363502 0.120447 
0.357985 0.136741 0.466584 0.038690 
0.383953 0.142754 0.441945 0.031348 
0.375152 0.146620 0.438807 0.039422 
0.340390 0.159156 0.477366 0.023089 
0.323358 0.153173 0.478670 0.044799 
0.368316 0.141859 0.444524 0.045302 
0.388949 0.118333 0.441437 0.051281 
0.377669 0.128572 0.340120 0.153639 
0.371135 0.138326 0.466672 0.023867 
0.385171 0.118920 0.184741 0.311167 
0.236522 0.105539 0.283165 0.374774 
0.121234 0.092792 0.402683 0.383291 
0.206093 0.089119 0.395511 0.309276 
0.178984 0.092716 0.395661 0.332638 
0.234580 0.088789 0.388064 0.288567 
0.281695 0.090367 0.394756 0.233182 
0.429718 0.101292 0.423172 0.045817 
0.384639 0.094437 0.384221 0.136703 
0.444415 0.100344 0.397266 0.057975 
0.226387 0.093026 0.369589 0.310998 
0.243192 0.091722 0.375375 0.289711 
0.259009 0.089377 0.382621 0.268993 
0.259288 0.091974 0.381253 0.267485 
0.297351 0.096206 0.383986 0.222457 
0.419400 0.096075 0.392123 0.092402 
0.438661 0.099461 0.405145 0.056733 
0.456856 0.106110 0.418902 0.018132 
0.432668 0.125636 0.435815 0.005882 
0.350686 0.112051 0.385319 0.151943 
0.390236 0.129671 0.477837 0.002257 
0.454122 0.112688 0.421215 0.011975 
0.458666 0.114485 0.419811 0.007038 
0.407176 0.129230 0.462350 0.001244 
0.368121 0.142553 0.483520 0.005806 
0.384936 0.133121 0.480617 0.001327 
0.383055 0.130839 0.484464 0.001643 
0.390600 0.133307 0.475177 0.000916 
0.426060 0.130508 0.441749 0.001683 
0.432864 0.129272 0.436794 0.001070 
0.368925 0.112310 0.361267 0.157498 
0.430497 0.105584 0.346197 0.117723 
0.019797 0.112412 0.394758 0.473033 
0.001160 0.136344 0.491976 0.370520 
0.004914 0.150707 0.532377 0.312002 
0.033269 0.116288 0.434619 0.415824 
0.027582 0.109998 0.438202 0.424217 
0.146387 0.092500 0.390418 0.370695 
0.227825 0.091644 0.378582 0.301949 
0.009889 0.107829 0.440676 0.441607 
0.105272 0.101530 0.371064 0.422134 
0.002048 0.125533 0.442237 0.430181 
0.005827 0.139642 0.404209 0.450323 
0.159449 0.134897 0.327973 0.377682 
0.256296 0.135981 0.314009 0.293713 
0.235888 0.144269 0.321537 0.298306 
0.270211 0.136944 0.321128 0.271718 
0.275441 0.155459 0.312989 0.256111 
0.163741 0.167166 0.326624 0.342470 
0.041963 0.157736 0.356643 0.443658 
0.009368 0.180592 0.369877 0.440163 
0.001950 0.259961 0.388668 0.349421 
0.002210 0.277031 0.361497 0.359262 
0.266664 0.210756 0.277260 0.245319 
0.361156 0.230546 0.276694 0.131605 
0.423193 0.209431 0.299985 0.067390 
0.430544 0.244365 0.312236 0.012855 
0.452514 0.201303 0.313260 0.032923 
0.400521 0.225059 0.267350 0.107070 
0.393216 0.193317 0.294410 0.119057 
0.306398 0.274521 0.253059 0.166023 
0.202380 0.256572 0.256023 0.285025 
0.308948 0.222650 0.264096 0.204306 
0.206617 0.269809 0.259582 0.263991 
0.165412 0.279553 0.261374 0.293661 
0.288187 0.302508 0.242245 0.167060 
0.185555 0.340800 0.218298 0.255348 
0.235719 0.309608 0.209191 0.245482 
0.267601 0.242271 0.201952 0.288176 
0.259679 0.255025 0.208644 0.276651 
0.234540 0.331662 0.202505 0.231293 
0.212841 0.239409 0.200118 0.347632 
0.027565 0.381029 0.236901 0.354505 
0.112003 0.292928 0.246356 0.348713 
0.089499 0.344424 0.228319 0.337758 
0.085613 0.248689 0.267773 0.397926 
0.277304 0.099546 0.314019 0.309131 
0.352260 0.221834 0.292956 0.132951 
0.320914 0.188191 0.297098 0.193798 
0.105241 0.231989 0.302260 0.360509 
0.220361 0.270815 0.276143 0.232682 
0.285405 0.259077 0.275750 0.179768 
0.243949 0.208409 0.303361 0.244281 
0.307352 0.304519 0.265678 0.122451 
0.238724 0.323972 0.236983 0.200320 
0.056603 0.312009 0.280331 0.351056 
0.023327 0.298333 0.299659 0.378681 
0.267806 0.124199 0.328239 0.279756 
0.259518 0.121855 0.320566 0.298061 
0.350103 0.043518 0.355019 0.251360 
0.332778 0.158575 0.319471 0.189176 
0.379200 0.116144 0.308673 0.195983 
0.400706 0.212463 0.289514 0.097317 
0.329474 0.295576 0.227782 0.147169 
0.351429 0.344501 0.239997 0.064073 
0.367238 0.326375 0.258815 0.047572 
0.171347 0.281032 0.273949 0.273672 
0.003366 0.354054 0.291422 0.351159 
0.115256 0.320163 0.243609 0.320973 
0.030932 0.335977 0.270029 0.363062 
0.034502 0.352431 0.246017 0.367050 
0.141856 0.313711 0.251889 0.292544 
0.224745 0.212880 0.278649 0.283726 
0.122523 0.265937 0.269709 0.341832 
0.094361 0.299421 0.272273 0.333945 
0.057876 0.354699 0.236367 0.351058 
0.019109 0.386197 0.261072 0.333622 
0.085550 0.348338 0.260917 0.305194 
0.136785 0.282211 0.252894 0.328111 
0.115631 0.286810 0.273062 0.324497 
0.231149 0.309179 0.258752 0.200919 
0.103891 0.319107 0.271934 0.305068 
0.002307 0.290452 0.347648 0.359594 
0.001224 0.247334 0.399562 0.351879 
0.001771 0.189801 0.409451 0.398978 
0.004779 0.117552 0.416184 0.461485 
0.052815 0.201405 0.354733 0.391046 
0.065766 0.314123 0.306160 0.313951 
0.261074 0.205775 0.266837 0.266314 
0.219232 0.185853 0.285639 0.309275 
0.178320 0.288446 0.291068 0.242166 
0.220676 0.284637 0.308982 0.185705 
0.237092 0.253156 0.271360 0.238392 
0.214436 0.199133 0.293345 0.293086 
0.248614 0.220138 0.276514 0.254734 
0.185491 0.261437 0.290048 0.263024 
0.215439 0.185881 0.294285 0.304396 
0.210399 0.245175 0.344672 0.199753 
0.108345 0.351559 0.329994 0.210101 
0.036598 0.294717 0.343458 0.325228 
0.152932 0.275573 0.258779 0.312715 
0.131094 0.234722 0.301715 0.332469 
0.210755 0.155561 0.365666 0.268017 
0.219638 0.140665 0.372605 0.267092 
0.273507 0.133750 0.377399 0.215344 
0.245368 0.215420 0.341703 0.197509 
0.228114 0.251485 0.322189 0.198211 
0.082310 0.254934 0.330738 0.332019 
0.127072 0.286582 0.312559 0.273787 
0.137559 0.322487 0.258629 0.281324 
0.163691 0.314728 0.275226 0.246354 
0.089229 0.311967 0.297649 0.301155 
0.209148 0.202716 0.304332 0.283804 
0.224574 0.178382 0.292534 0.304510 
0.159240 0.245449 0.308964 0.286347 
0.156900 0.251994 0.290672 0.300433 
0.248364 0.174664 0.291988 0.284985 
0.111269 0.304933 0.292994 0.290804 
0.167626 0.288329 0.257667 0.286378 
0.194871 0.228504 0.318523 0.258102 
0.241746 0.232774 0.272783 0.252697 
0.198832 0.266185 0.280795 0.254188 
0.234679 0.196059 0.279279 0.289983 
0.111811 0.353285 0.338895 0.196009 
0.207130 0.305966 0.263955 0.222948 
0.236426 0.208739 0.318297 0.236538 
0.056093 0.324689 0.342205 0.277013 
0.206281 0.228395 0.283913 0.281411 
0.278983 0.223509 0.282302 0.215206 
0.275546 0.201918 0.258616 0.263919 
0.275531 0.226423 0.246370 0.251676 
0.270696 0.232680 0.225517 0.271106 
0.265974 0.235516 0.259630 0.238880 
0.260027 0.243088 0.254588 0.242297 
0.237374 0.212739 0.282029 0.267858 
0.234272 0.227882 0.287456 0.250390 
0.232220 0.214726 0.288034 0.265020 
0.082522 0.308081 0.305416 0.303981 
0.104225 0.307697 0.289497 0.298581 
0.093365 0.237878 0.337093 0.331665 
0.228208 0.300409 0.297510 0.173873 
0.268322 0.229461 0.283035 0.219182 
0.208932 0.247145 0.286988 0.256935 
0.262598 0.234649 0.258744 0.244009 
0.250774 0.229386 0.268398 0.251443 
0.240026 0.244203 0.286944 0.228827 
0.236872 0.204523 0.282012 0.276594 
0.232811 0.238770 0.288179 0.240239 
0.232660 0.301308 0.296673 0.169359 
0.120470 0.293282 0.309752 0.276495 
0.157065 0.321603 0.262011 0.259321 
0.193341 0.255277 0.257918 0.293463 
0.245442 0.176049 0.290396 0.288114 
0.247551 0.202513 0.288883 0.261053 
0.262600 0.228890 0.273406 0.235104 
0.252494 0.184025 0.276116 0.287365 
0.279570 0.176611 0.253251 0.290568 
0.265005 0.213573 0.256959 0.264463 
0.278432 0.224667 0.275657 0.221244 
0.261855 0.267220 0.285516 0.185409 
0.277496 0.227766 0.290153 0.204585 
0.277855 0.219091 0.274146 0.228909 
0.286002 0.306476 0.300165 0.107356 
0.291173 0.323504 0.260962 0.124361 
0.281643 0.245960 0.242143 0.230254 
0.285062 0.219452 0.252204 0.243282 
0.301250 0.238121 0.235169 0.225460 
0.183309 0.319850 0.256262 0.240580 
0.271212 0.155493 0.261583 0.311713 
0.228283 0.245879 0.260214 0.265624 
0.289158 0.267213 0.238502 0.205127 
0.289910 0.193532 0.270565 0.245992 
0.295361 0.131593 0.291173 0.281873 
0.299071 0.104855 0.301513 0.294561 
0.307769 0.303723 0.082877 0.305631 
0.282553 0.251107 0.225872 0.240468 
0.287591 0.279942 0.207439 0.225028 
0.299922 0.297910 0.190010 0.212158 
0.289563 0.266743 0.148166 0.295527 
0.283752 0.283258 0.220546 0.212444 
0.278143 0.257737 0.232039 0.232081 
0.278059 0.226240 0.223417 0.272285 
0.275981 0.291077 0.221778 0.211164 
0.275718 0.232613 0.264525 0.227143 
0.279127 0.269978 0.265379 0.185515 
0.302191 0.130922 0.300953 0.265935 
0.281221 0.217010 0.199275 0.302494 
0.270836 0.187483 0.247993 0.293688 
0.293187 0.108285 0.311433 0.287095 
0.289843 0.123133 0.305717 0.281307 
0.322519 0.287461 0.319406 0.070614 
0.295356 0.160320 0.298157 0.246167 
0.298999 0.301501 0.139206 0.260294 
0.345021 0.203414 0.222767 0.228798 
0.278493 0.259496 0.217124 0.244887 
0.286961 0.280146 0.175734 0.257159 
0.284722 0.270476 0.180679 0.264123 
0.295477 0.162135 0.299378 0.243009 
0.274075 0.299536 0.302950 0.123439 
0.325622 0.259239 0.131244 0.283895 
0.289596 0.294506 0.305054 0.110844 
0.300921 0.208460 0.286534 0.204085 
0.327447 0.217339 0.245198 0.210016 
0.348584 0.321086 0.213182 0.117148 
0.355438 0.239427 0.183319 0.221816 
0.345282 0.214556 0.205467 0.234695 
0.326440 0.194355 0.249088 0.230118 
0.322152 0.171604 0.260208 0.246036 
0.291827 0.287208 0.302603 0.118361 
0.298825 0.180282 0.299983 0.220910 
0.288586 0.183289 0.266027 0.262099 
0.295644 0.296308 0.205969 0.202078 
0.288259 0.249246 0.292009 0.170486 
0.288918 0.238006 0.210248 0.262828 
0.285976 0.180755 0.241393 0.291876 
0.280621 0.256586 0.213055 0.249738 
0.279263 0.256146 0.252387 0.212204 
0.278011 0.231420 0.309002 0.181567 
0.260744 0.225376 0.217147 0.296733 
0.263006 0.238679 0.235803 0.262512 
0.270368 0.289550 0.227916 0.212165 
0.252280 0.255193 0.230268 0.262259 
0.295688 0.270046 0.190170 0.244097 
0.267285 0.232068 0.275723 0.224924 
0.258073 0.186087 0.321811 0.234030 
0.259157 0.209583 0.311568 0.219692 
0.283368 0.325771 0.326565 0.064295 
0.242628 0.219627 0.247460 0.290285 
0.236074 0.257480 0.266344 0.240101 
0.256726 0.321320 0.241706 0.180248 
0.251504 0.290319 0.239225 0.218952 
0.245832 0.294726 0.265020 0.194423 
0.240874 0.253421 0.306250 0.199455 
0.294137 0.320230 0.350604 0.035030 
0.274473 0.243334 0.183773 0.298419 
0.285501 0.230829 0.173656 0.310014 
0.279353 0.110230 0.303625 0.306792 
0.262110 0.156422 0.277599 0.303869 
0.289291 0.136030 0.282323 0.292355 
0.287687 0.083893 0.312107 0.316312 
0.287936 0.153934 0.304683 0.253447 
0.274169 0.283850 0.318771 0.123210 
0.298469 0.291350 0.318673 0.091509 
0.265809 0.296595 0.277377 0.160219 
0.250001 0.224218 0.295897 0.229884 
0.276817 0.268864 0.315674 0.138645 
0.276891 0.314776 0.255233 0.153101 
0.263454 0.285114 0.277965 0.173468 
0.281257 0.092816 0.310383 0.315543 
0.260493 0.292620 0.182356 0.264532 
0.293169 0.284888 0.215291 0.206653 
0.246896 0.211378 0.285368 0.256358 
0.257197 0.322820 0.237902 0.182081 
0.258990 0.321203 0.220233 0.199574 
0.248105 0.258190 0.243560 0.250145 
0.244477 0.249368 0.269351 0.236804 
0.257754 0.318091 0.140241 0.283915 
0.254325 0.322081 0.236324 0.187271 
0.246567 0.320810 0.207351 0.225273 
0.235378 0.246940 0.273484 0.244198 
0.233956 0.220427 0.299114 0.246502 
0.227439 0.295842 0.249848 0.226871 
0.232223 0.233863 0.327781 0.206133 
0.212039 0.252611 0.269716 0.265634 
0.218659 0.245359 0.327271 0.208711 
0.227678 0.241661 0.331638 0.199023 
0.217661 0.249189 0.268793 0.264357 
0.218040 0.289059 0.289458 0.203443 
0.217859 0.332412 0.229021 0.220708 
0.209944 0.295811 0.250020 0.244225 
0.215438 0.317198 0.183918 0.283446 
0.237290 0.329833 0.247586 0.185292 
0.217441 0.222385 0.246629 0.313545 
0.222029 0.292870 0.213152 0.271948 
0.235445 0.336466 0.118732 0.309357 
0.213585 0.197907 0.305565 0.282944 
0.216917 0.211640 0.250664 0.320778 
0.230247 0.311910 0.119167 0.338677 
0.248857 0.233882 0.234449 0.282812 
0.281607 0.313778 0.016004 0.388612 
0.277254 0.349704 0.012712 0.360329 
0.331867 0.264582 0.038969 0.364581 
0.322027 0.313853 0.029220 0.334901 
0.301808 0.300442 0.144387 0.253363 
0.280964 0.162076 0.281880 0.275081 
0.344231 0.031741 0.233414 0.390614 
0.312338 0.315740 0.059363 0.312558 
0.279334 0.257963 0.148488 0.314215 
0.308710 0.091708 0.297429 0.302153 
0.299326 0.186123 0.223921 0.290629 
0.247440 0.204018 0.266857 0.281685 
0.204736 0.227117 0.278037 0.290109 
0.284641 0.113993 0.300469 0.300897 
0.231333 0.284056 0.187393 0.297217 
0.287343 0.216829 0.206045 0.289783 
0.314753 0.317026 0.050323 0.317898 
0.302722 0.170435 0.229880 0.296964 
0.237552 0.162487 0.303349 0.296613 
0.181385 0.219270 0.298168 0.301176 
0.135294 0.261989 0.299811 0.302906 
0.152027 0.251469 0.301179 0.295325 
0.212755 0.201920 0.299670 0.285655 
0.050227 0.332941 0.286464 0.330368 
0.058295 0.368828 0.199579 0.373299 
0.177540 0.236075 0.279523 0.306862 
0.196214 0.204556 0.296764 0.302466 
0.162464 0.290371 0.253646 0.293519 
0.187975 0.295666 0.214953 0.301405 
0.103537 0.323785 0.270504 0.302174 
0.131273 0.265485 0.322022 0.281220 
0.249496 0.174954 0.277028 0.298522 
0.077107 0.332217 0.264157 0.326520 
0.237716 0.221128 0.208250 0.332906 
0.148126 0.289209 0.292564 0.270101 
0.256175 0.161647 0.286868 0.295311 
0.241784 0.160487 0.291789 0.305940 
0.218393 0.194341 0.302992 0.284274 
0.216176 0.281254 0.221862 0.280709 
0.220995 0.209573 0.285353 0.284080 
0.307014 0.146666 0.253264 0.293056 
0.308770 0.108023 0.291230 0.291977 
0.245099 0.164780 0.295005 0.295116 
0.118678 0.286101 0.297723 0.297498 
0.077080 0.298185 0.309915 0.314821 
0.151588 0.265031 0.262843 0.320538 
0.161363 0.256926 0.290651 0.291061 
0.049957 0.289226 0.331333 0.329483 
0.061861 0.300509 0.319352 0.318279 
0.252482 0.202393 0.261569 0.283555 
0.303790 0.195756 0.217139 0.283314 
0.300281 0.267976 0.145429 0.286314 
0.261831 0.288614 0.168430 0.281125 
0.256769 0.287637 0.175861 0.279732 
0.257879 0.220183 0.252240 0.269697 
0.213106 0.220925 0.277298 0.288671 
0.229593 0.179916 0.281454 0.309037 
0.312283 0.029285 0.328864 0.329567 
0.264468 0.174658 0.270883 0.289991 
0.229022 0.190668 0.289362 0.290948 
0.053853 0.320189 0.306203 0.319755 
0.218470 0.187167 0.287851 0.306511 
0.341349 0.076097 0.243759 0.338795 
0.215814 0.224344 0.231294 0.328547 
0.274016 0.186825 0.200598 0.338561 
0.203974 0.237020 0.225741 0.333266 
0.095699 0.330374 0.231107 0.342820 
0.128666 0.278716 0.273320 0.319298 
0.236715 0.196319 0.277418 0.289548 
0.163223 0.243453 0.307388 0.285935 
0.279417 0.182329 0.265021 0.273233 
0.208214 0.197470 0.293262 0.301054 
0.338404 0.056354 0.291804 0.313438 
0.302338 0.120843 0.292932 0.283887 
0.256771 0.146693 0.312101 0.284435 
0.306727 0.150914 0.253931 0.288428 
0.305417 0.249672 0.164138 0.280773 
0.310254 0.261906 0.139830 0.288010 
0.291049 0.012524 0.336175 0.360253 
0.322489 0.031872 0.331769 0.313870 
0.311477 0.162771 0.241907 0.283846 
0.326181 0.047411 0.326258 0.300151 
0.304221 0.102133 0.292679 0.300967 
0.201169 0.214439 0.303888 0.280504 
0.185737 0.217871 0.296607 0.299784 
0.085837 0.307455 0.303217 0.303491 
0.013682 0.361696 0.270534 0.354088 
0.115818 0.323618 0.217846 0.342718 
0.075401 0.409054 0.110862 0.404683 
0.236172 0.230504 0.180063 0.353261 
0.105770 0.286571 0.302409 0.305250 
0.215294 0.301285 0.185689 0.297732 
0.211050 0.207306 0.293315 0.288329 
0.045174 0.326325 0.294536 0.333965 
0.121499 0.301705 0.277668 0.299128 
0.197382 0.268096 0.244916 0.289606 
0.187354 0.221525 0.285813 0.305308 
0.145239 0.292733 0.282463 0.279566 
0.337262 0.055645 0.269532 0.337561 
0.249699 0.171266 0.287363 0.291672 
0.261946 0.150667 0.270755 0.316632 
0.061542 0.305654 0.315820 0.316983 
0.093209 0.290441 0.303636 0.312714 
0.185275 0.246890 0.248169 0.319665 
0.274799 0.152025 0.280128 0.293048 
0.230960 0.267194 0.213990 0.287857 
0.271904 0.298304 0.133401 0.296391 
0.273906 0.284790 0.147694 0.293610 
0.215189 0.295876 0.191842 0.297094 
0.244415 0.291095 0.177192 0.287298 
0.125885 0.289115 0.286359 0.298641 
0.216871 0.288956 0.188810 0.305363 
0.222267 0.271853 0.189433 0.316447 
0.083047 0.304814 0.276060 0.336079 
0.170914 0.238964 0.331780 0.258342 
0.327825 0.260656 0.081420 0.330099 
0.306787 0.294007 0.099970 0.299236 
0.255892 0.250853 0.229841 0.263414 
0.277758 0.316715 0.087341 0.318186 
0.262222 0.298099 0.141888 0.297790 
0.244580 0.266670 0.199442 0.289308 
0.198190 0.214473 0.293838 0.293499 
0.268076 0.228043 0.207131 0.296751 
0.250353 0.289695 0.188080 0.271873 
0.188208 0.276598 0.279274 0.255920 
0.154877 0.295021 0.285338 0.264764 
0.236716 0.207016 0.281993 0.274276 
0.250037 0.206531 0.258845 0.284586 
0.288595 0.153207 0.271388 0.286810 
0.266718 0.268064 0.164255 0.300963 
0.290654 0.173734 0.263437 0.272175 
0.261086 0.270044 0.194673 0.274198 
0.232597 0.258756 0.232063 0.276583 
0.234097 0.242135 0.266331 0.257437 
0.242401 0.260687 0.236465 0.260446 
0.223478 0.283989 0.236652 0.255881 
0.209836 0.304163 0.287774 0.198227 
0.185138 0.267092 0.314210 0.233559 
0.207729 0.245360 0.312024 0.234886 
0.215965 0.271067 0.236003 0.276964 
0.278536 0.272133 0.212091 0.237240 
0.322272 0.281184 0.324657 0.071887 
0.211642 0.266215 0.318289 0.203854 
0.314394 0.292790 0.318718 0.074098 
0.271615 0.286724 0.264204 0.177457 
0.269215 0.252282 0.230871 0.247631 
0.288030 0.270274 0.236754 0.204942 
0.265071 0.212937 0.293136 0.228857 
0.288222 0.236869 0.243507 0.231402 
0.264770 0.242024 0.242841 0.250365 
0.261843 0.233695 0.266706 0.237757 
0.285270 0.243588 0.282553 0.188589 
0.251442 0.269234 0.269842 0.209481 
0.277585 0.242111 0.243052 0.237252 
0.233690 0.255781 0.287573 0.222956 
0.237802 0.266466 0.284830 0.210902 
0.232962 0.257393 0.263856 0.245790 
0.234863 0.248566 0.266553 0.250018 
0.283775 0.273067 0.258925 0.184233 
0.252235 0.273122 0.245475 0.229168 
0.261217 0.235407 0.265387 0.237989 
0.244341 0.259717 0.263718 0.232224 
0.246063 0.227435 0.286957 0.239546 
0.287147 0.261914 0.218824 0.232115 
0.270149 0.159925 0.318125 0.251800 
0.237731 0.241104 0.257951 0.263214 
0.253070 0.295807 0.200293 0.250829 
0.277970 0.306395 0.188263 0.227372 
0.265455 0.293838 0.291060 0.149647 
0.306324 0.281208 0.267275 0.145194 
0.314170 0.252973 0.253578 0.179279 
0.283930 0.271473 0.234483 0.210114 
0.222222 0.284881 0.306399 0.186498 
0.259357 0.289033 0.245800 0.205811 
0.229141 0.288157 0.256491 0.226210 
0.267191 0.284657 0.252247 0.195905 
0.283353 0.286923 0.213536 0.216187 
0.253463 0.283361 0.270573 0.192604 
0.207816 0.281291 0.301563 0.209330 
0.241148 0.263135 0.265000 0.230716 
0.253815 0.256334 0.247098 0.242753 
0.267539 0.266547 0.302610 0.163304 
0.300090 0.299589 0.200263 0.200058 
0.284409 0.309632 0.222981 0.182978 
0.252467 0.288860 0.252166 0.206507 
0.260520 0.320785 0.208994 0.209701 
0.293295 0.311101 0.285147 0.110457 
0.252583 0.316091 0.216898 0.214428 
0.296515 0.299192 0.201329 0.202964 
0.256094 0.264357 0.239795 0.239754 
0.250325 0.249945 0.253174 0.246556 
0.265939 0.258366 0.237896 0.237799 
0.249721 0.251690 0.263952 0.234637 
0.228291 0.253767 0.282565 0.235376 
0.247594 0.288387 0.225185 0.238834 
0.279496 0.278082 0.279084 0.163338 
0.264279 0.289857 0.279275 0.166588 
0.277640 0.323763 0.262359 0.136238 
0.207622 0.282956 0.290511 0.218911 
0.220707 0.278206 0.290195 0.210892 
0.261360 0.285084 0.268273 0.185282 
0.283051 0.288879 0.277316 0.150754 
0.303035 0.280268 0.270448 0.146248 
0.283168 0.239326 0.238248 0.239257 
0.278260 0.231799 0.248804 0.241138 
0.241637 0.231595 0.288231 0.238537 
0.248764 0.244767 0.265567 0.240902 
0.273845 0.232725 0.259595 0.233835 
0.272305 0.232545 0.269842 0.225309 
0.261795 0.232629 0.233955 0.271621 
0.286572 0.235736 0.235174 0.242518 
0.258257 0.245111 0.250916 0.245716 
0.261025 0.206056 0.263474 0.269446 
0.238596 0.236484 0.246697 0.278223 
0.243067 0.233089 0.237827 0.286018 
0.264615 0.149001 0.294471 0.291913 
0.288537 0.129757 0.287455 0.294251 
0.273378 0.125485 0.291654 0.309483 
0.308333 0.090364 0.289167 0.312136 
0.278064 0.131645 0.278249 0.312041 
0.260552 0.145217 0.279443 0.314787 
0.221668 0.236178 0.227930 0.314224 
0.221154 0.254880 0.186054 0.337912 
0.374938 0.100330 0.156934 0.367798 
0.306404 0.212538 0.193454 0.287604 
0.312790 0.088317 0.247521 0.351371 
0.312653 0.218405 0.224358 0.244584 
0.303542 0.102128 0.289405 0.304925 
0.292166 0.155124 0.295093 0.257617 
0.289193 0.215499 0.299073 0.196235 
0.274502 0.205598 0.288676 0.231224 
0.236163 0.223047 0.286785 0.254005 
0.256918 0.226677 0.274236 0.242169 
0.268164 0.238543 0.218931 0.274362 
0.281185 0.238423 0.216937 0.263456 
0.289929 0.214514 0.287396 0.208160 
0.257807 0.237794 0.262176 0.242223 
0.280027 0.202809 0.249082 0.268082 
0.280398 0.178752 0.285282 0.255569 
0.195578 0.233733 0.286660 0.284029 
0.264406 0.236614 0.222402 0.276579 
0.238654 0.256746 0.238335 0.266266 
0.229885 0.256760 0.248599 0.264756 
0.285935 0.213197 0.209788 0.291081 
0.257319 0.200541 0.261595 0.280546 
0.255901 0.182100 0.272040 0.289959 
0.247084 0.206689 0.257703 0.288524 
0.233823 0.244654 0.235785 0.285737 
0.250093 0.240513 0.226928 0.282466 
0.250132 0.253763 0.243969 0.252137 
0.254210 0.235229 0.277138 0.233422 
0.271192 0.239400 0.248249 0.241159 
0.243984 0.242068 0.268678 0.245270 
0.289318 0.212075 0.288231 0.210377 
0.272775 0.224328 0.222921 0.279975 
0.224770 0.253497 0.258641 0.263092 
0.287988 0.215072 0.250740 0.246201 
0.274569 0.230186 0.260791 0.234454 
0.278468 0.236161 0.245169 0.240202 
0.311399 0.209698 0.226214 0.252688 
0.354587 0.228288 0.141061 0.276063 
0.400426 0.258028 0.078494 0.263051 
0.328250 0.274057 0.096920 0.300774 
0.375949 0.246947 0.132207 0.244896 
0.358047 0.196690 0.152477 0.292786 
0.202614 0.150340 0.140609 0.506437 
0.388993 0.222336 0.106420 0.282251 
0.239273 0.123901 0.246813 0.390013 
0.306237 0.118749 0.283331 0.291682 
0.278013 0.119272 0.309482 0.293232 
0.204514 0.206137 0.295421 0.293928 
0.204897 0.223370 0.282279 0.289455 
0.228323 0.227756 0.269078 0.274843 
0.236556 0.235909 0.257863 0.269671 
0.272424 0.218592 0.267743 0.241241 
0.287372 0.224263 0.266222 0.222143 
0.277210 0.238732 0.244425 0.239633 
0.265860 0.239187 0.255903 0.239050 
0.284260 0.238831 0.238455 0.238454 
0.280007 0.193866 0.290239 0.235888 
0.266306 0.235764 0.219907 0.278024 
0.222355 0.229973 0.269039 0.278633 
0.272026 0.220862 0.221075 0.286038 
0.198250 0.210696 0.299005 0.292049 
0.197111 0.205595 0.306543 0.290751 
0.174120 0.234971 0.297825 0.293083 
0.334937 0.042960 0.279713 0.342390 
0.318021 0.026476 0.327344 0.328159 
0.243779 0.216358 0.252497 0.287366 
0.243418 0.225604 0.207767 0.323212 
0.223709 0.214615 0.228811 0.332865 
0.262497 0.192780 0.227129 0.317595 
0.278930 0.107168 0.295212 0.318690 
0.301468 0.164474 0.237869 0.296189 
0.231036 0.264408 0.223139 0.281417 
0.290611 0.236906 0.292347 0.180136 
0.249667 0.247566 0.280477 0.222290 
0.241956 0.247497 0.270898 0.239648 
0.265751 0.242938 0.228957 0.262353 
0.279240 0.242443 0.249479 0.228838 
0.237056 0.247317 0.288174 0.227453 
0.268729 0.246376 0.264427 0.220469 
0.270632 0.225037 0.276064 0.228266 
0.286539 0.212989 0.227949 0.272524 
0.266149 0.211433 0.289185 0.233232 
0.214555 0.226310 0.289320 0.269815 
