0.250431 0.250351 0.248693 0.250526 
0.260654 0.257714 0.221466 0.260167 
0.295701 0.296242 0.117802 0.290254 
0.311771 0.310256 0.077439 0.300534 
0.334410 0.328626 0.002920 0.334044 
0.341909 0.319297 0.001067 0.337726 
0.337631 0.338211 0.000000 0.324158 
0.336924 0.334973 0.000000 0.328103 
0.337311 0.324301 0.000000 0.338388 
0.351645 0.298748 0.000000 0.349607 
0.359174 0.280701 0.000000 0.360125 
0.338037 0.322817 0.000000 0.339145 
0.334541 0.329538 0.000000 0.335921 
0.332857 0.332574 0.000000 0.334570 
0.335471 0.327371 0.000000 0.337158 
0.348092 0.303570 0.000000 0.348339 
0.355058 0.289406 0.000000 0.355536 
0.347973 0.302789 0.000000 0.349238 
0.338591 0.322351 0.000000 0.339057 
0.342971 0.314964 0.000000 0.342064 
0.341398 0.321696 0.000000 0.336906 
0.337809 0.325826 0.000000 0.336365 
0.334269 0.330209 0.000000 0.335522 
0.351708 0.296693 0.000000 0.351599 
0.370117 0.259338 0.000000 0.370545 
0.366804 0.267495 0.000000 0.365701 
0.377613 0.245333 0.000000 0.377054 
0.357207 0.293269 0.000000 0.349524 
0.342290 0.318691 0.000000 0.339019 
0.346736 0.310544 0.000000 0.342720 
0.342821 0.316749 0.000000 0.340430 
0.349621 0.312972 0.000000 0.337407 
0.381458 0.255855 0.000000 0.362687 
0.391576 0.238456 0.000001 0.369968 
0.398359 0.222730 0.000002 0.378910 
0.404060 0.223872 0.000002 0.372066 
0.420137 0.188253 0.000064 0.391546 
0.435733 0.145587 0.003728 0.414952 
0.438601 0.032661 0.121499 0.407239 
0.431591 0.001133 0.160215 0.407062 
0.445623 0.025288 0.110839 0.418250 
0.449071 0.126648 0.022818 0.401463 
0.442368 0.197349 0.000695 0.359588 
0.445787 0.171300 0.005242 0.377671 
0.445350 0.143121 0.009793 0.401736 
0.436479 0.172962 0.001728 0.388831 
0.437216 0.186814 0.000541 0.375430 
0.443637 0.178868 0.002065 0.375431 
0.450143 0.158927 0.012255 0.378674 
0.449673 0.159160 0.009025 0.382142 
0.451627 0.100824 0.061698 0.385851 
0.452225 0.066980 0.089036 0.391758 
0.458087 0.064231 0.085954 0.391728 
0.456287 0.028972 0.133844 0.380897 
0.462879 0.081504 0.075289 0.380328 
0.474292 0.147113 0.042670 0.335925 
0.472135 0.004100 0.225784 0.297981 
0.480199 0.016759 0.195800 0.307242 
0.486529 0.034429 0.184208 0.294834 
0.496648 0.151454 0.083037 0.268861 
0.502217 0.153273 0.124600 0.219910 
0.505716 0.160392 0.162237 0.171655 
0.502413 0.123332 0.231162 0.143093 
0.485242 0.101981 0.318511 0.094265 
0.494663 0.089742 0.280781 0.134814 
0.491332 0.259246 0.138152 0.111270 
0.496774 0.106635 0.276502 0.120089 
0.495224 0.189768 0.250467 0.064542 
0.490128 0.092119 0.301545 0.116209 
0.480320 0.092314 0.338304 0.089062 
0.466827 0.147337 0.358007 0.027829 
0.463971 0.186139 0.342181 0.007709 
0.475974 0.083920 0.344690 0.095416 
0.482736 0.106091 0.323883 0.087291 
0.487148 0.208654 0.266443 0.037755 
0.485377 0.232049 0.230998 0.051576 
0.490313 0.208309 0.126203 0.175175 
0.495034 0.072013 0.269112 0.163841 
0.498210 0.095009 0.240941 0.165840 
0.495973 0.066907 0.230650 0.206470 
0.495361 0.203447 0.240990 0.060203 
0.491400 0.195555 0.259561 0.053483 
0.495700 0.140130 0.242080 0.122090 
0.497993 0.185289 0.175175 0.141542 
0.498755 0.196656 0.179690 0.124899 
0.497584 0.205489 0.214799 0.082128 
0.481166 0.198618 0.287685 0.032531 
0.456113 0.114251 0.379682 0.049954 
0.463891 0.078025 0.367204 0.090880 
0.482941 0.067207 0.319109 0.130743 
0.477889 0.129386 0.329628 0.063097 
0.500950 0.109442 0.245183 0.144425 
0.497956 0.078144 0.237934 0.185966 
0.486756 0.019633 0.257344 0.236267 
0.481185 0.043068 0.306281 0.169466 
0.497043 0.081780 0.249636 0.171541 
0.453308 0.061897 0.406803 0.077991 
0.437735 0.061181 0.434753 0.066331 
0.501359 0.157939 0.192920 0.147782 
0.502173 0.181438 0.158785 0.157605 
0.494008 0.206517 0.155470 0.144005 
0.500291 0.199054 0.181535 0.119121 
0.490906 0.120600 0.267874 0.120620 
0.496912 0.174421 0.213118 0.115549 
0.474902 0.196893 0.298252 0.029953 
0.493742 0.263806 0.114724 0.127728 
0.498321 0.226496 0.126799 0.148384 
0.495761 0.229481 0.196771 0.077986 
0.495947 0.207149 0.190609 0.106295 
0.495623 0.190637 0.157215 0.156525 
0.485576 0.269233 0.188226 0.056964 
0.479966 0.323841 0.122854 0.073339 
0.482870 0.316569 0.113741 0.086820 
0.495315 0.287930 0.104184 0.112572 
0.493121 0.273478 0.136386 0.097015 
0.488239 0.300889 0.098300 0.112572 
0.492399 0.278355 0.111638 0.117608 
0.492773 0.227034 0.157608 0.122585 
0.496161 0.177197 0.206884 0.119759 
0.494235 0.124553 0.259953 0.121259 
0.496718 0.219965 0.142549 0.140768 
0.491414 0.116107 0.284369 0.108111 
0.490492 0.124296 0.284835 0.100376 
0.500196 0.156076 0.219448 0.124279 
0.497976 0.157135 0.211175 0.133714 
0.491929 0.120934 0.269458 0.117679 
0.483011 0.140627 0.303664 0.072697 
0.485404 0.102127 0.281989 0.130479 
0.474630 0.111642 0.304547 0.109181 
0.485553 0.168486 0.152770 0.193190 
0.481668 0.114970 0.242722 0.160640 
0.486833 0.104623 0.255713 0.152831 
0.494630 0.192101 0.133382 0.179888 
0.496216 0.165392 0.145671 0.192720 
0.489652 0.124569 0.227826 0.157953 
0.487578 0.127318 0.225893 0.159211 
0.473954 0.212827 0.188004 0.125215 
0.479916 0.143836 0.215512 0.160736 
0.464763 0.190086 0.179192 0.165958 
0.471992 0.173740 0.175733 0.178535 
0.438897 0.187107 0.209762 0.164233 
0.421483 0.230590 0.202441 0.145485 
0.426102 0.221819 0.272558 0.079521 
0.426631 0.295946 0.183528 0.093895 
0.440349 0.288706 0.110663 0.160282 
0.433062 0.184842 0.178793 0.203303 
0.436411 0.178664 0.212291 0.172633 
0.423440 0.204708 0.184536 0.187316 
0.409285 0.257728 0.164951 0.168036 
0.395743 0.247128 0.212298 0.144830 
0.383790 0.242662 0.205627 0.167921 
0.383203 0.201059 0.229845 0.185893 
0.388027 0.280882 0.185506 0.145584 
0.403650 0.198094 0.189610 0.208645 
0.380053 0.225194 0.184719 0.210034 
0.377839 0.264566 0.177629 0.179967 
0.352362 0.293889 0.309769 0.043980 
0.345653 0.314168 0.162572 0.177607 
0.326806 0.298601 0.275192 0.099400 
0.289654 0.199199 0.323206 0.187940 
0.306791 0.247679 0.228854 0.216677 
0.347646 0.339709 0.155922 0.156723 
0.369651 0.266057 0.195016 0.169276 
0.382235 0.292438 0.177535 0.147792 
0.334100 0.242563 0.310030 0.113307 
0.312565 0.288440 0.261942 0.137054 
0.311601 0.288881 0.206241 0.193277 
0.295820 0.334482 0.186869 0.182829 
0.249926 0.392797 0.189993 0.167284 
0.252068 0.399939 0.184300 0.163692 
0.218931 0.367740 0.219776 0.193554 
0.256398 0.327084 0.216154 0.200364 
0.217455 0.223425 0.354951 0.204169 
0.259935 0.268001 0.237799 0.234265 
0.241076 0.260146 0.255169 0.243610 
0.284293 0.230056 0.262540 0.223111 
0.263586 0.339308 0.194809 0.202297 
0.275450 0.306562 0.235035 0.182953 
0.277493 0.290390 0.228902 0.203215 
0.358773 0.230599 0.226429 0.184199 
0.343666 0.325584 0.144393 0.186357 
0.304154 0.160129 0.321120 0.214597 
0.326269 0.251642 0.199393 0.222696 
0.255446 0.348756 0.308990 0.086808 
0.235441 0.313450 0.351333 0.099776 
0.319179 0.255792 0.211824 0.213205 
0.332545 0.223910 0.222323 0.221222 
0.346389 0.179940 0.340124 0.133547 
0.352740 0.301915 0.201373 0.143971 
0.364633 0.275014 0.184155 0.176198 
0.355672 0.212978 0.227149 0.204202 
0.363284 0.295243 0.170750 0.170723 
0.343771 0.259718 0.259761 0.136750 
0.362177 0.237251 0.197227 0.203344 
0.350547 0.249682 0.198095 0.201676 
0.346254 0.213161 0.324200 0.116385 
0.360083 0.222878 0.234398 0.182642 
0.333502 0.249351 0.183811 0.233336 
0.287787 0.176983 0.316964 0.218266 
0.309677 0.241361 0.281199 0.167764 
0.338921 0.298386 0.135478 0.227215 
0.359827 0.242193 0.182280 0.215700 
0.360657 0.205337 0.193993 0.240013 
0.336510 0.263575 0.235486 0.164429 
0.335560 0.321804 0.142088 0.200547 
0.325970 0.311403 0.225427 0.137200 
0.302121 0.351507 0.129891 0.216481 
0.276265 0.357847 0.148637 0.217251 
0.159567 0.382335 0.195460 0.262639 
0.175047 0.395087 0.182114 0.247752 
0.173155 0.382692 0.173742 0.270411 
0.339967 0.320736 0.098057 0.241240 
0.338416 0.206977 0.246701 0.207906 
0.082692 0.296349 0.397374 0.223585 
0.124611 0.256445 0.360297 0.258647 
0.242115 0.309381 0.152234 0.296270 
0.170095 0.332269 0.180764 0.316872 
0.175392 0.301546 0.235524 0.287538 
0.217578 0.279501 0.211316 0.291605 
0.236374 0.232000 0.246236 0.285390 
0.246071 0.220020 0.246528 0.287381 
0.314540 0.207901 0.191952 0.285607 
0.218727 0.228040 0.240053 0.313180 
0.245852 0.211227 0.248464 0.294457 
0.250211 0.178586 0.286504 0.284699 
0.253891 0.158373 0.327458 0.260277 
0.197546 0.223070 0.296767 0.282617 
0.335441 0.131903 0.322884 0.209772 
0.352396 0.114140 0.290260 0.243204 
0.323169 0.137661 0.351983 0.187187 
0.337381 0.081467 0.350727 0.230425 
0.345837 0.051569 0.371861 0.230733 
0.349770 0.089644 0.301666 0.258921 
0.345121 0.143590 0.242070 0.269219 
0.364836 0.180731 0.218060 0.236373 
0.234983 0.238792 0.266124 0.260101 
0.259569 0.236744 0.243299 0.260389 
0.242026 0.248405 0.245391 0.264177 
0.305828 0.233244 0.236790 0.224138 
0.279302 0.304158 0.201489 0.215050 
0.260638 0.233392 0.318802 0.187167 
0.282299 0.235997 0.241900 0.239804 
0.245522 0.243522 0.280838 0.230118 
0.332753 0.164488 0.340761 0.161998 
0.260012 0.188905 0.379922 0.171160 
0.348100 0.169152 0.340332 0.142417 
0.265669 0.207093 0.382650 0.144588 
0.346354 0.204750 0.253026 0.195870 
0.325409 0.231186 0.218955 0.224450 
0.246794 0.270069 0.246630 0.236507 
0.175146 0.351410 0.289991 0.183453 
0.208523 0.352367 0.208756 0.230353 
0.168155 0.311651 0.342303 0.177890 
0.202832 0.355737 0.282790 0.158641 
0.320960 0.345360 0.188870 0.144810 
0.219249 0.313275 0.229293 0.238183 
0.234690 0.326634 0.202548 0.236128 
0.207676 0.327041 0.223088 0.242196 
0.193065 0.344664 0.233541 0.228729 
0.266128 0.239504 0.328994 0.165374 
0.299506 0.209298 0.355199 0.135998 
0.289089 0.216317 0.269983 0.224611 
0.253623 0.206293 0.328555 0.211529 
0.311737 0.200049 0.282597 0.205617 
0.264807 0.244891 0.248982 0.241320 
0.234684 0.272201 0.270519 0.222596 
0.263982 0.226395 0.310208 0.199415 
0.242757 0.250107 0.259976 0.247160 
0.258841 0.213339 0.314077 0.213742 
0.263262 0.237726 0.260333 0.238680 
0.341542 0.204878 0.246001 0.207580 
0.331782 0.240885 0.235275 0.192059 
0.301040 0.301898 0.205478 0.191585 
0.360246 0.225182 0.223625 0.190946 
0.387924 0.182133 0.253850 0.176094 
0.395260 0.182588 0.238200 0.183952 
0.394296 0.191969 0.270013 0.143722 
0.350584 0.234963 0.210266 0.204186 
0.307845 0.239604 0.231986 0.220565 
0.291611 0.236893 0.253020 0.218475 
0.265195 0.234328 0.266861 0.233616 
0.228950 0.269171 0.264467 0.237411 
0.219300 0.265212 0.317595 0.197893 
0.267789 0.268878 0.334621 0.128712 
0.332332 0.268631 0.331527 0.067510 
0.466011 0.228183 0.269930 0.035876 
0.415679 0.319513 0.142461 0.122348 
0.239901 0.325783 0.224597 0.209720 
0.226052 0.306417 0.236449 0.231082 
0.242588 0.264647 0.236715 0.256050 
0.354018 0.268745 0.186578 0.190659 
0.399096 0.265234 0.170440 0.165230 
0.234484 0.360200 0.158024 0.247292 
0.305736 0.376507 0.131364 0.186393 
0.240776 0.372122 0.243922 0.143179 
0.147345 0.361967 0.341147 0.149541 
0.181336 0.339593 0.304592 0.174479 
0.209473 0.316626 0.272544 0.201356 
0.215168 0.294581 0.246423 0.243828 
0.181922 0.322651 0.282697 0.212730 
0.231230 0.323870 0.209337 0.235563 
0.223725 0.331818 0.227111 0.217346 
0.207534 0.297797 0.286413 0.208256 
0.192927 0.302881 0.270178 0.234015 
0.199302 0.311164 0.212340 0.277195 
0.278902 0.251395 0.187464 0.282240 
0.227795 0.262869 0.163640 0.345697 
0.191493 0.289477 0.187892 0.331138 
0.079528 0.251289 0.345349 0.323834 
0.216730 0.121725 0.376401 0.285144 
0.251432 0.128268 0.365559 0.254741 
0.090522 0.237138 0.346714 0.325626 
0.095404 0.223672 0.383168 0.297756 
0.120061 0.209081 0.350061 0.320797 
0.197924 0.275449 0.195358 0.331270 
0.213359 0.261664 0.189262 0.335715 
0.224941 0.201642 0.281738 0.291680 
0.169606 0.241607 0.339464 0.249324 
0.236608 0.274103 0.262881 0.226409 
0.218485 0.251833 0.277294 0.252388 
0.224630 0.236676 0.222448 0.316246 
0.240413 0.214423 0.235398 0.309766 
0.185910 0.213717 0.272345 0.328028 
0.295681 0.088733 0.311857 0.303729 
0.286140 0.140726 0.367289 0.205845 
0.358616 0.097403 0.340621 0.203360 
0.341193 0.147499 0.344749 0.166559 
0.370118 0.136631 0.350714 0.142537 
0.343453 0.125409 0.372873 0.158265 
0.305154 0.080752 0.358554 0.255540 
0.301604 0.061378 0.352164 0.284855 
0.286587 0.108216 0.355098 0.250099 
0.174499 0.184865 0.371978 0.268659 
0.229085 0.181734 0.395621 0.193560 
0.194142 0.187813 0.420043 0.198001 
0.281322 0.088868 0.445537 0.184273 
0.195307 0.182613 0.435881 0.186199 
0.195082 0.167675 0.457880 0.179362 
0.341462 0.109339 0.422515 0.126684 
0.178684 0.175429 0.469504 0.176383 
0.167281 0.167788 0.478088 0.186843 
0.200578 0.157760 0.476499 0.165163 
0.180181 0.175159 0.468187 0.176473 
0.221785 0.124650 0.456921 0.196643 
0.137299 0.136872 0.474071 0.251758 
0.152731 0.144379 0.488155 0.214735 
0.156596 0.157261 0.491591 0.194551 
0.177022 0.177008 0.461195 0.184775 
0.199483 0.128055 0.448224 0.224237 
0.249597 0.132776 0.475979 0.141648 
0.381460 0.079231 0.451269 0.088040 
0.186911 0.150571 0.497945 0.164574 
0.274342 0.089624 0.477344 0.158689 
0.175767 0.145545 0.502335 0.176353 
0.249082 0.051226 0.493976 0.205717 
0.308938 0.059548 0.488027 0.143488 
0.213129 0.096291 0.503724 0.186856 
0.146077 0.125768 0.505131 0.223024 
0.166858 0.119472 0.505690 0.207981 
0.156878 0.136693 0.504450 0.201979 
0.172971 0.161157 0.505036 0.160836 
0.159059 0.158309 0.505909 0.176723 
0.214682 0.145181 0.504297 0.135840 
0.164456 0.165340 0.508023 0.162182 
0.222609 0.138839 0.501391 0.137160 
0.257007 0.123435 0.498849 0.120709 
0.265945 0.116836 0.500087 0.117132 
0.276491 0.110301 0.498124 0.115084 
0.276137 0.098398 0.497414 0.128051 
0.302437 0.096956 0.481989 0.118618 
0.290852 0.095143 0.490522 0.123483 
0.217255 0.143204 0.499137 0.140404 
0.246061 0.131344 0.491994 0.130601 
0.289055 0.103733 0.481194 0.126019 
0.206201 0.148483 0.496782 0.148534 
0.221402 0.137317 0.484512 0.156769 
0.250333 0.142520 0.472743 0.134404 
0.178215 0.165069 0.483159 0.173556 
0.233857 0.118310 0.477834 0.170000 
0.139346 0.138298 0.479787 0.242569 
0.166402 0.169540 0.484419 0.179638 
0.213094 0.072084 0.487270 0.227552 
0.176996 0.179510 0.486147 0.157347 
0.300459 0.132949 0.454753 0.111840 
0.210802 0.184633 0.450350 0.154214 
0.324655 0.108025 0.425485 0.141835 
0.192321 0.142793 0.444517 0.220370 
0.274442 0.097596 0.441868 0.186094 
0.294495 0.194105 0.406453 0.104948 
0.268464 0.202910 0.413064 0.115561 
0.264900 0.178980 0.441079 0.115040 
0.189663 0.144732 0.458974 0.206630 
0.273076 0.133401 0.457974 0.135549 
0.327117 0.039806 0.420297 0.212780 
0.340079 0.064027 0.389216 0.206678 
0.309290 0.044722 0.399839 0.246150 
0.286414 0.106639 0.391094 0.215853 
0.261685 0.124508 0.398922 0.214885 
0.086555 0.246181 0.428145 0.239119 
0.134067 0.144157 0.446532 0.275245 
0.202187 0.199326 0.471604 0.126882 
0.162100 0.133166 0.466612 0.238122 
0.078907 0.185877 0.482234 0.252982 
0.124927 0.171542 0.468798 0.234733 
0.175525 0.164084 0.430435 0.229956 
0.130619 0.230171 0.423471 0.215739 
0.075556 0.228270 0.416958 0.279215 
0.059240 0.229572 0.436850 0.274338 
0.044227 0.209206 0.427831 0.318737 
0.071766 0.178527 0.452297 0.297410 
0.194444 0.067180 0.446617 0.291758 
0.288735 0.063133 0.453414 0.194718 
0.271043 0.186926 0.460209 0.081822 
0.290724 0.257265 0.426364 0.025647 
0.163529 0.283891 0.430450 0.122130 
0.150343 0.271271 0.457940 0.120447 
0.161839 0.274981 0.461666 0.101513 
0.127093 0.285439 0.446165 0.141303 
0.180481 0.297252 0.434522 0.087745 
0.095529 0.306522 0.445633 0.152316 
0.075380 0.307166 0.461362 0.156093 
0.097384 0.310350 0.461863 0.130402 
0.016000 0.266076 0.471953 0.245971 
0.295321 0.203775 0.463479 0.037424 
0.099064 0.266498 0.484585 0.149853 
0.167466 0.239716 0.488267 0.104551 
0.044160 0.255419 0.495288 0.205133 
0.064726 0.219131 0.495183 0.220960 
0.022275 0.237256 0.488432 0.252037 
0.115719 0.200681 0.486473 0.197127 
0.270142 0.047510 0.481078 0.201270 
0.249402 0.045029 0.479276 0.226294 
0.313308 0.009278 0.458453 0.218961 
0.302887 0.008164 0.462707 0.226242 
0.327007 0.028550 0.461930 0.182513 
0.292187 0.054615 0.472486 0.180713 
0.285351 0.105526 0.485665 0.123458 
0.267646 0.166329 0.488531 0.077493 
0.192250 0.216885 0.494012 0.096854 
0.157676 0.214942 0.499709 0.127673 
0.132799 0.217791 0.504241 0.145169 
0.138842 0.230740 0.495181 0.135237 
0.229908 0.161686 0.497504 0.110902 
0.238966 0.158587 0.497518 0.104929 
0.245145 0.131910 0.482981 0.139964 
0.211195 0.164781 0.478253 0.145770 
0.205952 0.175404 0.463919 0.154725 
0.180035 0.188048 0.451433 0.180483 
0.249728 0.133243 0.453318 0.163711 
0.295650 0.111269 0.453672 0.139409 
0.175756 0.193558 0.446801 0.183885 
0.272874 0.159304 0.425109 0.142713 
0.178645 0.188946 0.467211 0.165198 
0.223728 0.162307 0.470559 0.143406 
0.174024 0.187579 0.460056 0.178340 
0.182380 0.178801 0.481288 0.157531 
0.167868 0.169443 0.506454 0.156234 
0.154513 0.186363 0.501749 0.157374 
0.216012 0.139666 0.499326 0.144995 
0.181008 0.164822 0.507554 0.146617 
0.156767 0.168699 0.506524 0.168010 
0.133158 0.130321 0.498251 0.238269 
0.163145 0.188902 0.504973 0.142980 
0.148489 0.193761 0.503965 0.153786 
0.159913 0.189984 0.507245 0.142858 
0.248930 0.159823 0.500157 0.091090 
0.198436 0.181801 0.504326 0.115438 
0.147177 0.206301 0.504546 0.141977 
0.151387 0.195030 0.504088 0.149495 
0.149389 0.197383 0.504566 0.148663 
0.140888 0.174119 0.507293 0.177700 
0.207047 0.128867 0.502138 0.161949 
0.243010 0.129431 0.498753 0.128806 
0.213775 0.160592 0.498222 0.127410 
0.173585 0.167451 0.505865 0.153099 
0.171689 0.134825 0.505199 0.188287 
0.151661 0.163521 0.508052 0.176766 
0.259416 0.103663 0.496830 0.140091 
0.307141 0.100373 0.483576 0.108910 
0.197818 0.119959 0.485365 0.196857 
0.145373 0.158488 0.488339 0.207800 
0.219490 0.135395 0.469049 0.176066 
0.278906 0.127267 0.455145 0.138682 
0.194794 0.148149 0.478394 0.178663 
0.171645 0.165033 0.463111 0.200211 
0.160383 0.170880 0.453521 0.215217 
0.159068 0.165646 0.477357 0.197929 
0.204285 0.165252 0.468976 0.161487 
0.274598 0.138600 0.457571 0.129231 
0.295897 0.136832 0.446530 0.120741 
0.184356 0.204807 0.434982 0.175855 
0.184463 0.172732 0.462977 0.179829 
0.180284 0.184600 0.452983 0.182133 
0.220657 0.133964 0.475820 0.169559 
0.235308 0.085915 0.477836 0.200940 
0.219111 0.068548 0.477529 0.234811 
0.326401 0.076503 0.459556 0.137539 
0.260082 0.128984 0.489679 0.121254 
0.263917 0.119682 0.498320 0.118082 
0.171665 0.168325 0.507994 0.152016 
0.221591 0.144463 0.505727 0.128218 
0.253319 0.124400 0.501829 0.120452 
0.148007 0.205939 0.506382 0.139672 
0.131015 0.238596 0.501909 0.128480 
0.132942 0.225950 0.505395 0.135712 
0.173929 0.220821 0.497431 0.107820 
0.232096 0.196058 0.498810 0.073036 
0.242283 0.132515 0.496623 0.128580 
0.305120 0.090662 0.482164 0.122054 
0.297343 0.173600 0.463270 0.065786 
0.207323 0.185220 0.475164 0.132293 
0.140309 0.172356 0.472350 0.214986 
0.164100 0.138328 0.490872 0.206700 
0.206809 0.117345 0.481386 0.194460 
0.266796 0.081637 0.470187 0.181381 
0.221183 0.081481 0.482473 0.214863 
0.273525 0.049450 0.461156 0.215868 
0.263245 0.036507 0.468921 0.231326 
0.277806 0.064070 0.471002 0.187122 
0.289294 0.057629 0.472345 0.180733 
0.371929 0.113288 0.430280 0.084503 
0.374787 0.120927 0.422436 0.081851 
0.335706 0.070860 0.439629 0.153806 
0.338416 0.068869 0.428245 0.164469 
0.306008 0.113773 0.428651 0.151569 
0.316127 0.138128 0.381288 0.164458 
0.365815 0.108689 0.361386 0.164110 
0.351013 0.081815 0.387522 0.179650 
0.328060 0.124196 0.373017 0.174727 
0.369929 0.217810 0.175733 0.236528 
0.322346 0.244284 0.269451 0.163919 
0.283226 0.201441 0.327816 0.187516 
0.188736 0.259883 0.357375 0.194006 
0.192503 0.285186 0.324721 0.197591 
0.204643 0.262446 0.370465 0.162446 
0.259792 0.346399 0.198947 0.194862 
0.188340 0.405608 0.248791 0.157261 
0.227635 0.412167 0.178852 0.181346 
0.197077 0.422585 0.264418 0.115920 
0.159565 0.444388 0.232132 0.163916 
0.162439 0.448899 0.276997 0.111664 
0.145930 0.486413 0.220280 0.147377 
0.180503 0.503992 0.172445 0.143060 
0.122671 0.492740 0.265730 0.118859 
0.233357 0.450068 0.183123 0.133452 
0.217330 0.450255 0.158476 0.173939 
0.164950 0.395565 0.324679 0.114806 
0.123812 0.408054 0.315771 0.152363 
0.160681 0.415774 0.266112 0.157433 
0.145274 0.355638 0.306574 0.192514 
0.190350 0.384715 0.198873 0.226063 
0.163229 0.379041 0.269754 0.187976 
0.202624 0.374672 0.233741 0.188962 
0.333266 0.319329 0.171932 0.175473 
0.299219 0.326394 0.178557 0.195829 
0.207969 0.316554 0.255916 0.219561 
0.246401 0.248630 0.242139 0.262830 
0.304170 0.211834 0.254148 0.229848 
0.345765 0.221726 0.214462 0.218047 
0.303888 0.226710 0.241771 0.227631 
0.206481 0.231971 0.362714 0.198833 
0.248118 0.265355 0.284930 0.201597 
0.273051 0.274152 0.225278 0.227518 
0.258269 0.278404 0.266601 0.196726 
0.324220 0.230772 0.221232 0.223775 
0.414768 0.200284 0.187958 0.196990 
0.407299 0.191899 0.213994 0.186808 
0.389678 0.200010 0.220226 0.190086 
0.383715 0.264634 0.179963 0.171689 
0.366176 0.237402 0.193706 0.202715 
0.322611 0.293683 0.206193 0.177514 
0.334849 0.272961 0.191975 0.200215 
0.303966 0.259033 0.225377 0.211624 
0.273772 0.309932 0.197339 0.218957 
0.325719 0.289417 0.210521 0.174342 
0.290589 0.239061 0.285728 0.184621 
0.220512 0.250245 0.306043 0.223200 
0.277033 0.313059 0.188335 0.221574 
0.268623 0.340640 0.174490 0.216247 
0.294181 0.294784 0.201844 0.209191 
0.225843 0.312571 0.226685 0.234901 
0.231972 0.263691 0.283726 0.220610 
0.240930 0.334933 0.206784 0.217353 
0.245096 0.279028 0.287128 0.188748 
0.124255 0.330653 0.400025 0.145067 
0.262371 0.335187 0.212110 0.190332 
0.360009 0.343485 0.151782 0.144725 
0.379680 0.324281 0.144614 0.151425 
0.205066 0.360427 0.334927 0.099580 
0.144329 0.378130 0.312948 0.164593 
0.201033 0.384455 0.210901 0.203611 
0.237209 0.381722 0.192022 0.189046 
0.195057 0.384214 0.270898 0.149831 
0.218524 0.373957 0.204936 0.202583 
0.300101 0.369091 0.178109 0.152700 
0.194583 0.393417 0.235134 0.176866 
0.200331 0.389620 0.213447 0.196602 
0.194642 0.374532 0.224581 0.206245 
0.202828 0.362101 0.224787 0.210284 
0.217886 0.346951 0.205837 0.229326 
0.240132 0.282282 0.262164 0.215421 
0.208514 0.197782 0.375517 0.218187 
0.217889 0.220539 0.336246 0.225325 
0.165379 0.257857 0.419068 0.157695 
0.202110 0.210090 0.383189 0.204610 
0.230896 0.208881 0.328056 0.232167 
0.240117 0.160631 0.406593 0.192660 
0.254931 0.236706 0.245504 0.262859 
0.304715 0.241977 0.219106 0.234202 
0.195253 0.344846 0.253600 0.206301 
0.191503 0.359627 0.198459 0.250412 
0.242490 0.241281 0.244820 0.271410 
0.243187 0.236086 0.262462 0.258266 
0.328646 0.236756 0.208317 0.226282 
0.334233 0.263148 0.198448 0.204171 
0.293961 0.195610 0.359688 0.150741 
0.205988 0.324160 0.302168 0.167683 
0.218245 0.231255 0.308153 0.242347 
0.188629 0.227271 0.359846 0.224255 
0.192206 0.190065 0.377186 0.240542 
0.186933 0.199150 0.373764 0.240153 
0.169468 0.217118 0.389024 0.224390 
0.176716 0.180990 0.393360 0.248934 
0.216289 0.207326 0.333865 0.242521 
0.223778 0.305972 0.226660 0.243589 
0.240634 0.344197 0.219169 0.195999 
0.245940 0.367626 0.189216 0.197217 
0.331081 0.288900 0.247798 0.132222 
0.308631 0.227983 0.239290 0.224096 
0.255424 0.251499 0.233846 0.259231 
0.239184 0.237891 0.249734 0.273191 
0.166284 0.255365 0.327081 0.251270 
0.228974 0.229414 0.240786 0.300827 
0.239192 0.207978 0.255249 0.297580 
0.261643 0.215462 0.215703 0.307192 
0.285469 0.213086 0.198054 0.303390 
0.323659 0.265507 0.141559 0.269274 
0.293605 0.339380 0.185636 0.181380 
0.284251 0.249535 0.264804 0.201410 
0.285950 0.321057 0.185545 0.207449 
0.310459 0.285396 0.301972 0.102172 
0.284019 0.203020 0.357868 0.155093 
0.318769 0.342721 0.120177 0.218333 
0.223118 0.373080 0.217815 0.185988 
0.321660 0.304301 0.165188 0.208851 
0.209921 0.212516 0.337931 0.239631 
0.247864 0.247509 0.195104 0.309522 
0.224506 0.229199 0.234093 0.312202 
0.188933 0.342809 0.185859 0.282399 
0.147475 0.251415 0.339390 0.261721 
0.193749 0.345854 0.197908 0.262489 
0.178864 0.381504 0.198644 0.240987 
0.161390 0.277730 0.302541 0.258339 
0.240992 0.131998 0.352684 0.274326 
0.199207 0.151532 0.363113 0.286148 
0.185015 0.152242 0.361697 0.301046 
0.181247 0.142062 0.412273 0.264418 
0.111461 0.239767 0.403736 0.245036 
0.111763 0.243678 0.406971 0.237588 
0.174535 0.170195 0.375606 0.279663 
0.117360 0.252769 0.390562 0.239308 
0.156770 0.287082 0.360105 0.196044 
0.177281 0.348389 0.314009 0.160321 
0.183475 0.395415 0.199528 0.221582 
0.194856 0.379890 0.215399 0.209856 
0.202513 0.331646 0.229485 0.236355 
0.193037 0.333827 0.264431 0.208705 
0.183594 0.198693 0.365784 0.251929 
0.184963 0.179851 0.393922 0.241264 
0.159661 0.181593 0.420924 0.237822 
0.140064 0.241845 0.398063 0.220027 
0.139422 0.316549 0.370119 0.173910 
0.197204 0.318619 0.323686 0.160491 
0.161277 0.398879 0.272968 0.166876 
0.254327 0.414918 0.184324 0.146431 
0.224673 0.383585 0.182293 0.209449 
0.320648 0.383126 0.115911 0.180315 
0.311070 0.239779 0.202138 0.247012 
0.242747 0.281887 0.210537 0.264829 
0.228771 0.243092 0.254685 0.273453 
0.289503 0.147731 0.346100 0.216667 
0.271650 0.305238 0.213883 0.209229 
0.279141 0.296566 0.170214 0.254078 
0.247003 0.342652 0.150996 0.259348 
0.371155 0.179378 0.176735 0.272732 
0.427406 0.176391 0.150011 0.246192 
0.449773 0.138894 0.181571 0.229762 
0.411444 0.207081 0.127901 0.253574 
0.400403 0.123847 0.193306 0.282443 
0.378043 0.284515 0.075297 0.262145 
0.436857 0.138148 0.158354 0.266641 
0.393493 0.134401 0.218658 0.253448 
0.390527 0.099153 0.289440 0.220880 
0.320926 0.108311 0.372664 0.198099 
0.167315 0.222670 0.363783 0.246231 
0.171923 0.200537 0.346888 0.280653 
0.209998 0.181898 0.307000 0.301104 
0.148448 0.229547 0.313166 0.308839 
0.212971 0.231216 0.212988 0.342825 
0.164385 0.299835 0.204139 0.331641 
0.193514 0.208648 0.268650 0.329187 
0.174945 0.275749 0.207679 0.341627 
0.059355 0.355690 0.254155 0.330800 
0.050767 0.330000 0.277184 0.342049 
0.002349 0.418869 0.283439 0.295343 
0.012226 0.340551 0.299871 0.347352 
0.019195 0.302194 0.324978 0.353633 
0.039123 0.284677 0.310240 0.365959 
0.054822 0.236050 0.333007 0.376120 
0.136861 0.130173 0.352097 0.380869 
0.143312 0.126097 0.339927 0.390665 
0.122427 0.151079 0.329566 0.396929 
0.038090 0.260527 0.323149 0.378235 
0.005360 0.321557 0.365211 0.307871 
0.021813 0.296380 0.343336 0.338471 
0.010965 0.325644 0.309534 0.353857 
0.149300 0.310991 0.160345 0.379363 
0.197473 0.263890 0.174244 0.364393 
0.093220 0.370062 0.220343 0.316375 
0.111825 0.377752 0.171286 0.339137 
0.169790 0.334050 0.177682 0.318479 
0.175078 0.398413 0.164424 0.262085 
0.171211 0.357790 0.166059 0.304940 
0.230974 0.226198 0.222349 0.320479 
0.217778 0.237203 0.216137 0.328883 
0.240959 0.230061 0.252336 0.276644 
0.209279 0.305866 0.204177 0.280678 
0.201158 0.289614 0.191970 0.317259 
0.137601 0.328325 0.223118 0.310956 
0.168754 0.359869 0.160084 0.311293 
0.077610 0.399455 0.252776 0.270159 
0.052206 0.460504 0.290590 0.196701 
0.028046 0.378980 0.327970 0.265005 
0.083586 0.415554 0.314611 0.186249 
0.141247 0.290460 0.366173 0.202120 
0.199509 0.196069 0.393288 0.211135 
0.203288 0.202642 0.390546 0.203524 
0.166421 0.277751 0.390814 0.165014 
0.124500 0.336365 0.351897 0.187238 
0.236373 0.243474 0.274323 0.245830 
0.200241 0.300192 0.298755 0.200813 
0.234121 0.231999 0.299933 0.233947 
0.179798 0.260633 0.376638 0.182931 
0.173264 0.219103 0.420163 0.187470 
0.146315 0.262671 0.383431 0.207583 
0.159601 0.329668 0.354213 0.156518 
0.187268 0.201613 0.345240 0.265880 
0.180883 0.248551 0.390227 0.180340 
0.186495 0.182567 0.416571 0.214367 
0.174024 0.176036 0.377907 0.272033 
0.211773 0.214946 0.344199 0.229082 
0.153302 0.204357 0.382329 0.260012 
0.128407 0.215218 0.367961 0.288413 
0.140060 0.172591 0.407669 0.279680 
0.101435 0.262947 0.381292 0.254325 
0.091432 0.260102 0.377195 0.271271 
0.115244 0.267280 0.380928 0.236547 
0.192694 0.200007 0.325630 0.281669 
0.220639 0.251868 0.275624 0.251868 
0.196606 0.302961 0.196975 0.303458 
0.211475 0.281282 0.230690 0.276553 
0.224481 0.243168 0.249430 0.282921 
0.196265 0.232390 0.365707 0.205638 
0.162086 0.277316 0.401668 0.158930 
0.200752 0.209790 0.388799 0.200659 
0.160642 0.303609 0.375209 0.160540 
0.162626 0.351938 0.315535 0.169901 
0.184409 0.245831 0.380885 0.188875 
0.166578 0.305282 0.361198 0.166942 
0.153587 0.289698 0.399647 0.157068 
0.156415 0.279881 0.378582 0.185122 
0.144019 0.153285 0.414014 0.288683 
0.131776 0.129711 0.472495 0.266018 
0.057238 0.253419 0.484343 0.205000 
0.137617 0.150122 0.563047 0.149214 
0.162590 0.154394 0.440932 0.242084 
0.176197 0.163102 0.426017 0.234684 
0.152516 0.309175 0.416774 0.121535 
0.088855 0.371623 0.431215 0.108306 
0.122457 0.265731 0.398076 0.213735 
0.165817 0.191654 0.386434 0.256095 
0.224300 0.224376 0.296208 0.255116 
0.184171 0.184018 0.326436 0.305375 
0.219621 0.297748 0.247557 0.235074 
0.228360 0.226702 0.317615 0.227323 
0.208201 0.238404 0.311965 0.241431 
0.183596 0.351305 0.184095 0.281004 
0.186933 0.268525 0.231151 0.313391 
0.215224 0.228289 0.234457 0.322029 
0.215133 0.276618 0.218340 0.289909 
0.243674 0.243406 0.258035 0.254885 
0.237543 0.252896 0.269833 0.239729 
0.240998 0.249840 0.243552 0.265611 
0.217466 0.303666 0.223006 0.255863 
0.145101 0.352339 0.287621 0.214939 
0.171466 0.338022 0.262991 0.227520 
0.178361 0.298304 0.343755 0.179580 
0.234778 0.251470 0.279879 0.233874 
0.211860 0.334408 0.249987 0.203746 
0.226846 0.201739 0.337879 0.233536 
0.172581 0.231191 0.366548 0.229679 
0.187407 0.208338 0.362088 0.242168 
0.159864 0.284663 0.352367 0.203106 
0.166357 0.328709 0.344244 0.160690 
0.198492 0.197024 0.358218 0.246266 
0.163122 0.280075 0.396005 0.160798 
0.125501 0.320326 0.445086 0.109088 
0.175903 0.219740 0.426846 0.177511 
0.102308 0.282868 0.466045 0.148778 
0.167303 0.167224 0.394368 0.271106 
0.179548 0.188591 0.432600 0.199261 
0.135134 0.155401 0.420773 0.288692 
0.034130 0.285885 0.403165 0.276821 
0.154552 0.208331 0.426279 0.210838 
0.198477 0.199402 0.404430 0.197691 
0.185210 0.264467 0.370309 0.180015 
0.189989 0.249372 0.368013 0.192626 
0.166514 0.269248 0.312799 0.251438 
0.197534 0.243368 0.360446 0.198652 
0.184821 0.184764 0.289689 0.340727 
0.196889 0.251711 0.230823 0.320577 
0.199451 0.214013 0.268542 0.317994 
0.258594 0.244546 0.246317 0.250542 
0.252076 0.254163 0.214000 0.279761 
0.277058 0.217606 0.275992 0.229343 
0.275877 0.239910 0.267927 0.216286 
0.264960 0.313778 0.215905 0.205356 
0.226719 0.466920 0.165363 0.140997 
0.172904 0.361167 0.262884 0.203045 
0.256052 0.313296 0.297503 0.133149 
0.206761 0.316255 0.310506 0.166478 
0.060587 0.279394 0.341173 0.318846 
0.059204 0.300182 0.303218 0.337396 
0.220424 0.171265 0.235196 0.373116 
0.219166 0.162499 0.243538 0.374797 
0.258437 0.186101 0.275654 0.279808 
0.258023 0.207068 0.328959 0.205949 
0.245437 0.201402 0.300922 0.252239 
0.151374 0.321371 0.366754 0.160501 
0.177047 0.284328 0.369812 0.168813 
0.015650 0.337706 0.330049 0.316596 
0.059077 0.280889 0.359714 0.300320 
0.187435 0.195564 0.344435 0.272567 
0.203204 0.198023 0.370705 0.228067 
0.201388 0.206874 0.385665 0.206073 
0.195804 0.207362 0.407873 0.188961 
0.177488 0.169996 0.391673 0.260842 
0.182062 0.191650 0.426566 0.199721 
0.126443 0.253224 0.435608 0.184725 
0.222168 0.206469 0.345066 0.226297 
0.185923 0.192123 0.330373 0.291581 
0.135958 0.223689 0.330654 0.309699 
0.188201 0.332129 0.227723 0.251948 
0.164283 0.359565 0.138241 0.337911 
0.028040 0.349840 0.294581 0.327538 
0.173388 0.215505 0.324598 0.286508 
0.221612 0.121936 0.322493 0.333959 
0.131675 0.284437 0.263890 0.319997 
0.165295 0.223700 0.317797 0.293208 
0.286275 0.233952 0.243863 0.235910 
0.281565 0.256561 0.212122 0.249752 
0.307733 0.247528 0.189515 0.255225 
0.325637 0.215045 0.220700 0.238618 
0.299236 0.254171 0.256441 0.190152 
0.322161 0.209493 0.258582 0.209764 
0.324698 0.241848 0.171870 0.261584 
0.256846 0.323978 0.061272 0.357904 
0.248970 0.356583 0.053561 0.340886 
0.288753 0.294889 0.103634 0.312724 
0.306691 0.343420 0.151852 0.198038 
0.324405 0.277850 0.191933 0.205812 
0.330937 0.223934 0.186962 0.258167 
0.341735 0.224939 0.216139 0.217187 
0.329710 0.230326 0.246584 0.193380 
0.348009 0.233726 0.162119 0.256146 
0.327408 0.347841 0.132234 0.192518 
0.314202 0.273882 0.101724 0.310192 
0.301644 0.362625 0.168337 0.167395 
0.326547 0.231851 0.191433 0.250169 
0.315955 0.298350 0.290363 0.095332 
0.300786 0.198673 0.314395 0.186147 
0.226666 0.338996 0.326723 0.107614 
0.264930 0.155400 0.351206 0.228464 
0.280149 0.200196 0.343770 0.175885 
0.258964 0.120826 0.360597 0.259613 
0.266990 0.176199 0.369666 0.187145 
0.277268 0.160429 0.382774 0.179529 
0.295095 0.157207 0.360399 0.187299 
0.311012 0.217249 0.325190 0.146549 
0.336190 0.105271 0.263699 0.294840 
0.334122 0.196409 0.184446 0.285022 
0.304818 0.315030 0.247331 0.132821 
0.269540 0.256536 0.234961 0.238964 
0.276754 0.239793 0.232520 0.250932 
0.269593 0.163924 0.207677 0.358806 
0.317925 0.203279 0.193494 0.285303 
0.326031 0.193935 0.245766 0.234267 
0.242050 0.385113 0.288291 0.084546 
0.287723 0.232208 0.295828 0.184241 
0.258366 0.302108 0.327871 0.111655 
0.166920 0.281756 0.338284 0.213039 
0.190946 0.327628 0.323402 0.158024 
0.200291 0.387253 0.305532 0.106924 
0.229442 0.331662 0.307225 0.131670 
0.252467 0.368648 0.295601 0.083284 
0.224503 0.378225 0.288725 0.108547 
0.276253 0.316599 0.301619 0.105528 
0.163085 0.228231 0.292012 0.316672 
0.261291 0.321518 0.315163 0.102028 
0.221693 0.225372 0.342519 0.210415 
0.332636 0.255416 0.316155 0.095793 
0.324413 0.174980 0.325125 0.175483 
0.366237 0.159404 0.316711 0.157649 
0.361207 0.133552 0.308040 0.197201 
0.274421 0.161526 0.351065 0.212988 
0.182448 0.190576 0.354305 0.272671 
0.199528 0.203183 0.358231 0.239057 
0.260325 0.195100 0.354265 0.190311 
0.219880 0.206410 0.351629 0.222081 
0.238879 0.200017 0.358344 0.202759 
0.228625 0.205981 0.371556 0.193838 
0.173847 0.199635 0.361213 0.265305 
0.135858 0.378761 0.331630 0.153752 
0.143275 0.370211 0.346769 0.139744 
0.126325 0.450117 0.296510 0.127048 
0.102699 0.417042 0.305131 0.175128 
0.123607 0.454860 0.294808 0.126724 
0.130539 0.402214 0.320541 0.146706 
0.154480 0.393729 0.297313 0.154478 
0.062323 0.372472 0.268887 0.296319 
0.165487 0.312876 0.331120 0.190517 
0.261249 0.252507 0.336968 0.149277 
0.193600 0.300645 0.345258 0.160497 
0.200863 0.340501 0.326649 0.131987 
0.130544 0.321091 0.274720 0.273645 
0.199654 0.204115 0.327909 0.268321 
0.261093 0.202767 0.329300 0.206840 
0.213704 0.146080 0.303267 0.336949 
0.147294 0.197412 0.290999 0.364294 
0.128052 0.146802 0.270465 0.454681 
0.058374 0.251294 0.261046 0.429286 
0.077242 0.210509 0.231297 0.480952 
0.085827 0.264607 0.168409 0.481157 
0.161067 0.182689 0.157091 0.499153 
0.207373 0.116295 0.172906 0.503425 
0.236267 0.066357 0.177903 0.519473 
0.198173 0.187966 0.195944 0.417917 
0.185943 0.157704 0.257889 0.398464 
0.119188 0.235165 0.281384 0.364263 
0.183666 0.155017 0.301839 0.359478 
0.157016 0.133478 0.247893 0.461612 
0.147074 0.177533 0.258237 0.417156 
0.211355 0.069033 0.252323 0.467289 
0.145356 0.132785 0.266877 0.454982 
0.146844 0.141403 0.288338 0.423414 
0.087921 0.147498 0.224077 0.540504 
0.034550 0.316293 0.203355 0.445802 
0.062544 0.354499 0.200026 0.382931 
0.038340 0.333626 0.234240 0.393794 
0.088468 0.272478 0.163304 0.475750 
0.216068 0.131743 0.203211 0.448978 
0.150830 0.089915 0.155751 0.603504 
0.126561 0.109179 0.149201 0.615059 
0.170434 0.092450 0.140329 0.596787 
0.204780 0.060473 0.160695 0.574052 
0.163518 0.029999 0.180252 0.626232 
0.072963 0.107622 0.171602 0.647812 
0.068688 0.102174 0.173900 0.655238 
0.102136 0.038770 0.165613 0.693481 
0.109612 0.096749 0.160613 0.633026 
0.168341 0.011384 0.171394 0.648882 
0.136683 0.032695 0.164788 0.665833 
0.125460 0.189257 0.085399 0.599883 
0.197115 0.208141 0.039523 0.555221 
0.177968 0.174134 0.042345 0.605553 
0.226905 0.055078 0.112712 0.605305 
0.260941 0.085694 0.099830 0.553535 
0.251583 0.179143 0.020412 0.548862 
0.247219 0.074580 0.157657 0.520544 
0.286936 0.296351 0.029188 0.387526 
0.255742 0.305102 0.057689 0.381467 
0.248422 0.317286 0.105133 0.329159 
0.190621 0.346346 0.141397 0.321635 
0.111376 0.280815 0.128666 0.479143 
0.326013 0.005340 0.299968 0.368678 
0.348457 0.035567 0.341715 0.274261 
0.304967 0.225448 0.348267 0.121319 
0.264077 0.384053 0.310807 0.041062 
0.190778 0.371810 0.318982 0.118430 
0.044786 0.432914 0.280967 0.241333 
0.013907 0.357889 0.289060 0.339144 
0.009824 0.505441 0.207675 0.277060 
0.041449 0.504179 0.152046 0.302326 
0.033756 0.380803 0.242944 0.342497 
0.044111 0.426000 0.260094 0.269795 
0.174543 0.383198 0.278123 0.164135 
0.196968 0.367382 0.269085 0.166565 
0.315780 0.373016 0.251289 0.059915 
0.218911 0.413348 0.295138 0.072603 
0.237877 0.416454 0.290612 0.055057 
