0.254129 0.239538 0.251107 0.255226 
0.329770 0.325492 0.015301 0.329437 
0.334144 0.326196 0.005349 0.334311 
0.334096 0.332402 0.000627 0.332876 
0.334863 0.329823 0.000001 0.335313 
0.334853 0.329688 0.000000 0.335458 
0.336499 0.325428 0.000000 0.338072 
0.344450 0.309519 0.000004 0.346026 
0.378746 0.227841 0.014834 0.378580 
0.362298 0.008895 0.265876 0.362932 
0.339586 0.000000 0.320461 0.339952 
0.337359 0.000000 0.325862 0.336779 
0.338910 0.000017 0.326518 0.334555 
0.339461 0.003987 0.319943 0.336609 
0.350429 0.044799 0.256969 0.347803 
0.351216 0.062199 0.243869 0.342716 
0.345412 0.036943 0.287355 0.330291 
0.342669 0.033237 0.304425 0.319670 
0.345017 0.003563 0.317912 0.333509 
0.334136 0.032705 0.303977 0.329182 
0.342801 0.001512 0.315455 0.340232 
0.339468 0.001602 0.326332 0.332598 
0.353328 0.002087 0.314648 0.329937 
0.344249 0.002644 0.324708 0.328400 
0.352030 0.004825 0.317477 0.325668 
0.348747 0.034373 0.290658 0.326223 
0.351883 0.320762 0.021305 0.306050 
0.349563 0.319890 0.013336 0.317210 
0.356568 0.331217 0.033393 0.278822 
0.364842 0.351229 0.010608 0.273321 
0.371672 0.357975 0.124704 0.145649 
0.373858 0.364610 0.191534 0.069998 
0.371910 0.352387 0.050305 0.225399 
0.363987 0.346231 0.252190 0.037592 
0.389230 0.342187 0.084913 0.183670 
0.402596 0.318800 0.004771 0.273834 
0.432078 0.207420 0.004695 0.355808 
0.449609 0.186388 0.009795 0.354209 
0.458809 0.149216 0.022095 0.369880 
0.462211 0.046216 0.117790 0.373783 
0.462582 0.038387 0.138819 0.360211 
0.466016 0.017645 0.169870 0.346469 
0.466409 0.008236 0.192521 0.332834 
0.484993 0.045340 0.155129 0.314538 
0.483686 0.022304 0.190545 0.303465 
0.477201 0.001795 0.253796 0.267208 
0.498425 0.049860 0.215091 0.236625 
0.503822 0.110165 0.155651 0.230363 
0.493540 0.020659 0.247570 0.238231 
0.500057 0.092559 0.152015 0.255369 
0.481864 0.003027 0.255654 0.259455 
0.486031 0.150434 0.272873 0.090661 
0.476758 0.268969 0.235559 0.018714 
0.469569 0.303507 0.004120 0.222804 
0.486989 0.264482 0.038813 0.209716 
0.497693 0.180813 0.108973 0.212521 
0.492022 0.071666 0.277941 0.158371 
0.498950 0.074583 0.239873 0.186595 
0.503114 0.109622 0.235166 0.152099 
0.476496 0.044949 0.330095 0.148460 
0.494652 0.087862 0.278725 0.138761 
0.489760 0.046849 0.297217 0.166174 
0.496289 0.218642 0.165975 0.119094 
0.491900 0.156966 0.151156 0.199978 
0.496965 0.094050 0.143196 0.265790 
0.495868 0.074760 0.178572 0.250800 
0.489188 0.023286 0.279465 0.208061 
0.489779 0.113608 0.280176 0.116437 
0.484472 0.011103 0.280677 0.223748 
0.503793 0.103904 0.201143 0.191159 
0.503300 0.222662 0.116042 0.157996 
0.497470 0.226031 0.200473 0.076025 
0.506573 0.170137 0.181654 0.141635 
0.504629 0.142480 0.207865 0.145025 
0.503692 0.130110 0.223331 0.142868 
0.500657 0.163630 0.190285 0.145427 
0.504417 0.110458 0.185086 0.200039 
0.504762 0.114046 0.193085 0.188108 
0.502948 0.231618 0.104060 0.161374 
0.502051 0.236553 0.123507 0.137889 
0.506602 0.176513 0.158017 0.158868 
0.504205 0.133225 0.229189 0.133380 
0.501033 0.167679 0.241915 0.089373 
0.501761 0.252491 0.136882 0.108866 
0.503612 0.197331 0.201781 0.097276 
0.502038 0.160861 0.245124 0.091976 
0.503997 0.127378 0.240144 0.128481 
0.503791 0.211685 0.169209 0.115315 
0.506182 0.203032 0.124083 0.166703 
0.503737 0.099046 0.226398 0.170819 
0.504569 0.139220 0.132249 0.223962 
0.506167 0.161426 0.133763 0.198645 
0.505303 0.167656 0.123315 0.203726 
0.501432 0.091675 0.251163 0.155729 
0.487765 0.045691 0.298760 0.167784 
0.483834 0.068782 0.325975 0.121410 
0.481807 0.039284 0.319214 0.159695 
0.487747 0.046921 0.303584 0.161748 
0.494768 0.130011 0.288487 0.086734 
0.505822 0.202106 0.168886 0.123186 
0.507676 0.189355 0.150697 0.152272 
0.508102 0.158636 0.171521 0.161741 
0.507572 0.160920 0.173852 0.157657 
0.504236 0.198933 0.123572 0.173258 
0.502218 0.238883 0.125843 0.133056 
0.506485 0.161810 0.157123 0.174582 
0.502311 0.152842 0.196288 0.148559 
0.503704 0.141140 0.222121 0.133035 
0.507237 0.152999 0.162280 0.177484 
0.505893 0.179209 0.130607 0.184290 
0.505117 0.216355 0.118469 0.160059 
0.507641 0.159811 0.153787 0.178761 
0.507877 0.148476 0.164777 0.178870 
0.506858 0.175106 0.146463 0.171573 
0.507061 0.163703 0.182756 0.146480 
0.505669 0.131824 0.228635 0.133872 
0.504356 0.166725 0.213748 0.115172 
0.503927 0.226803 0.165812 0.103458 
0.504436 0.177167 0.217010 0.101388 
0.507393 0.160077 0.190949 0.141581 
0.508249 0.158794 0.174611 0.158346 
0.506936 0.164804 0.183102 0.145159 
0.502527 0.230999 0.170372 0.096102 
0.499338 0.145372 0.267792 0.087498 
0.494544 0.292679 0.107486 0.105291 
0.502463 0.252083 0.126231 0.119222 
0.488506 0.314995 0.108426 0.088073 
0.502000 0.245453 0.135996 0.116552 
0.492370 0.267379 0.168424 0.071827 
0.494756 0.263652 0.151153 0.090439 
0.502295 0.200297 0.145752 0.151656 
0.501422 0.236662 0.131587 0.130329 
0.502855 0.157048 0.236547 0.103550 
0.498696 0.131276 0.269349 0.100679 
0.496259 0.197015 0.260808 0.045918 
0.493417 0.152110 0.289443 0.065031 
0.498772 0.163778 0.264393 0.073058 
0.500594 0.113828 0.266135 0.119443 
0.502882 0.126429 0.248194 0.122496 
0.503923 0.174672 0.194941 0.126465 
0.503666 0.126700 0.230274 0.139359 
0.501956 0.103907 0.252088 0.142049 
0.494187 0.238387 0.210069 0.057357 
0.488189 0.230679 0.259762 0.021370 
0.489596 0.134103 0.290333 0.085968 
0.479130 0.087766 0.327605 0.105499 
0.452457 0.141117 0.380736 0.025690 
0.455547 0.067741 0.388068 0.088644 
0.453480 0.073614 0.396607 0.076300 
0.442043 0.073608 0.416120 0.068229 
0.462955 0.107406 0.372656 0.056983 
0.452273 0.131258 0.386508 0.029961 
0.464753 0.092161 0.366284 0.076801 
0.447562 0.080157 0.401468 0.070814 
0.433456 0.073698 0.420750 0.072095 
0.429652 0.064721 0.408368 0.097259 
0.436100 0.055723 0.418879 0.089298 
0.426267 0.100773 0.424496 0.048463 
0.420245 0.073543 0.441569 0.064644 
0.401139 0.070206 0.454740 0.073915 
0.393217 0.096870 0.449091 0.060822 
0.393907 0.081414 0.431954 0.092725 
0.408923 0.097730 0.402250 0.091097 
0.394192 0.231918 0.370270 0.003621 
0.431079 0.200613 0.324550 0.043759 
0.450617 0.148098 0.313585 0.087700 
0.435317 0.120473 0.360248 0.083963 
0.430374 0.141678 0.362480 0.065469 
0.403707 0.211104 0.366117 0.019072 
0.393130 0.086445 0.419220 0.101205 
0.415098 0.142372 0.375796 0.066734 
0.396838 0.212710 0.376011 0.014441 
0.405539 0.125766 0.363932 0.104763 
0.412809 0.102924 0.359940 0.124327 
0.406259 0.174385 0.373452 0.045905 
0.430875 0.092571 0.367557 0.108997 
0.429525 0.086477 0.375162 0.108836 
0.438253 0.101506 0.362556 0.097685 
0.440317 0.114819 0.371788 0.073075 
0.430301 0.195609 0.361787 0.012303 
0.433959 0.113382 0.367916 0.084744 
0.408763 0.125452 0.414282 0.051502 
0.426717 0.185241 0.364205 0.023838 
0.434996 0.084526 0.350177 0.130301 
0.445929 0.087945 0.327844 0.138282 
0.438874 0.202056 0.323645 0.035424 
0.442474 0.118332 0.343881 0.095314 
0.438055 0.171658 0.327307 0.062979 
0.439178 0.062764 0.339721 0.158337 
0.430591 0.064436 0.366121 0.138852 
0.427811 0.092565 0.356280 0.123343 
0.425206 0.095672 0.366582 0.112540 
0.424939 0.214851 0.328473 0.031737 
0.415368 0.272453 0.310867 0.001313 
0.426509 0.159939 0.367729 0.045822 
0.428796 0.088770 0.380506 0.101928 
0.384793 0.184891 0.399204 0.031112 
0.397141 0.153152 0.375389 0.074318 
0.374058 0.113950 0.404923 0.107070 
0.356860 0.210972 0.398178 0.033989 
0.380253 0.151453 0.386970 0.081324 
0.364005 0.123146 0.409690 0.103158 
0.355179 0.107204 0.412669 0.124948 
0.273821 0.205255 0.415877 0.105047 
0.332567 0.126954 0.401776 0.138703 
0.324641 0.161016 0.368208 0.146134 
0.352786 0.232730 0.343194 0.071290 
0.332078 0.321312 0.338476 0.008134 
0.323879 0.170795 0.377107 0.128219 
0.307557 0.242577 0.372671 0.077194 
0.308135 0.149878 0.380992 0.160995 
0.343845 0.130980 0.374272 0.150903 
0.326220 0.134581 0.384058 0.155140 
0.360733 0.146401 0.358945 0.133921 
0.333634 0.248076 0.357144 0.061146 
0.355352 0.131530 0.374521 0.138596 
0.389703 0.163400 0.358697 0.088200 
0.425449 0.187648 0.332338 0.054566 
0.402561 0.169888 0.344315 0.083237 
0.394201 0.159851 0.344015 0.101934 
0.395819 0.201087 0.338840 0.064254 
0.428295 0.128350 0.335460 0.107896 
0.376873 0.160498 0.367540 0.095090 
0.375612 0.140826 0.360375 0.123187 
0.299169 0.272033 0.366717 0.062081 
0.285121 0.181516 0.335906 0.197457 
0.197932 0.218912 0.380534 0.202622 
0.227376 0.199799 0.364719 0.208106 
0.178957 0.241499 0.384677 0.194866 
0.146671 0.320385 0.372532 0.160411 
0.312076 0.185108 0.344370 0.158445 
0.241526 0.282209 0.330366 0.145899 
0.322414 0.164639 0.349483 0.163463 
0.309800 0.197920 0.372580 0.119700 
0.335064 0.160204 0.363050 0.141682 
0.373023 0.143637 0.334691 0.148648 
0.366780 0.208842 0.267565 0.156813 
0.366600 0.243119 0.294270 0.096012 
0.346406 0.178930 0.351715 0.122950 
0.319559 0.160980 0.364559 0.154902 
0.351676 0.310844 0.319973 0.017507 
0.365093 0.247226 0.327491 0.060190 
0.294648 0.182867 0.338738 0.183747 
0.221887 0.233141 0.333470 0.211502 
0.278300 0.191598 0.343237 0.186865 
0.218991 0.219223 0.343758 0.218029 
0.240809 0.251954 0.320141 0.187097 
0.241913 0.252864 0.277096 0.228127 
0.216931 0.440984 0.179488 0.162597 
0.207672 0.353071 0.225234 0.214023 
0.205987 0.409913 0.191022 0.193078 
0.204635 0.382253 0.201051 0.212061 
0.213575 0.393616 0.194380 0.198429 
0.241098 0.248266 0.264207 0.246429 
0.365323 0.163259 0.303849 0.167569 
0.340415 0.227609 0.350542 0.081434 
0.338057 0.145505 0.357384 0.159055 
0.265615 0.172135 0.371301 0.190950 
0.392436 0.278891 0.271963 0.056710 
0.399623 0.187196 0.252229 0.160953 
0.475791 0.171141 0.183174 0.169893 
0.356845 0.255119 0.243472 0.144563 
0.297054 0.272858 0.363739 0.066349 
0.317262 0.187296 0.369381 0.126061 
0.221044 0.216333 0.386013 0.176611 
0.177890 0.290230 0.385239 0.146641 
0.306986 0.166718 0.364504 0.161792 
0.328518 0.164283 0.362488 0.144712 
0.276264 0.230751 0.358954 0.134031 
0.327188 0.246499 0.263334 0.162979 
0.274430 0.201880 0.312300 0.211391 
0.363297 0.206359 0.237150 0.193194 
0.280171 0.229929 0.231712 0.258188 
0.292940 0.229095 0.285490 0.192474 
0.220092 0.185655 0.357168 0.237085 
0.268055 0.173494 0.331231 0.227220 
0.223787 0.225968 0.285349 0.264896 
0.246427 0.187804 0.352077 0.213693 
0.239051 0.187060 0.364229 0.209661 
0.244772 0.361340 0.254224 0.139665 
0.303873 0.335283 0.235508 0.125336 
0.326771 0.298056 0.276132 0.099041 
0.253635 0.232584 0.270525 0.243255 
0.219805 0.215780 0.309968 0.254447 
0.223963 0.214578 0.302590 0.258868 
0.210102 0.209259 0.324568 0.256071 
0.178742 0.313399 0.289425 0.218433 
0.170091 0.366805 0.257182 0.205923 
0.162298 0.372670 0.253254 0.211778 
0.240400 0.259524 0.230627 0.269450 
0.211857 0.332210 0.211258 0.244675 
0.203127 0.385146 0.186419 0.225307 
0.305577 0.324474 0.162066 0.207884 
0.320298 0.358045 0.131053 0.190604 
0.284172 0.243594 0.219084 0.253150 
0.285261 0.239194 0.209022 0.266523 
0.282365 0.331999 0.160176 0.225460 
0.356458 0.203101 0.228133 0.212308 
0.347000 0.168700 0.295398 0.188902 
0.371456 0.139407 0.350588 0.138549 
0.348907 0.161598 0.365028 0.124467 
0.309927 0.154841 0.380138 0.155094 
0.301476 0.160778 0.385702 0.152044 
0.280443 0.186332 0.372349 0.160877 
0.289403 0.296476 0.352827 0.061295 
0.161852 0.311656 0.363596 0.162895 
0.241775 0.217944 0.346662 0.193618 
0.235774 0.212198 0.349899 0.202129 
0.185024 0.342184 0.321718 0.151075 
0.191402 0.345161 0.286669 0.176768 
0.257657 0.317710 0.324644 0.099990 
0.245189 0.284350 0.327354 0.143107 
0.195865 0.312228 0.343696 0.148211 
0.189365 0.301215 0.347703 0.161717 
0.187423 0.317314 0.353383 0.141881 
0.149974 0.372741 0.329035 0.148250 
0.163992 0.378120 0.335970 0.121919 
0.138234 0.377742 0.370986 0.113038 
0.235689 0.388395 0.343108 0.032808 
0.130958 0.400847 0.353019 0.115176 
0.134914 0.372696 0.365899 0.126491 
0.121843 0.383017 0.355115 0.140024 
0.241137 0.382687 0.355465 0.020711 
0.290246 0.364748 0.334264 0.010742 
0.193247 0.392863 0.339864 0.074026 
0.168383 0.403637 0.316326 0.111654 
0.146077 0.406772 0.307635 0.139516 
0.223776 0.400717 0.299840 0.075667 
0.222705 0.425637 0.277715 0.073942 
0.271479 0.391605 0.304004 0.032912 
0.173459 0.385311 0.342502 0.098728 
0.124506 0.398450 0.352464 0.124579 
0.136781 0.419048 0.339455 0.104715 
0.232173 0.416218 0.311008 0.040601 
0.124491 0.440899 0.306311 0.128299 
0.153375 0.455938 0.292759 0.097929 
0.250870 0.421128 0.310415 0.017587 
0.177077 0.438409 0.328732 0.055783 
0.184504 0.471378 0.298649 0.045469 
0.159307 0.442749 0.300081 0.097863 
0.130901 0.444164 0.287173 0.137762 
0.213254 0.462978 0.279728 0.044040 
0.124062 0.487174 0.273548 0.115217 
0.147868 0.462482 0.255259 0.134391 
0.128633 0.444965 0.308055 0.118347 
0.135711 0.439561 0.313504 0.111224 
0.151563 0.430356 0.308810 0.109272 
0.230891 0.429223 0.255807 0.084080 
0.213518 0.441880 0.221256 0.123347 
0.194121 0.439483 0.201517 0.164879 
0.195516 0.438567 0.181847 0.184070 
0.214328 0.414956 0.206035 0.164680 
0.186576 0.383753 0.239771 0.189901 
0.177354 0.399762 0.255001 0.167883 
0.153461 0.382462 0.318528 0.145549 
0.242912 0.381060 0.313675 0.062353 
0.166297 0.429387 0.271135 0.133181 
0.201323 0.448282 0.239516 0.110880 
0.107109 0.416914 0.317736 0.158241 
0.125039 0.384797 0.332172 0.157992 
0.182369 0.364281 0.354726 0.098624 
0.092298 0.367773 0.365260 0.174670 
0.117673 0.408197 0.344895 0.129235 
0.145230 0.365556 0.397633 0.091581 
0.092954 0.406374 0.389748 0.110924 
0.173235 0.393112 0.391337 0.042316 
0.153877 0.373612 0.451195 0.021316 
0.158682 0.412706 0.385411 0.043201 
0.080451 0.438445 0.316562 0.164542 
0.283897 0.426270 0.190572 0.099261 
0.125330 0.443468 0.287006 0.144196 
0.159954 0.447983 0.289945 0.102119 
0.281013 0.448381 0.251299 0.019307 
0.134117 0.437414 0.308591 0.119879 
0.138632 0.410235 0.326188 0.124945 
0.186030 0.428100 0.274507 0.111363 
0.230958 0.439550 0.241788 0.087704 
0.158454 0.456326 0.227059 0.158161 
0.125705 0.456989 0.292464 0.124842 
0.110973 0.448054 0.329491 0.111482 
0.102856 0.420314 0.366364 0.110466 
0.125100 0.421546 0.384337 0.069017 
0.118676 0.393930 0.399223 0.088171 
0.107655 0.361465 0.430913 0.099967 
0.107152 0.401832 0.368276 0.122740 
0.256224 0.413757 0.310822 0.019198 
0.112915 0.443962 0.327728 0.115395 
0.123318 0.367859 0.397628 0.111195 
0.136216 0.364349 0.405472 0.093962 
0.112840 0.336850 0.436347 0.113963 
0.118728 0.344000 0.417614 0.119657 
0.143057 0.366856 0.401387 0.088701 
0.115395 0.384375 0.384342 0.115887 
0.159940 0.370607 0.381287 0.088166 
0.150706 0.363522 0.391027 0.094745 
0.174948 0.318991 0.445078 0.060984 
0.102576 0.331896 0.445828 0.119700 
0.179977 0.338867 0.445426 0.035730 
0.171984 0.405524 0.397034 0.025458 
0.084758 0.419779 0.394423 0.101040 
0.132592 0.421250 0.373723 0.072435 
0.136271 0.446078 0.308584 0.109067 
0.143402 0.449448 0.312475 0.094674 
0.284409 0.430614 0.274818 0.010159 
0.224174 0.469673 0.207775 0.098377 
0.168375 0.470643 0.213465 0.147517 
0.179781 0.467818 0.174906 0.177496 
0.192657 0.465621 0.169124 0.172597 
0.181168 0.470119 0.174839 0.173874 
0.331122 0.445046 0.117157 0.106676 
0.297776 0.451130 0.147982 0.103112 
0.307573 0.463167 0.144300 0.084960 
0.275605 0.478895 0.124750 0.120749 
0.271425 0.472632 0.147972 0.107971 
0.272208 0.474698 0.137235 0.115859 
0.168970 0.490850 0.183460 0.156719 
0.267221 0.474122 0.125801 0.132856 
0.168679 0.465358 0.259462 0.106502 
0.152781 0.455971 0.235822 0.155426 
0.174110 0.431409 0.259428 0.135054 
0.199824 0.416990 0.229706 0.153480 
0.257250 0.413263 0.209149 0.120339 
0.175268 0.439454 0.221216 0.164062 
0.173127 0.432264 0.223195 0.171414 
0.200125 0.403355 0.207318 0.189201 
0.204782 0.385211 0.204636 0.205371 
0.199439 0.385070 0.216343 0.199149 
0.287956 0.389973 0.167432 0.154639 
0.232451 0.391369 0.193025 0.183154 
0.174217 0.375165 0.294184 0.156434 
0.216983 0.375509 0.203534 0.203975 
0.234215 0.365896 0.209892 0.189997 
0.267716 0.370520 0.221091 0.140672 
0.244098 0.322639 0.338606 0.094657 
0.263140 0.332975 0.348222 0.055662 
0.147979 0.351344 0.338408 0.162269 
0.242819 0.358488 0.216566 0.182127 
0.238023 0.393606 0.220026 0.148345 
0.278360 0.381682 0.164193 0.175766 
0.196335 0.377145 0.240709 0.185812 
0.301553 0.361776 0.169935 0.166737 
0.269323 0.371150 0.212160 0.147367 
0.299901 0.374003 0.165570 0.160526 
0.358357 0.356926 0.143629 0.141088 
0.329082 0.376474 0.175946 0.118498 
0.220058 0.376941 0.197305 0.205696 
0.275770 0.370010 0.184432 0.169787 
0.308077 0.372008 0.158655 0.161260 
0.277978 0.373884 0.170711 0.177427 
0.249487 0.387991 0.184249 0.178273 
0.285214 0.399915 0.219103 0.095768 
0.178549 0.405699 0.326156 0.089596 
0.123062 0.381266 0.388564 0.107108 
0.123050 0.391695 0.362762 0.122493 
0.113414 0.376555 0.369069 0.140962 
0.123472 0.313289 0.449830 0.113410 
0.148224 0.262857 0.448709 0.140210 
0.225983 0.221998 0.433446 0.118574 
0.189521 0.222456 0.365919 0.222105 
0.192132 0.192201 0.400912 0.214756 
0.262152 0.184230 0.320509 0.233110 
0.379594 0.167427 0.239450 0.213530 
0.193087 0.316530 0.243856 0.246528 
0.215460 0.315282 0.214291 0.254967 
0.470460 0.230961 0.128554 0.170024 
0.497925 0.200523 0.159684 0.141868 
0.375743 0.338210 0.145705 0.140343 
0.279830 0.354237 0.150941 0.214992 
0.155601 0.339897 0.290471 0.214030 
0.151663 0.325614 0.375563 0.147160 
0.156310 0.304112 0.435520 0.104057 
0.141566 0.262637 0.441210 0.154587 
0.102526 0.266933 0.491570 0.138970 
0.177000 0.286257 0.451158 0.085584 
0.202359 0.202960 0.463358 0.131323 
0.232045 0.151369 0.463400 0.153186 
0.308194 0.143074 0.389957 0.158776 
0.262106 0.178529 0.392948 0.166416 
0.358198 0.161792 0.330471 0.149538 
0.337497 0.207814 0.378247 0.076441 
0.321413 0.277496 0.328027 0.073064 
0.299502 0.296902 0.208218 0.195378 
0.226272 0.310476 0.224329 0.238922 
0.277134 0.318943 0.205068 0.198856 
0.263485 0.211043 0.344178 0.181293 
0.191593 0.234663 0.400185 0.173559 
0.180049 0.197030 0.469988 0.152933 
0.259884 0.181586 0.489020 0.069509 
0.236511 0.155765 0.567813 0.039910 
0.202036 0.183675 0.483625 0.130663 
0.244999 0.208528 0.400020 0.146453 
0.329095 0.227521 0.375571 0.067813 
0.204737 0.306744 0.368005 0.120515 
0.227631 0.307143 0.388277 0.076950 
0.253225 0.344531 0.329589 0.072654 
0.180112 0.320519 0.293836 0.205533 
0.320518 0.219923 0.227497 0.232062 
0.320397 0.199626 0.255290 0.224688 
0.232576 0.242866 0.271837 0.252721 
0.246805 0.250356 0.246812 0.256027 
0.228377 0.227243 0.298172 0.246209 
0.213484 0.208503 0.329383 0.248631 
0.230675 0.197075 0.375749 0.196501 
0.295835 0.221849 0.258915 0.223401 
0.274818 0.205911 0.310908 0.208363 
0.226882 0.220082 0.269161 0.283875 
0.281030 0.215753 0.253906 0.249311 
0.376794 0.129541 0.330645 0.163021 
0.285473 0.177134 0.225026 0.312366 
0.283779 0.142671 0.276576 0.296974 
0.217952 0.195562 0.273479 0.313008 
0.263108 0.231083 0.196534 0.309275 
0.266410 0.233698 0.233883 0.266009 
0.294766 0.243970 0.222613 0.238651 
0.197844 0.224237 0.278293 0.299626 
0.235522 0.257893 0.260770 0.245816 
0.242407 0.247925 0.259083 0.250585 
0.231893 0.250713 0.282116 0.235278 
0.243822 0.224705 0.287944 0.243528 
0.321131 0.234259 0.217900 0.226710 
0.278359 0.239696 0.264634 0.217312 
0.297481 0.216225 0.292466 0.193828 
0.323070 0.173810 0.286307 0.216813 
0.205908 0.235627 0.294688 0.263777 
0.241827 0.259169 0.236599 0.262405 
0.216518 0.247598 0.248003 0.287881 
0.316475 0.232772 0.224482 0.226271 
0.375367 0.203619 0.196215 0.224799 
0.369459 0.133598 0.319007 0.177936 
0.364454 0.136399 0.357961 0.141185 
0.390318 0.172189 0.282584 0.154909 
0.283141 0.169138 0.393030 0.154691 
0.317692 0.118120 0.373368 0.190821 
0.160181 0.159066 0.370976 0.309776 
0.274896 0.041294 0.388393 0.295418 
0.383341 0.125923 0.344299 0.146438 
0.411550 0.133256 0.291504 0.163690 
0.391316 0.165346 0.237376 0.205962 
0.413084 0.173346 0.174793 0.238778 
0.296637 0.104555 0.293554 0.305254 
0.244490 0.153800 0.284289 0.317421 
0.205435 0.153157 0.353563 0.287846 
0.227228 0.228984 0.253003 0.290784 
0.286946 0.234311 0.236729 0.242013 
0.276675 0.238339 0.240832 0.244154 
0.327675 0.211648 0.244731 0.215945 
0.294548 0.209987 0.244682 0.250783 
0.269526 0.234863 0.258088 0.237523 
0.266519 0.232666 0.232562 0.268253 
0.293325 0.229873 0.248686 0.228116 
0.341120 0.171287 0.298777 0.188816 
0.334199 0.183374 0.226029 0.256397 
0.341479 0.124621 0.309213 0.224687 
0.354660 0.163126 0.306605 0.175610 
0.334831 0.212027 0.256333 0.196809 
0.244119 0.262307 0.224429 0.269145 
0.183112 0.225784 0.328759 0.262345 
0.270191 0.244472 0.248595 0.236743 
0.227893 0.224686 0.294344 0.253077 
0.269967 0.138552 0.346874 0.244607 
0.244530 0.164891 0.375507 0.215072 
0.319533 0.169085 0.321227 0.190155 
0.325880 0.241495 0.211895 0.220730 
0.234685 0.247302 0.239832 0.278180 
0.292558 0.185359 0.340265 0.181818 
0.267467 0.236037 0.287574 0.208922 
0.279106 0.237637 0.238229 0.245028 
0.232241 0.271584 0.246580 0.249595 
0.213636 0.256065 0.291388 0.238911 
0.286309 0.295573 0.197235 0.220883 
0.345607 0.295926 0.189213 0.169253 
0.348463 0.315559 0.174065 0.161912 
0.267717 0.316949 0.198582 0.216752 
0.280282 0.316459 0.274075 0.129184 
0.320572 0.259971 0.358542 0.060915 
0.361581 0.272470 0.238753 0.127196 
0.291121 0.287061 0.197924 0.223894 
0.265118 0.275943 0.248965 0.209975 
0.334689 0.241387 0.264343 0.159581 
0.374927 0.272788 0.182196 0.170089 
0.365759 0.277788 0.175443 0.181009 
0.310728 0.255182 0.296322 0.137768 
0.268748 0.298058 0.200626 0.232568 
0.226735 0.286202 0.210432 0.276631 
0.207118 0.292734 0.221345 0.278802 
0.113599 0.262057 0.358996 0.265348 
0.234650 0.268685 0.262054 0.234611 
0.262807 0.233342 0.238723 0.265128 
0.337897 0.243811 0.225638 0.192654 
0.147764 0.319603 0.242111 0.290522 
0.312914 0.325736 0.035964 0.325386 
0.148112 0.196747 0.320338 0.334802 
0.319557 0.008642 0.366360 0.305441 
0.340457 0.004516 0.354776 0.300251 
0.361270 0.039355 0.346888 0.252487 
0.253613 0.171138 0.347047 0.228201 
0.320259 0.310573 0.114607 0.254561 
0.307908 0.315619 0.044499 0.331974 
0.271543 0.307917 0.072361 0.348180 
0.253365 0.321803 0.105034 0.319799 
0.297921 0.310432 0.050130 0.341518 
0.273032 0.337517 0.090450 0.299001 
0.185744 0.335505 0.139642 0.339108 
0.168808 0.353019 0.169421 0.308752 
0.197268 0.360063 0.213247 0.229421 
0.166462 0.354710 0.268703 0.210125 
0.204614 0.371473 0.208463 0.215451 
0.145120 0.358875 0.346479 0.149526 
0.210861 0.369573 0.213233 0.206333 
0.176182 0.367604 0.222140 0.234074 
0.009713 0.326217 0.334911 0.329159 
0.078590 0.334329 0.399554 0.187526 
0.003654 0.298147 0.389361 0.308838 
0.017078 0.323909 0.355034 0.303979 
0.026285 0.318477 0.372452 0.282786 
0.008973 0.313816 0.310814 0.366398 
0.034441 0.335481 0.318470 0.311608 
0.059069 0.320213 0.380866 0.239851 
0.153868 0.350554 0.352955 0.142623 
0.133687 0.343810 0.340092 0.182410 
0.225699 0.352160 0.262570 0.159571 
0.300646 0.332543 0.274391 0.092419 
0.334425 0.304352 0.289503 0.071720 
0.352632 0.307285 0.196305 0.143778 
0.292215 0.287130 0.335413 0.085241 
0.267454 0.275811 0.302763 0.153972 
0.251925 0.319713 0.213278 0.215084 
0.243498 0.323818 0.190245 0.242439 
0.229796 0.281487 0.362172 0.126545 
0.267743 0.286738 0.199851 0.245668 
0.277766 0.264958 0.142312 0.314963 
0.256550 0.248632 0.303830 0.190987 
0.225113 0.238426 0.286529 0.249932 
0.217581 0.258698 0.294604 0.229117 
0.220068 0.240739 0.247538 0.291654 
0.260580 0.238884 0.252556 0.247980 
0.338872 0.192655 0.119566 0.348906 
0.226116 0.182618 0.214093 0.377173 
0.274667 0.190082 0.164353 0.370898 
0.272781 0.196634 0.177476 0.353110 
0.312236 0.210383 0.263338 0.214043 
0.297633 0.199903 0.313332 0.189131 
0.234128 0.168459 0.385703 0.211709 
0.184105 0.124031 0.357356 0.334508 
0.154908 0.156538 0.293355 0.395199 
0.165985 0.213811 0.189126 0.431078 
0.110310 0.190257 0.285493 0.413939 
0.135415 0.148369 0.297512 0.418705 
0.125153 0.151100 0.370042 0.353705 
0.091792 0.181398 0.358983 0.367827 
0.114708 0.266995 0.249370 0.368927 
0.147198 0.194201 0.359490 0.299110 
0.148393 0.265722 0.380398 0.205487 
0.291878 0.325824 0.317008 0.065290 
0.280900 0.336696 0.152143 0.230261 
0.301772 0.347857 0.141896 0.208476 
0.333969 0.326344 0.316465 0.023222 
0.366200 0.330336 0.101491 0.201973 
0.380072 0.326510 0.136039 0.157379 
0.357717 0.346880 0.141783 0.153620 
0.355257 0.344979 0.222270 0.077494 
0.359598 0.330264 0.287617 0.022521 
0.382236 0.341672 0.147531 0.128561 
0.368534 0.338831 0.126961 0.165674 
0.350627 0.295349 0.281189 0.072835 
0.327308 0.316712 0.287213 0.068767 
0.331246 0.345628 0.113509 0.209617 
0.319547 0.347452 0.118012 0.214989 
0.268058 0.347528 0.091282 0.293132 
0.207644 0.360923 0.242893 0.188539 
0.038704 0.319620 0.366573 0.275104 
0.028051 0.313363 0.333816 0.324770 
0.121871 0.326701 0.382491 0.168937 
0.171674 0.340897 0.219548 0.267881 
0.258425 0.338873 0.209155 0.193546 
0.238900 0.326369 0.230064 0.204667 
0.219367 0.332059 0.184843 0.263732 
0.229785 0.299302 0.288940 0.181973 
0.090912 0.324427 0.290498 0.294163 
0.194426 0.356275 0.193349 0.255950 
0.223230 0.362052 0.202196 0.212522 
0.225703 0.360760 0.204161 0.209376 
0.215397 0.363328 0.201586 0.219689 
0.169270 0.358770 0.248744 0.223217 
0.189233 0.356042 0.300509 0.154216 
0.206308 0.357968 0.258872 0.176853 
0.230249 0.361076 0.139782 0.268893 
0.208590 0.371275 0.245527 0.174609 
0.156836 0.355858 0.240448 0.246858 
0.138713 0.361253 0.308896 0.191138 
0.156752 0.357593 0.183781 0.301874 
0.219658 0.347392 0.358246 0.074703 
0.119595 0.374598 0.284852 0.220955 
0.102026 0.361942 0.314896 0.221137 
0.147325 0.357943 0.349848 0.144885 
0.152022 0.372437 0.312322 0.163219 
0.220404 0.366413 0.240835 0.172349 
0.192303 0.360793 0.191207 0.255697 
0.219110 0.362098 0.094654 0.324138 
0.163578 0.349069 0.213842 0.273511 
0.272793 0.260088 0.245052 0.222067 
0.240832 0.306777 0.145534 0.306856 
0.261952 0.251764 0.327215 0.159069 
0.311112 0.236024 0.277250 0.175615 
0.330052 0.221745 0.284230 0.163973 
0.293752 0.141103 0.400520 0.164625 
0.306507 0.110131 0.375244 0.208118 
0.273027 0.054523 0.419796 0.252653 
0.324102 0.124647 0.340499 0.210751 
0.302588 0.143192 0.410811 0.143409 
0.265805 0.153008 0.471853 0.109334 
0.217071 0.147727 0.503471 0.131731 
0.210187 0.103907 0.497985 0.187921 
0.199049 0.068330 0.400098 0.332523 
0.251482 0.133785 0.198761 0.415972 
0.284405 0.101700 0.241205 0.372690 
0.254851 0.102019 0.238734 0.404396 
0.240439 0.029075 0.332705 0.397780 
0.200266 0.026745 0.307932 0.465057 
0.214882 0.058545 0.251532 0.475042 
0.232320 0.050126 0.247089 0.470465 
0.185491 0.067764 0.285416 0.461329 
0.179275 0.082977 0.282226 0.455523 
0.154478 0.090621 0.295348 0.459553 
0.151688 0.064408 0.304136 0.479769 
0.155995 0.060200 0.303075 0.480731 
0.160685 0.058618 0.319366 0.461330 
0.138512 0.059998 0.346083 0.455407 
0.145683 0.041499 0.355650 0.457168 
0.175634 0.043167 0.322014 0.459184 
0.162830 0.040804 0.350103 0.446262 
0.108500 0.033486 0.493670 0.364345 
0.130362 0.037331 0.422074 0.410232 
0.141411 0.038214 0.391140 0.429235 
0.122235 0.029521 0.417827 0.430417 
0.135935 0.046085 0.348956 0.469023 
0.104236 0.047538 0.388399 0.459827 
0.151564 0.067790 0.288577 0.492069 
0.109429 0.087947 0.321562 0.481062 
0.042514 0.133057 0.363430 0.460999 
0.026571 0.183134 0.321342 0.468954 
0.089913 0.123747 0.315965 0.470375 
0.032456 0.138808 0.386940 0.441796 
0.111583 0.079568 0.331196 0.477653 
0.093878 0.095333 0.342569 0.468221 
0.056091 0.118403 0.379141 0.446365 
0.044403 0.180743 0.295988 0.478867 
0.103597 0.186590 0.207808 0.502004 
0.152311 0.223678 0.126221 0.497789 
0.174311 0.185043 0.154231 0.486415 
0.136467 0.132449 0.249007 0.482077 
0.163218 0.108762 0.258977 0.469043 
0.151483 0.108864 0.256514 0.483139 
0.121884 0.081425 0.334455 0.462235 
0.120859 0.079815 0.324466 0.474860 
0.123993 0.070591 0.330358 0.475058 
0.134365 0.075704 0.302441 0.487490 
0.129724 0.075271 0.327205 0.467801 
0.130778 0.067244 0.334628 0.467350 
0.146132 0.048854 0.328453 0.476560 
0.114117 0.076219 0.331611 0.478053 
0.137694 0.042989 0.344535 0.474782 
0.127607 0.042194 0.365594 0.464605 
0.119870 0.058945 0.380649 0.440536 
0.112858 0.066989 0.371860 0.448293 
0.106723 0.073550 0.355584 0.464143 
0.075541 0.095852 0.384181 0.444426 
0.093484 0.118399 0.362028 0.426088 
0.079143 0.158818 0.339731 0.422309 
0.097384 0.107679 0.364039 0.430898 
0.117176 0.098326 0.333714 0.450784 
0.133399 0.098513 0.378204 0.389884 
0.160950 0.122215 0.312824 0.404012 
0.145498 0.116191 0.345985 0.392326 
0.124653 0.178789 0.339637 0.356921 
0.156394 0.200885 0.252376 0.390345 
0.206256 0.234665 0.175146 0.383934 
0.192141 0.143470 0.263955 0.400434 
0.185316 0.096374 0.327839 0.390471 
0.226329 0.138760 0.233620 0.401291 
0.178287 0.197292 0.180026 0.444396 
0.218136 0.178647 0.143569 0.459647 
0.175352 0.115830 0.243601 0.465217 
0.200368 0.149989 0.194410 0.455233 
0.161154 0.174232 0.210349 0.454266 
0.158664 0.209056 0.169831 0.462448 
0.118736 0.119600 0.313111 0.448554 
0.119099 0.109401 0.334265 0.437235 
0.119821 0.071224 0.368014 0.440940 
0.126021 0.064586 0.371862 0.437531 
0.098350 0.085585 0.414039 0.402027 
0.103557 0.050671 0.495658 0.350114 
0.068182 0.062233 0.550026 0.319559 
0.089889 0.045555 0.562298 0.302258 
0.087893 0.045763 0.522387 0.343957 
0.105785 0.053598 0.501614 0.339003 
0.085991 0.042092 0.510462 0.361454 
0.087745 0.051947 0.482919 0.377390 
0.056524 0.067764 0.475816 0.399897 
0.065361 0.035482 0.527596 0.371561 
0.043269 0.024867 0.584791 0.347073 
0.053095 0.029718 0.555393 0.361794 
0.032575 0.035615 0.584649 0.347161 
0.033603 0.033090 0.608328 0.324979 
0.051240 0.025621 0.581684 0.341456 
0.039796 0.034603 0.558903 0.366698 
0.026571 0.037466 0.572539 0.363425 
0.045756 0.044912 0.493511 0.415821 
0.054959 0.050617 0.463072 0.431353 
0.067225 0.049450 0.443069 0.440256 
0.030553 0.041690 0.551548 0.376209 
0.042941 0.031276 0.533090 0.392693 
0.030914 0.023761 0.613515 0.331810 
0.031236 0.026159 0.619324 0.323282 
0.020898 0.040464 0.589929 0.348709 
0.057639 0.057465 0.447738 0.437158 
0.076181 0.081236 0.443337 0.399246 
0.086906 0.086600 0.372095 0.454400 
0.082042 0.083157 0.362119 0.472683 
0.064592 0.063805 0.423240 0.448364 
0.044527 0.051964 0.477621 0.425889 
0.038102 0.072604 0.458549 0.430745 
0.041030 0.045792 0.507748 0.405430 
0.069737 0.070513 0.408857 0.450892 
0.066543 0.089563 0.394546 0.449347 
0.089145 0.094077 0.363568 0.453210 
0.099794 0.138604 0.288099 0.473503 
0.098093 0.131928 0.298551 0.471428 
0.167147 0.186942 0.184270 0.461641 
0.161817 0.184090 0.178440 0.475652 
0.171786 0.171905 0.175140 0.481168 
0.168394 0.170360 0.190163 0.471084 
0.152522 0.163602 0.203345 0.480530 
0.168124 0.168070 0.196290 0.467517 
0.120136 0.128194 0.272592 0.479078 
0.121625 0.121921 0.315940 0.440514 
0.047004 0.180027 0.360225 0.412744 
0.126580 0.116128 0.348003 0.409289 
0.181346 0.113564 0.246903 0.458187 
0.160141 0.088784 0.285712 0.465364 
0.150950 0.103248 0.262402 0.483399 
0.139029 0.107448 0.260266 0.493257 
0.092322 0.141559 0.272338 0.493781 
0.084330 0.115438 0.324428 0.475804 
0.076289 0.114649 0.330152 0.478910 
0.077443 0.087214 0.364790 0.470553 
0.091441 0.065963 0.382384 0.460212 
0.089183 0.062029 0.386379 0.462410 
0.094065 0.064192 0.402594 0.439149 
0.099766 0.069924 0.370926 0.459384 
0.072189 0.097118 0.374629 0.456064 
0.090153 0.066353 0.389999 0.453494 
0.072703 0.093429 0.371169 0.462699 
0.031335 0.130563 0.382364 0.455737 
0.022232 0.157149 0.367732 0.452887 
0.027028 0.168321 0.332665 0.471985 
0.018504 0.166812 0.344960 0.469723 
0.056853 0.118638 0.349501 0.475008 
0.082128 0.086175 0.358563 0.473134 
0.080766 0.075414 0.374623 0.469196 
0.078792 0.100342 0.340145 0.480721 
0.080004 0.089746 0.353883 0.476368 
0.064006 0.120144 0.338047 0.477803 
0.076853 0.076603 0.378640 0.467904 
0.059363 0.082800 0.399112 0.458725 
0.024457 0.112617 0.422612 0.440315 
0.024839 0.108558 0.425473 0.441130 
0.006845 0.145577 0.417679 0.429899 
0.016260 0.116608 0.430104 0.437028 
0.010996 0.125147 0.431852 0.432005 
0.003957 0.140182 0.433162 0.422698 
0.005425 0.137701 0.435294 0.421580 
0.008750 0.140229 0.440545 0.410476 
0.013297 0.126183 0.440999 0.419521 
0.024719 0.129709 0.454657 0.390916 
0.007740 0.163962 0.437316 0.390981 
0.030396 0.140681 0.451594 0.377329 
0.074225 0.094172 0.470768 0.360835 
0.087520 0.109377 0.461581 0.341522 
0.092151 0.088374 0.470653 0.348822 
0.109670 0.099040 0.473512 0.317779 
0.112644 0.086897 0.483099 0.317360 
0.110663 0.090580 0.486054 0.312703 
0.115413 0.097449 0.491097 0.296042 
0.110209 0.081524 0.483156 0.325111 
0.099252 0.112086 0.488404 0.300257 
0.105683 0.106803 0.482707 0.304808 
0.099445 0.108391 0.473309 0.318855 
0.130344 0.118752 0.462389 0.288514 
0.100963 0.105913 0.474344 0.318781 
0.100941 0.121801 0.459471 0.317787 
0.088586 0.140514 0.462864 0.308035 
0.150719 0.076519 0.440617 0.332145 
0.114944 0.122995 0.454440 0.307621 
0.140981 0.130724 0.482414 0.245881 
0.199470 0.198805 0.487635 0.114090 
0.197656 0.173333 0.501968 0.127044 
0.166022 0.171760 0.499252 0.162965 
0.178675 0.192889 0.486507 0.141929 
0.106711 0.177386 0.487567 0.228336 
0.153738 0.186783 0.482158 0.177322 
0.128344 0.173634 0.473510 0.224512 
0.105129 0.146169 0.474811 0.273891 
0.101987 0.145034 0.477356 0.275624 
0.145189 0.210440 0.469409 0.174961 
0.182961 0.147538 0.447078 0.222423 
0.171332 0.222023 0.461629 0.145016 
0.170111 0.208435 0.481494 0.139959 
0.151958 0.228719 0.472747 0.146575 
0.131754 0.204945 0.425303 0.237998 
0.173928 0.206674 0.422114 0.197285 
0.162981 0.187464 0.427054 0.222501 
0.174799 0.196319 0.440436 0.188446 
0.254641 0.164225 0.440943 0.140191 
0.245744 0.132821 0.436666 0.184769 
0.325864 0.060113 0.397391 0.216632 
0.314148 0.186430 0.385604 0.113818 
0.192374 0.224354 0.320502 0.262769 
0.253014 0.292291 0.225911 0.228783 
0.222761 0.254693 0.278600 0.243947 
0.202768 0.243371 0.310944 0.242916 
0.202123 0.224356 0.371326 0.202196 
0.255471 0.230898 0.293323 0.220309 
0.242392 0.187311 0.376754 0.193543 
0.201212 0.103107 0.346972 0.348709 
0.277945 0.184955 0.186334 0.350767 
0.370502 0.210792 0.203443 0.215263 
0.346027 0.169190 0.341073 0.143709 
0.258725 0.168171 0.391125 0.181978 
0.313629 0.100532 0.335630 0.250209 
0.230339 0.169202 0.310296 0.290163 
0.266282 0.244106 0.240138 0.249474 
0.234112 0.170681 0.250143 0.345064 
0.291833 0.066871 0.295764 0.345531 
0.258531 0.069177 0.347494 0.324798 
0.253009 0.200135 0.229033 0.317823 
0.218886 0.199633 0.263922 0.317559 
0.274318 0.208231 0.311507 0.205943 
0.279580 0.222648 0.262110 0.235662 
0.249910 0.210572 0.321435 0.218082 
0.232453 0.232388 0.249149 0.286010 
0.282757 0.237632 0.240464 0.239148 
0.209993 0.134202 0.335214 0.320591 
0.205941 0.210323 0.239203 0.344532 
0.230456 0.203646 0.202514 0.363384 
0.174145 0.172936 0.212741 0.440179 
0.222456 0.083830 0.262364 0.431350 
0.206372 0.044443 0.331298 0.417888 
0.162175 0.144045 0.273141 0.420639 
0.186386 0.116130 0.308259 0.389225 
0.177739 0.086103 0.300455 0.435703 
0.261958 0.024815 0.307239 0.405988 
0.265945 0.042821 0.329511 0.361723 
0.268523 0.051505 0.297132 0.382840 
0.191627 0.123030 0.256602 0.428741 
0.260474 0.180584 0.165434 0.393508 
0.151389 0.183191 0.325017 0.340403 
0.191625 0.218370 0.198108 0.391897 
0.178546 0.216497 0.166418 0.438539 
0.163174 0.180242 0.229932 0.426652 
0.202462 0.181829 0.175826 0.439884 
0.190126 0.176138 0.176838 0.456899 
0.243605 0.111247 0.169538 0.475609 
0.215432 0.085010 0.244629 0.454929 
0.234863 0.041886 0.315474 0.407776 
0.187858 0.041120 0.320610 0.450413 
0.170212 0.004491 0.423177 0.402119 
0.181299 0.003899 0.393129 0.421673 
0.098672 0.035420 0.435211 0.430697 
0.103925 0.087718 0.358640 0.449717 
0.113427 0.164756 0.241964 0.479853 
0.118991 0.123743 0.302916 0.454350 
0.158964 0.109063 0.248584 0.483388 
0.188913 0.159672 0.166964 0.484451 
0.100674 0.130270 0.284138 0.484919 
0.102947 0.086461 0.333517 0.477075 
0.074844 0.189312 0.234911 0.500933 
0.098391 0.178747 0.220271 0.502591 
0.051409 0.162415 0.299713 0.486463 
0.057314 0.125572 0.342609 0.474505 
0.030014 0.066331 0.482369 0.421287 
0.040255 0.075500 0.449652 0.434594 
0.056831 0.038881 0.489263 0.415024 
0.147966 0.045274 0.332742 0.474017 
0.162148 0.086761 0.257545 0.493546 
0.270089 0.081115 0.158916 0.489879 
0.202579 0.129686 0.172463 0.495273 
0.189604 0.203465 0.125180 0.481751 
0.224376 0.086627 0.203356 0.485641 
0.252112 0.101556 0.154433 0.491899 
0.281310 0.090294 0.146623 0.481774 
0.120769 0.181502 0.217501 0.480228 
0.142888 0.233758 0.128722 0.494631 
0.088701 0.209661 0.228921 0.472717 
0.099172 0.231440 0.204688 0.464700 
0.178726 0.234188 0.116167 0.470919 
0.155818 0.238542 0.153167 0.452473 
0.172587 0.212873 0.159382 0.455158 
0.094057 0.168089 0.286839 0.451015 
0.143149 0.149007 0.258346 0.449498 
