0.256366 0.258185 0.227128 0.258321 
0.291339 0.292096 0.153561 0.263004 
0.322030 0.321983 0.033581 0.322406 
0.332752 0.332996 0.001143 0.333110 
0.332620 0.331582 0.000262 0.335535 
0.333907 0.332593 0.000003 0.333497 
0.331749 0.338355 0.000000 0.329897 
0.326293 0.335422 0.000000 0.338285 
0.314709 0.328514 0.000000 0.356777 
0.322970 0.330996 0.000000 0.346034 
0.329574 0.336159 0.000000 0.334266 
0.331742 0.332198 0.000000 0.336059 
0.320077 0.332127 0.000000 0.347797 
0.317991 0.316518 0.000000 0.365491 
0.289033 0.286416 0.000001 0.424549 
0.302036 0.299288 0.000000 0.398676 
0.315004 0.313076 0.000000 0.371920 
0.296459 0.296141 0.000002 0.407398 
0.302810 0.300224 0.000000 0.396965 
0.329763 0.327036 0.000000 0.343201 
0.316104 0.313258 0.000000 0.370638 
0.319944 0.318019 0.000000 0.362037 
0.333465 0.336028 0.000000 0.330506 
0.330610 0.334981 0.000000 0.334409 
0.317623 0.325747 0.000000 0.356630 
0.300727 0.302625 0.000000 0.396648 
0.327923 0.336158 0.000000 0.335919 
0.327619 0.346271 0.000000 0.326110 
0.319498 0.344204 0.000000 0.336298 
0.325849 0.350094 0.000000 0.324057 
0.329087 0.339113 0.000000 0.331799 
0.321821 0.321874 0.000000 0.356306 
0.315098 0.315867 0.000000 0.369034 
0.313472 0.324329 0.000000 0.362200 
0.317963 0.316639 0.000000 0.365398 
0.319274 0.331863 0.000000 0.348863 
0.305999 0.326547 0.000000 0.367454 
0.295563 0.359659 0.000000 0.344778 
0.307642 0.365081 0.000000 0.327277 
0.299203 0.352402 0.000000 0.348395 
0.290691 0.352991 0.000000 0.356318 
0.304741 0.367904 0.000000 0.327355 
0.298314 0.361025 0.000000 0.340661 
0.313429 0.359363 0.000000 0.327208 
0.306166 0.337110 0.000000 0.356724 
0.297657 0.335201 0.000000 0.367141 
0.301745 0.318535 0.000000 0.379720 
0.292449 0.315870 0.000000 0.391682 
0.290160 0.336060 0.000000 0.373780 
0.285871 0.342700 0.000000 0.371428 
0.288944 0.351443 0.000000 0.359612 
0.288037 0.355283 0.000000 0.356679 
0.257328 0.365822 0.000001 0.376849 
0.244772 0.364765 0.000015 0.390448 
0.223924 0.307456 0.022614 0.446006 
0.226695 0.284808 0.439468 0.049028 
0.222117 0.268993 0.340799 0.168091 
0.228412 0.246725 0.215057 0.309806 
0.237280 0.235503 0.399456 0.127761 
0.239626 0.237606 0.450154 0.072614 
0.248764 0.246248 0.174825 0.330163 
0.243048 0.240856 0.383110 0.132986 
0.233366 0.231044 0.229006 0.306584 
0.233417 0.232508 0.217719 0.316355 
0.232355 0.231906 0.296956 0.238783 
0.230305 0.248656 0.203726 0.317312 
0.231225 0.260757 0.364548 0.143470 
0.245247 0.270664 0.006808 0.477281 
0.276950 0.317268 0.000209 0.405573 
0.290658 0.356787 0.000000 0.352555 
0.313326 0.340298 0.000000 0.346376 
0.316772 0.356140 0.000000 0.327088 
0.319513 0.369355 0.000000 0.311132 
0.331718 0.349050 0.000000 0.319231 
0.294400 0.339880 0.000000 0.365720 
0.276812 0.302259 0.000017 0.420912 
0.250267 0.262964 0.009647 0.477122 
0.240137 0.263015 0.155243 0.341605 
0.240638 0.252774 0.060725 0.445864 
0.303056 0.297286 0.000001 0.399657 
0.306624 0.306544 0.000000 0.386832 
0.242587 0.279701 0.012983 0.464729 
0.235127 0.266364 0.086627 0.411883 
0.232494 0.251601 0.306302 0.209603 
0.231200 0.262118 0.368153 0.138529 
0.235907 0.263451 0.093369 0.407273 
0.239888 0.299229 0.012251 0.448631 
0.266188 0.322581 0.000051 0.411180 
0.279772 0.340163 0.000008 0.380056 
0.264820 0.320509 0.000380 0.414291 
0.278361 0.317071 0.000005 0.404563 
0.304009 0.314897 0.000000 0.381094 
0.312989 0.313608 0.000000 0.373403 
0.318949 0.307135 0.000000 0.373916 
0.332913 0.315099 0.000000 0.351987 
0.323857 0.300553 0.000000 0.375590 
0.334559 0.308091 0.000000 0.357350 
0.335466 0.306525 0.000000 0.358009 
0.307017 0.290823 0.000001 0.402159 
0.327666 0.315116 0.000000 0.357218 
0.331104 0.316226 0.000000 0.352670 
0.343843 0.324010 0.000000 0.332147 
0.298001 0.293396 0.000004 0.408598 
0.296451 0.292313 0.000030 0.411206 
0.288729 0.304736 0.000007 0.406527 
0.246649 0.265217 0.027937 0.460198 
0.259370 0.257055 0.011365 0.472210 
0.266679 0.269664 0.001331 0.462326 
0.271057 0.308434 0.000073 0.420436 
0.261652 0.301546 0.000235 0.436567 
0.251127 0.299503 0.009531 0.439839 
0.246087 0.286775 0.011859 0.455278 
0.264008 0.321333 0.000081 0.414578 
0.257456 0.316754 0.000129 0.425660 
0.255961 0.327330 0.000118 0.416592 
0.320054 0.350180 0.000000 0.329765 
0.297030 0.326024 0.000000 0.376946 
0.312487 0.345170 0.000000 0.342343 
0.313671 0.336979 0.000000 0.349349 
0.297350 0.331656 0.000000 0.370993 
0.304949 0.323008 0.000000 0.372042 
0.318135 0.348701 0.000000 0.333164 
0.324460 0.340146 0.000000 0.335394 
0.316747 0.333765 0.000000 0.349488 
0.297437 0.334700 0.000006 0.367856 
0.280682 0.301356 0.000005 0.417957 
0.301457 0.350632 0.000000 0.347911 
0.313852 0.370561 0.000000 0.315587 
0.313828 0.364727 0.000000 0.321444 
0.301497 0.352583 0.000000 0.345920 
0.278129 0.304948 0.000017 0.416907 
0.316009 0.334366 0.000000 0.349626 
0.309090 0.332944 0.000000 0.357966 
0.317732 0.333736 0.000000 0.348531 
0.301418 0.304314 0.000000 0.394268 
0.317031 0.315593 0.000000 0.367376 
0.315447 0.321603 0.000000 0.362950 
0.300246 0.306399 0.000000 0.393355 
0.300586 0.315788 0.000000 0.383626 
0.245964 0.261084 0.010497 0.482456 
0.238200 0.249461 0.295545 0.216795 
0.236767 0.233607 0.296177 0.233450 
0.247365 0.243047 0.141411 0.368177 
0.238835 0.239450 0.104606 0.417108 
0.238886 0.228096 0.266596 0.266421 
0.237880 0.231597 0.222467 0.308056 
0.310818 0.302711 0.000000 0.386471 
0.284984 0.296876 0.000003 0.418137 
0.325317 0.393382 0.000000 0.281301 
0.256924 0.289092 0.001794 0.452190 
0.265015 0.309704 0.000038 0.425243 
0.282529 0.336411 0.000000 0.381060 
0.245649 0.295925 0.002800 0.455626 
0.228101 0.259113 0.288547 0.224239 
0.267317 0.296533 0.436043 0.000108 
0.269370 0.311347 0.419266 0.000017 
0.266012 0.289942 0.443562 0.000483 
0.301915 0.308937 0.389148 0.000000 
0.272741 0.267048 0.460056 0.000155 
0.283320 0.275925 0.439965 0.000791 
0.260676 0.254459 0.480835 0.004029 
0.237029 0.230259 0.197902 0.334810 
0.235838 0.233999 0.321742 0.208422 
0.232258 0.235496 0.298034 0.234211 
0.256734 0.258425 0.005478 0.479363 
0.238696 0.243619 0.087855 0.429830 
0.235641 0.253955 0.071746 0.438659 
0.227669 0.257185 0.363377 0.151770 
0.234772 0.259293 0.048580 0.457355 
0.244697 0.242144 0.438068 0.075091 
0.235275 0.232940 0.292868 0.238917 
0.234252 0.231977 0.231335 0.302436 
0.234849 0.232037 0.239004 0.294109 
0.238370 0.232334 0.307187 0.222109 
0.239809 0.235075 0.377677 0.147439 
0.328884 0.332122 0.000000 0.338994 
0.290419 0.295349 0.000015 0.414217 
0.451295 0.450696 0.000000 0.098009 
0.331617 0.326239 0.000000 0.342145 
0.295589 0.289082 0.000001 0.415328 
0.276980 0.271042 0.000126 0.451852 
0.298635 0.290009 0.000000 0.411356 
0.349372 0.340911 0.000000 0.309718 
0.351985 0.340643 0.000000 0.307372 
0.250952 0.244459 0.032381 0.472209 
0.257233 0.256808 0.002362 0.483598 
0.349040 0.342329 0.000000 0.308631 
0.304419 0.306242 0.000002 0.389337 
0.262948 0.260650 0.004097 0.472305 
0.244066 0.242690 0.032950 0.480294 
0.233152 0.233049 0.247278 0.286521 
0.237558 0.236779 0.135109 0.390554 
0.269196 0.261465 0.469046 0.000292 
0.281516 0.277427 0.441042 0.000014 
0.306585 0.297277 0.396138 0.000000 
0.271441 0.266285 0.458038 0.004235 
0.259531 0.257494 0.002276 0.480700 
0.257425 0.254770 0.008157 0.479648 
0.269761 0.262346 0.458839 0.009054 
0.278478 0.270815 0.443797 0.006911 
0.256199 0.247916 0.058325 0.437561 
0.261631 0.256753 0.006155 0.475461 
0.243701 0.235255 0.067266 0.453778 
0.236593 0.234219 0.186492 0.342696 
0.231536 0.239507 0.243256 0.285702 
0.229653 0.250815 0.317153 0.202378 
0.248745 0.271686 0.009173 0.470395 
0.226578 0.256549 0.198040 0.318833 
0.225497 0.271437 0.159269 0.343797 
0.260659 0.278561 0.000842 0.459937 
0.288845 0.307521 0.000001 0.403634 
0.243227 0.267961 0.031618 0.457194 
0.252288 0.269046 0.003895 0.474771 
0.271463 0.273229 0.000520 0.454788 
0.240049 0.247943 0.063212 0.448797 
0.231975 0.240895 0.218068 0.309061 
0.265807 0.295800 0.000052 0.438341 
0.243490 0.285225 0.006115 0.465170 
0.267809 0.343875 0.000003 0.388313 
0.240042 0.294031 0.008762 0.457165 
0.291903 0.345278 0.000000 0.362818 
0.266032 0.372586 0.000002 0.361380 
0.328231 0.455804 0.000002 0.215963 
0.248841 0.338836 0.000431 0.411892 
0.309618 0.386099 0.000000 0.304282 
0.372861 0.456781 0.000000 0.170358 
0.464153 0.531733 0.000003 0.004110 
0.440211 0.491373 0.000000 0.068415 
0.466452 0.494910 0.000000 0.038637 
0.441343 0.462243 0.000000 0.096414 
0.412465 0.445177 0.000000 0.142359 
0.364792 0.397371 0.000000 0.237838 
0.433601 0.477524 0.000000 0.088875 
0.370524 0.383283 0.000000 0.246193 
0.421367 0.454037 0.000000 0.124596 
0.283056 0.312367 0.000003 0.404574 
0.298562 0.348842 0.000000 0.352597 
0.266833 0.343820 0.000003 0.389345 
0.225883 0.360900 0.000909 0.412308 
0.225431 0.355228 0.001358 0.417984 
0.210785 0.367124 0.025496 0.396594 
0.210890 0.345646 0.361727 0.081737 
0.212528 0.324168 0.275072 0.188231 
0.216485 0.328047 0.422996 0.032472 
0.219529 0.339289 0.217497 0.223686 
0.234351 0.371889 0.004780 0.388981 
0.233362 0.374901 0.000586 0.391152 
0.206787 0.341220 0.349445 0.102548 
0.205293 0.345720 0.365779 0.083208 
0.200386 0.382001 0.038161 0.379452 
0.197359 0.367358 0.280832 0.154450 
0.209250 0.388539 0.005632 0.396580 
0.200713 0.380427 0.031980 0.386880 
0.194726 0.363795 0.204086 0.237392 
0.200605 0.349816 0.210081 0.239497 
0.196441 0.364218 0.211346 0.227995 
0.201114 0.362464 0.107009 0.329412 
0.204158 0.346776 0.225814 0.223253 
0.199527 0.367338 0.132628 0.300507 
0.196707 0.363258 0.132791 0.307244 
0.196189 0.373532 0.082725 0.347554 
0.200515 0.366272 0.063370 0.369843 
0.203475 0.385556 0.399180 0.011790 
0.201382 0.376861 0.377591 0.044167 
0.192672 0.223921 0.213802 0.369604 
0.210061 0.249887 0.232269 0.307784 
0.214764 0.268600 0.224962 0.291674 
0.216027 0.130509 0.331115 0.322349 
0.200762 0.204078 0.254339 0.340820 
0.188779 0.205431 0.230632 0.375158 
0.186137 0.142069 0.337138 0.334656 
0.195496 0.054431 0.370362 0.379712 
0.180968 0.238562 0.271615 0.308854 
0.180714 0.288248 0.259236 0.271802 
0.186589 0.256544 0.184437 0.372429 
0.186297 0.218455 0.226663 0.368584 
0.181319 0.369041 0.234037 0.215603 
0.199284 0.354255 0.132156 0.314305 
0.206154 0.329488 0.155536 0.308822 
0.203556 0.330477 0.297989 0.167978 
0.226641 0.258951 0.344586 0.169821 
0.224241 0.280332 0.328106 0.167320 
0.242952 0.237358 0.440803 0.078887 
0.259132 0.293047 0.447511 0.000310 
0.227920 0.338789 0.088069 0.345222 
0.200991 0.257891 0.207218 0.333900 
0.219359 0.003879 0.387739 0.389023 
0.200255 0.360793 0.368471 0.070481 
0.184518 0.331224 0.302493 0.181765 
0.182447 0.247734 0.284115 0.285704 
0.193240 0.230092 0.208532 0.368135 
0.199889 0.032517 0.389370 0.378223 
0.219296 0.114842 0.362787 0.303075 
0.191983 0.184308 0.250179 0.373529 
0.186536 0.240711 0.271438 0.301316 
0.187577 0.246653 0.247680 0.318090 
0.193526 0.205723 0.358364 0.242387 
0.213286 0.029889 0.387240 0.369584 
0.224271 0.314462 0.155334 0.305933 
0.246570 0.361110 0.165392 0.226928 
0.296916 0.393886 0.236374 0.072825 
0.280027 0.278776 0.330519 0.110678 
0.288391 0.229600 0.399550 0.082459 
0.286743 0.255188 0.373818 0.084250 
0.219639 0.073024 0.377606 0.329731 
0.200656 0.195073 0.244527 0.359745 
0.188644 0.343079 0.262126 0.206151 
0.192486 0.374248 0.280672 0.152594 
0.199117 0.355890 0.232369 0.212625 
0.197142 0.377935 0.067021 0.357902 
0.221951 0.293949 0.138107 0.345993 
0.228912 0.277022 0.289258 0.204808 
0.206084 0.338650 0.187282 0.267983 
0.192081 0.371294 0.314180 0.122444 
0.197533 0.195031 0.239852 0.367585 
0.185691 0.205804 0.300554 0.307952 
0.182922 0.254717 0.307270 0.255092 
0.182448 0.246190 0.308797 0.262565 
0.219260 0.230137 0.258162 0.292440 
0.246874 0.289189 0.256497 0.207440 
0.264345 0.302516 0.285885 0.147254 
0.245292 0.248334 0.308940 0.197433 
0.220579 0.219739 0.284938 0.274745 
0.198718 0.182867 0.274065 0.344350 
0.179007 0.263027 0.226513 0.331452 
0.184465 0.167512 0.271018 0.377005 
0.198772 0.029834 0.394845 0.376549 
0.196696 0.165404 0.287944 0.349957 
0.193408 0.115258 0.322615 0.368719 
0.204474 0.165118 0.301449 0.328959 
0.193162 0.221702 0.226666 0.358470 
0.188693 0.203242 0.233592 0.374472 
0.196134 0.045607 0.378415 0.379844 
0.202089 0.164395 0.294908 0.338609 
0.192765 0.268333 0.171889 0.367013 
0.203772 0.217336 0.229334 0.349558 
0.197069 0.135023 0.309776 0.358132 
0.183393 0.166129 0.314303 0.336176 
0.194050 0.319442 0.370863 0.115645 
0.177575 0.256782 0.309259 0.256383 
0.177968 0.275502 0.278611 0.267919 
0.192001 0.346837 0.082377 0.378785 
0.220869 0.330024 0.156037 0.293071 
0.189426 0.256249 0.180636 0.373690 
0.200720 0.149292 0.301618 0.348370 
0.214286 0.157758 0.317327 0.310629 
0.232337 0.273146 0.240763 0.253754 
0.185050 0.273235 0.168900 0.372815 
0.186475 0.274460 0.162008 0.377058 
0.188873 0.080049 0.353995 0.377083 
0.194933 0.256159 0.359795 0.189113 
0.231960 0.268421 0.236340 0.263279 
0.197863 0.331251 0.358964 0.111923 
0.177307 0.276611 0.269256 0.276826 
0.193696 0.225589 0.221953 0.358762 
0.178519 0.283715 0.243769 0.293996 
0.184214 0.331863 0.115898 0.368025 
0.257854 0.285085 0.303530 0.153531 
0.254263 0.246551 0.319507 0.179680 
0.261982 0.484319 0.081025 0.172674 
0.190925 0.342350 0.088348 0.378378 
0.204460 0.402279 0.015362 0.377899 
0.214325 0.373067 0.069318 0.343289 
0.288127 0.334346 0.311006 0.066520 
0.293670 0.027859 0.536251 0.142219 
0.290855 0.025505 0.566503 0.117137 
0.293484 0.001675 0.533695 0.171146 
0.280877 0.000173 0.472262 0.246689 
0.246006 0.000015 0.387402 0.366576 
0.211208 0.004545 0.373213 0.411034 
0.220192 0.086752 0.392613 0.300443 
0.234486 0.005312 0.303750 0.456452 
0.235388 0.000075 0.365331 0.399206 
0.286240 0.028961 0.125063 0.559736 
0.282744 0.160195 0.097084 0.459977 
0.288619 0.566737 0.120309 0.024336 
0.296234 0.559684 0.117832 0.026250 
0.332769 0.609090 0.054941 0.003199 
0.332638 0.628596 0.014384 0.024383 
0.342828 0.631062 0.009605 0.016505 
0.360136 0.637202 0.000413 0.002250 
0.381546 0.618165 0.000132 0.000157 
0.394762 0.604089 0.000003 0.001146 
0.418438 0.561176 0.000004 0.020383 
0.399473 0.600200 0.000318 0.000010 
0.396522 0.602779 0.000636 0.000063 
0.418593 0.580394 0.000970 0.000043 
0.414373 0.583083 0.002467 0.000078 
0.406128 0.566471 0.002910 0.024491 
0.370784 0.278620 0.003529 0.347066 
0.353854 0.639736 0.004685 0.001725 
0.330523 0.598396 0.000088 0.070994 
0.332239 0.198789 0.000009 0.468963 
0.330141 0.571028 0.000002 0.098829 
0.323134 0.326575 0.000000 0.350291 
0.320913 0.366186 0.000000 0.312901 
0.362006 0.001182 0.000078 0.636733 
0.317878 0.403568 0.000250 0.278304 
0.321850 0.267202 0.000131 0.410818 
0.359503 0.000983 0.002102 0.637413 
0.461144 0.000000 0.005200 0.533656 
0.309629 0.396705 0.005616 0.288050 
0.310153 0.400095 0.005125 0.284627 
0.316205 0.339247 0.001076 0.343472 
0.324442 0.144445 0.000920 0.530192 
0.333898 0.069406 0.000023 0.596672 
0.360223 0.007422 0.008996 0.623359 
0.313018 0.297304 0.031643 0.358035 
0.246332 0.430307 0.217047 0.106314 
0.223882 0.420305 0.312218 0.043595 
0.195951 0.301788 0.128716 0.373545 
0.190051 0.368739 0.298169 0.143041 
0.183665 0.347551 0.212105 0.256679 
0.198791 0.337503 0.096032 0.367673 
0.218546 0.181518 0.290208 0.309728 
0.253189 0.000097 0.427563 0.319151 
0.231447 0.039425 0.448457 0.280671 
0.225372 0.203952 0.303330 0.267345 
0.232957 0.230854 0.288791 0.247398 
0.233835 0.168535 0.355867 0.241762 
0.227914 0.145700 0.362840 0.263546 
0.225534 0.045694 0.410226 0.318546 
0.230105 0.033213 0.428236 0.308447 
0.284011 0.000000 0.377506 0.338482 
0.248241 0.035391 0.472760 0.243608 
0.248819 0.052666 0.455356 0.243159 
0.245176 0.444059 0.076687 0.234078 
0.243393 0.462405 0.032702 0.261500 
0.240785 0.443923 0.030092 0.285200 
0.249768 0.474851 0.037921 0.237460 
0.248922 0.481615 0.016787 0.252675 
0.261406 0.454827 0.000360 0.283407 
0.277465 0.440871 0.000057 0.281607 
0.276118 0.418150 0.000006 0.305725 
0.248389 0.416165 0.000094 0.335352 
0.237566 0.415235 0.001680 0.345519 
0.243423 0.427134 0.000295 0.329148 
0.231889 0.436290 0.003101 0.328719 
0.240589 0.439561 0.007236 0.312614 
0.221161 0.424157 0.004563 0.350120 
0.206888 0.360527 0.194198 0.238387 
0.234389 0.368939 0.000195 0.396477 
0.230641 0.394140 0.000594 0.374626 
0.256353 0.370239 0.000006 0.373401 
0.253211 0.345465 0.000043 0.401281 
0.260402 0.386719 0.000007 0.352872 
0.255348 0.384476 0.000010 0.360167 
0.286828 0.401330 0.000001 0.311841 
0.297772 0.365789 0.000000 0.336439 
0.292262 0.367445 0.000000 0.340293 
0.304440 0.375203 0.000000 0.320357 
0.291403 0.329366 0.000000 0.379231 
0.281037 0.330003 0.000001 0.388959 
0.286083 0.322688 0.000000 0.391229 
0.254325 0.299120 0.000329 0.446227 
0.260939 0.311426 0.000042 0.427593 
0.268919 0.290268 0.000081 0.440733 
0.292362 0.306551 0.000000 0.401086 
0.302177 0.325054 0.000000 0.372769 
0.299122 0.365297 0.000000 0.335581 
0.314569 0.378727 0.000000 0.306704 
0.324154 0.357378 0.000000 0.318468 
0.334112 0.346124 0.000000 0.319764 
0.330235 0.348149 0.000000 0.321616 
0.331734 0.339259 0.000000 0.329007 
0.326708 0.331855 0.000000 0.341437 
0.319430 0.305521 0.000000 0.375049 
0.295720 0.282731 0.000002 0.421547 
0.276555 0.264988 0.000358 0.458100 
0.279805 0.267622 0.000088 0.452486 
0.287978 0.283451 0.000036 0.428536 
0.275646 0.279295 0.000064 0.444994 
0.276180 0.271545 0.000069 0.452206 
0.246399 0.238029 0.052945 0.462627 
0.238139 0.232626 0.259574 0.269661 
0.238735 0.239756 0.190117 0.331392 
0.263365 0.251659 0.014895 0.470080 
0.254788 0.256367 0.005624 0.483220 
0.240491 0.240972 0.121469 0.397069 
0.238132 0.238313 0.139486 0.384069 
0.244511 0.238364 0.065429 0.451696 
0.256458 0.253034 0.470342 0.020166 
0.246383 0.235203 0.100100 0.418314 
0.257050 0.246772 0.007638 0.488540 
0.246707 0.232951 0.191631 0.328711 
0.253143 0.238790 0.143861 0.364206 
0.245713 0.228328 0.247466 0.278493 
0.259925 0.240472 0.481203 0.018399 
0.248225 0.231201 0.407817 0.112758 
0.249118 0.231441 0.363564 0.155877 
0.245107 0.237674 0.334963 0.182256 
0.269521 0.252948 0.007926 0.469605 
0.270112 0.248083 0.002939 0.478866 
0.253395 0.231176 0.292431 0.222997 
0.253272 0.236335 0.460354 0.050039 
0.247113 0.232824 0.395125 0.124938 
0.244317 0.228625 0.228800 0.298258 
0.246533 0.240561 0.168973 0.343933 
0.283176 0.279043 0.000046 0.437736 
0.286615 0.294061 0.000030 0.419294 
0.300507 0.296664 0.000001 0.402828 
0.298020 0.305885 0.000003 0.396092 
0.267163 0.300701 0.000061 0.432076 
0.251852 0.285799 0.004322 0.458027 
0.272504 0.346455 0.000001 0.381040 
0.268691 0.321216 0.000039 0.410053 
0.239462 0.288064 0.050011 0.422464 
0.240713 0.307828 0.449487 0.001972 
0.274928 0.310778 0.414194 0.000101 
0.275398 0.303194 0.413634 0.007774 
0.251168 0.315916 0.432750 0.000167 
0.240649 0.303623 0.437351 0.018377 
0.239895 0.303454 0.022397 0.434254 
0.235505 0.274367 0.030725 0.459403 
0.231396 0.245517 0.260049 0.263038 
0.233804 0.270217 0.253752 0.242227 
0.228499 0.269235 0.256019 0.246247 
0.222407 0.269201 0.267500 0.240892 
0.231712 0.297374 0.109529 0.361385 
0.221157 0.283804 0.283012 0.212027 
0.232100 0.265212 0.356453 0.146235 
0.239342 0.276850 0.056980 0.426828 
0.227868 0.266546 0.334482 0.171105 
0.230732 0.278154 0.442924 0.048190 
0.233856 0.269943 0.055546 0.440655 
0.230349 0.292332 0.194053 0.283265 
0.227856 0.302109 0.448260 0.021774 
0.256647 0.357108 0.000004 0.386241 
0.223190 0.367806 0.000563 0.408441 
0.233308 0.379013 0.000054 0.387625 
0.235034 0.345313 0.001159 0.418495 
0.226983 0.334072 0.002688 0.436257 
0.221457 0.358441 0.001893 0.418209 
0.206484 0.334572 0.145589 0.313354 
0.213120 0.310429 0.085090 0.391361 
0.213941 0.318582 0.418556 0.048922 
0.214359 0.310652 0.111994 0.362996 
0.207193 0.322039 0.167971 0.302797 
0.234337 0.351571 0.413788 0.000304 
0.252765 0.383364 0.000013 0.363859 
0.219109 0.333979 0.011476 0.435435 
0.249497 0.322714 0.000466 0.427323 
0.231565 0.314395 0.006665 0.447374 
0.257983 0.360696 0.000003 0.381319 
0.230018 0.350241 0.000637 0.419104 
0.216009 0.329953 0.044535 0.409503 
0.214630 0.337632 0.027396 0.420342 
0.202340 0.349758 0.207745 0.240157 
0.200556 0.343212 0.224146 0.232085 
0.213177 0.354003 0.034448 0.398371 
0.209745 0.350787 0.375041 0.064426 
0.217027 0.306785 0.218849 0.257340 
0.212947 0.312891 0.233000 0.241163 
0.223862 0.342521 0.050742 0.382875 
0.225703 0.334535 0.026513 0.413249 
0.247312 0.353054 0.000085 0.399548 
0.271804 0.334680 0.000087 0.393429 
0.243708 0.343640 0.008038 0.404614 
0.226640 0.348887 0.388333 0.036140 
0.226450 0.314902 0.434421 0.024228 
0.225907 0.352814 0.417185 0.004095 
0.242105 0.375390 0.382445 0.000061 
0.237913 0.413994 0.346573 0.001520 
0.254399 0.376627 0.319699 0.049274 
0.237177 0.424579 0.337468 0.000777 
0.246638 0.390650 0.362651 0.000061 
0.244721 0.432174 0.278325 0.044780 
0.246578 0.349128 0.244309 0.159985 
0.247588 0.418185 0.237433 0.096794 
0.241671 0.397145 0.234491 0.126693 
0.247196 0.451434 0.241585 0.059786 
0.247319 0.343750 0.237500 0.171431 
0.241989 0.249294 0.238374 0.270343 
0.259144 0.004530 0.259148 0.477178 
0.260692 0.001175 0.264792 0.473342 
0.239051 0.226229 0.233398 0.301323 
0.240383 0.137324 0.233978 0.388315 
0.243440 0.058850 0.237332 0.460379 
0.246597 0.019679 0.243288 0.490435 
0.252110 0.008371 0.250004 0.489515 
0.244011 0.485146 0.242450 0.028393 
0.243125 0.350402 0.239608 0.166865 
0.242114 0.481139 0.242885 0.033863 
0.246841 0.494052 0.245858 0.013250 
0.252776 0.489425 0.254010 0.003789 
0.242472 0.454370 0.251846 0.051311 
0.249856 0.470297 0.271261 0.008587 
0.251552 0.229224 0.248762 0.270462 
0.243141 0.427011 0.237987 0.091860 
0.241231 0.077187 0.236481 0.445101 
0.251407 0.005238 0.260970 0.482385 
0.239763 0.279141 0.231963 0.249133 
0.240085 0.289496 0.236936 0.233484 
0.243799 0.265364 0.237807 0.253031 
0.242367 0.097419 0.245795 0.414418 
0.238833 0.251312 0.227677 0.282177 
0.238089 0.269655 0.227564 0.264691 
0.241856 0.146551 0.232527 0.379066 
0.261931 0.001729 0.252773 0.483567 
0.244075 0.070425 0.235309 0.450192 
0.263035 0.004514 0.253719 0.478732 
0.260623 0.025364 0.252037 0.461977 
0.253236 0.487753 0.246510 0.012501 
0.247367 0.466192 0.241097 0.045345 
0.242636 0.432870 0.236168 0.088326 
0.245018 0.449212 0.237078 0.068692 
0.264340 0.007453 0.257451 0.470755 
0.244395 0.272390 0.240278 0.242938 
0.250956 0.042489 0.245055 0.461500 
0.269157 0.000048 0.310266 0.420529 
0.288835 0.000007 0.279929 0.431230 
0.275982 0.000058 0.270798 0.453162 
0.231621 0.183549 0.244195 0.340635 
0.238936 0.163656 0.243371 0.354037 
0.242567 0.471422 0.238401 0.047610 
0.241648 0.077128 0.239612 0.441611 
0.246301 0.464403 0.240993 0.048303 
0.238987 0.411295 0.243006 0.106712 
0.243823 0.412611 0.239903 0.103663 
0.240791 0.197057 0.232560 0.329592 
0.243147 0.107872 0.234099 0.414883 
0.244216 0.072243 0.241051 0.442489 
0.239905 0.443817 0.244392 0.071887 
0.245472 0.454790 0.272028 0.027711 
0.243586 0.477853 0.260194 0.018367 
0.252026 0.488526 0.251957 0.007491 
0.273244 0.000047 0.280944 0.445765 
0.258509 0.001846 0.255238 0.484407 
0.235513 0.182518 0.234534 0.347436 
0.238676 0.169800 0.233212 0.358311 
0.237214 0.275979 0.228532 0.258275 
0.247392 0.470638 0.245990 0.035980 
0.254436 0.476189 0.265489 0.003885 
0.247803 0.367556 0.242342 0.142298 
0.260425 0.486098 0.248183 0.005293 
0.246243 0.145934 0.239673 0.368151 
0.244226 0.139482 0.238728 0.377564 
0.251200 0.089443 0.254306 0.405051 
0.256610 0.483531 0.255450 0.004409 
0.252647 0.481104 0.253535 0.012714 
0.249329 0.384456 0.246758 0.119457 
0.249042 0.306865 0.244361 0.199731 
0.250710 0.168705 0.244419 0.336166 
0.267747 0.005486 0.260993 0.465773 
0.279888 0.000285 0.280369 0.439458 
0.251871 0.327037 0.248192 0.172901 
0.245929 0.474743 0.248658 0.030670 
0.245652 0.371712 0.246009 0.136628 
0.250684 0.482690 0.256228 0.010398 
0.243839 0.464057 0.288124 0.003980 
0.232980 0.457224 0.302738 0.007057 
0.216108 0.428618 0.333864 0.021410 
0.209649 0.403202 0.347326 0.039823 
0.297264 0.000021 0.415262 0.287453 
0.287964 0.000000 0.351830 0.360205 
0.292206 0.000000 0.386284 0.321510 
0.224181 0.000170 0.382316 0.393333 
0.227096 0.002509 0.427809 0.342586 
0.224382 0.002726 0.356278 0.416614 
0.219504 0.420285 0.317284 0.042926 
0.230724 0.407097 0.284131 0.078047 
0.245821 0.452208 0.291316 0.010655 
0.246574 0.009679 0.291108 0.452638 
0.233236 0.315876 0.285569 0.165319 
0.229597 0.208476 0.255728 0.306199 
0.239427 0.172765 0.247722 0.340086 
0.236339 0.168569 0.234554 0.360538 
0.235616 0.143675 0.240030 0.380679 
0.244424 0.017837 0.251849 0.485890 
0.230321 0.227657 0.238424 0.303597 
0.255994 0.001349 0.258043 0.484615 
0.236981 0.081880 0.243299 0.437840 
0.224489 0.325731 0.253385 0.196395 
0.231356 0.132446 0.243581 0.392617 
0.224505 0.280432 0.248780 0.246283 
0.230277 0.264342 0.231351 0.274031 
0.233600 0.137074 0.233528 0.395798 
0.236009 0.088161 0.236035 0.439795 
0.230100 0.336555 0.236827 0.196519 
0.250234 0.005605 0.252399 0.491762 
0.339313 0.000000 0.339099 0.321587 
0.310779 0.000000 0.311828 0.377392 
0.423835 0.000000 0.432125 0.144040 
0.285993 0.000000 0.314682 0.399324 
0.258564 0.000762 0.278759 0.461914 
0.223768 0.035552 0.293567 0.447114 
0.209513 0.405853 0.326457 0.058177 
0.208190 0.033141 0.343392 0.415277 
0.192786 0.031063 0.385620 0.390531 
0.216461 0.001737 0.363650 0.418152 
0.201830 0.020533 0.369118 0.408519 
0.200534 0.275714 0.334193 0.189560 
0.209978 0.133918 0.314983 0.341121 
0.208420 0.247926 0.303467 0.240188 
0.203367 0.252668 0.318624 0.225341 
0.195329 0.125649 0.357132 0.321890 
0.215157 0.312787 0.288823 0.183233 
0.224132 0.181570 0.259572 0.334726 
0.223914 0.309167 0.256308 0.210610 
0.231839 0.443662 0.257975 0.066524 
0.223760 0.243654 0.254606 0.277981 
0.228919 0.350659 0.242259 0.178163 
0.262846 0.000911 0.263651 0.472593 
0.249384 0.005127 0.252003 0.493485 
0.231790 0.350251 0.231614 0.186345 
0.238863 0.077935 0.239655 0.443547 
0.248594 0.007052 0.252033 0.492321 
0.235457 0.122949 0.243926 0.397669 
0.228483 0.265186 0.234656 0.271675 
0.236348 0.162659 0.236494 0.364499 
0.232248 0.350743 0.236409 0.180599 
0.227778 0.411753 0.259613 0.100856 
0.233374 0.384080 0.238791 0.143756 
0.236893 0.451734 0.237637 0.073735 
0.230907 0.278064 0.230689 0.260339 
0.236218 0.101656 0.235383 0.426743 
0.243821 0.031607 0.242441 0.482131 
0.233501 0.181600 0.233165 0.351734 
0.268800 0.000128 0.267957 0.463115 
0.252878 0.002750 0.254084 0.490288 
0.242644 0.136434 0.243011 0.377911 
0.272012 0.000049 0.276821 0.451119 
0.287677 0.000002 0.294642 0.417678 
0.295973 0.000003 0.307673 0.396351 
0.303224 0.000000 0.303308 0.393468 
0.318236 0.000000 0.333395 0.348370 
0.316307 0.000000 0.367735 0.315958 
0.309194 0.000000 0.380542 0.310264 
0.308704 0.000000 0.381430 0.309867 
0.293985 0.000000 0.392698 0.313317 
0.279264 0.000013 0.432656 0.288066 
0.270724 0.000325 0.458771 0.270180 
0.262093 0.001337 0.469249 0.267321 
0.251153 0.005655 0.493197 0.249994 
0.234436 0.152223 0.379783 0.233557 
0.229133 0.262248 0.270880 0.237739 
0.235936 0.322053 0.208524 0.233488 
0.232771 0.314035 0.222416 0.230778 
0.227946 0.258353 0.268300 0.245401 
0.232200 0.231009 0.304730 0.232060 
0.231454 0.215586 0.319136 0.233823 
0.230182 0.230925 0.303607 0.235286 
0.226186 0.249921 0.274723 0.249170 
0.227939 0.213238 0.301274 0.257549 
0.239046 0.022331 0.470758 0.267865 
0.250844 0.010406 0.492064 0.246686 
0.268405 0.000420 0.460893 0.270283 
0.298252 0.000000 0.406208 0.295540 
0.247509 0.014583 0.491831 0.246077 
0.262558 0.001021 0.475406 0.261015 
0.273118 0.000099 0.458361 0.268421 
0.378509 0.000000 0.246564 0.374927 
0.293039 0.000001 0.415378 0.291582 
0.249806 0.008836 0.469180 0.272179 
0.232234 0.425697 0.086295 0.255774 
0.232131 0.384657 0.134366 0.248846 
0.217998 0.301816 0.201731 0.278455 
0.226476 0.158458 0.354805 0.260261 
0.231982 0.404756 0.108922 0.254340 
0.224909 0.062187 0.424166 0.288738 
0.252480 0.001170 0.467207 0.279143 
0.246905 0.003279 0.478825 0.270991 
0.235930 0.003787 0.463442 0.296840 
0.249485 0.000039 0.419134 0.331342 
0.269737 0.000000 0.375788 0.354475 
0.295394 0.000000 0.381504 0.323102 
0.306171 0.000000 0.383730 0.310099 
0.292708 0.000000 0.366036 0.341256 
0.284230 0.000000 0.390459 0.325311 
0.254716 0.000009 0.369312 0.375964 
0.248075 0.000209 0.338254 0.413462 
0.240636 0.002930 0.322785 0.433649 
0.256058 0.000422 0.282658 0.460862 
0.258070 0.000008 0.336006 0.405916 
0.268936 0.000000 0.358007 0.373057 
0.246914 0.001440 0.294513 0.457133 
0.225729 0.003964 0.324854 0.445453 
0.243481 0.000721 0.304509 0.451289 
0.226566 0.026532 0.292926 0.453975 
0.253783 0.000068 0.318832 0.427317 
0.279167 0.000004 0.294417 0.426412 
0.303158 0.000000 0.328403 0.368439 
0.313290 0.000000 0.329545 0.357165 
0.300582 0.000000 0.303772 0.395646 
0.311787 0.000000 0.309628 0.378585 
0.312183 0.000000 0.335309 0.352508 
0.323630 0.000000 0.345706 0.330665 
0.333308 0.000000 0.332296 0.334396 
0.330890 0.000000 0.337983 0.331126 
0.328919 0.000000 0.338070 0.333010 
0.325758 0.000000 0.326031 0.348211 
0.314402 0.000000 0.346763 0.338835 
0.324484 0.000000 0.350911 0.324605 
0.314978 0.000000 0.368705 0.316316 
0.296306 0.000000 0.407501 0.296194 
0.310486 0.000000 0.378161 0.311353 
0.304846 0.000000 0.388082 0.307072 
0.315162 0.000000 0.362482 0.322356 
0.316121 0.000000 0.360007 0.323872 
0.317822 0.000000 0.349705 0.332473 
0.322950 0.000000 0.353590 0.323460 
0.320629 0.000000 0.341467 0.337904 
0.327543 0.000000 0.342058 0.330399 
0.316775 0.000000 0.336765 0.346460 
0.298437 0.000000 0.319489 0.382075 
0.299061 0.000000 0.340487 0.360452 
0.268180 0.000019 0.292310 0.439491 
0.247602 0.004185 0.268021 0.480192 
0.231195 0.136751 0.245695 0.386359 
0.239387 0.032013 0.247927 0.480672 
0.272965 0.000065 0.273255 0.453715 
0.243552 0.032094 0.244323 0.480031 
0.244088 0.019515 0.247499 0.488899 
0.231641 0.239491 0.234683 0.294185 
0.237153 0.352691 0.237879 0.172277 
0.233682 0.397668 0.234392 0.134258 
0.232919 0.161457 0.233923 0.371701 
0.233336 0.057383 0.257268 0.452013 
0.227710 0.413083 0.257976 0.101231 
0.213793 0.356467 0.294008 0.135733 
0.216348 0.308132 0.282992 0.192528 
0.216438 0.379220 0.292220 0.112122 
0.219577 0.225952 0.272198 0.282273 
0.223231 0.285066 0.253297 0.238406 
0.235069 0.150156 0.241604 0.373171 
0.233216 0.146836 0.234415 0.385533 
0.240777 0.070721 0.241518 0.446984 
0.235282 0.406682 0.252577 0.105459 
0.236343 0.398200 0.239327 0.126130 
0.242839 0.199356 0.255671 0.302134 
0.250853 0.019529 0.254026 0.475592 
0.241167 0.052374 0.255682 0.450778 
0.269829 0.000311 0.270626 0.459234 
0.272763 0.000130 0.272171 0.454936 
0.248780 0.007208 0.249897 0.494116 
0.244458 0.028194 0.248619 0.478728 
0.237139 0.117012 0.237225 0.408624 
0.233534 0.060129 0.251529 0.454808 
0.230453 0.432895 0.253555 0.083097 
0.230495 0.024862 0.277986 0.466657 
0.228445 0.058253 0.275617 0.437685 
0.217946 0.376729 0.283712 0.121613 
0.217677 0.040827 0.309289 0.432207 
0.234272 0.027717 0.270397 0.467614 
0.220645 0.275095 0.261653 0.242608 
0.220520 0.128556 0.296605 0.354319 
0.214553 0.029593 0.331651 0.424203 
0.224285 0.000424 0.367336 0.407955 
0.232403 0.079467 0.392272 0.295858 
0.253916 0.000051 0.420396 0.325638 
0.273568 0.000004 0.422098 0.304331 
0.257572 0.000163 0.450301 0.291964 
0.252636 0.000503 0.446670 0.300192 
0.252773 0.000017 0.411153 0.336058 
0.277322 0.000015 0.438826 0.283837 
0.283296 0.000010 0.425984 0.290710 
0.268523 0.000080 0.460393 0.271003 
0.256876 0.000554 0.467397 0.275174 
0.258837 0.000302 0.467481 0.273380 
0.247068 0.009457 0.495733 0.247742 
0.255770 0.001677 0.485348 0.257205 
0.250201 0.005104 0.491675 0.253021 
0.232243 0.109971 0.413733 0.244052 
0.221660 0.035217 0.443694 0.299429 
0.234242 0.020038 0.473128 0.272592 
0.246891 0.001741 0.473748 0.277620 
0.245025 0.006544 0.486906 0.261524 
0.239635 0.014040 0.483497 0.262828 
0.233882 0.031685 0.470178 0.264255 
0.230385 0.272932 0.266755 0.229927 
0.230175 0.236473 0.296221 0.237131 
0.233989 0.135232 0.397319 0.233460 
0.251041 0.008892 0.491034 0.249033 
0.244029 0.142264 0.371200 0.242507 
0.240268 0.480668 0.023722 0.255342 
0.238522 0.427482 0.083064 0.250931 
0.226747 0.363301 0.148391 0.261562 
0.218558 0.420228 0.059824 0.301390 
0.215794 0.340987 0.158702 0.284516 
0.216026 0.163178 0.337311 0.283485 
0.209126 0.177599 0.308912 0.304364 
0.181969 0.197049 0.287773 0.333208 
0.179005 0.285695 0.224140 0.311161 
0.176280 0.265414 0.312985 0.245321 
0.175991 0.267955 0.299495 0.256559 
0.176088 0.305880 0.218515 0.299517 
0.178552 0.216901 0.370517 0.234031 
0.177786 0.332844 0.310258 0.179112 
0.192486 0.131007 0.367954 0.308552 
0.231120 0.004718 0.313304 0.450858 
0.221733 0.000322 0.404049 0.373897 
0.210824 0.012139 0.427997 0.349040 
0.235696 0.000117 0.398580 0.365607 
0.213518 0.005026 0.398579 0.382876 
0.202360 0.376871 0.080798 0.339970 
0.209132 0.417941 0.030821 0.342106 
0.212269 0.185698 0.299383 0.302650 
0.207423 0.206500 0.278303 0.307774 
0.186304 0.135238 0.300334 0.378124 
0.177249 0.299169 0.307644 0.215938 
0.180279 0.369513 0.205145 0.245064 
0.179998 0.357871 0.188903 0.273228 
0.174750 0.277335 0.286986 0.260929 
0.183166 0.280520 0.158415 0.377899 
0.175211 0.253676 0.294598 0.276515 
0.190506 0.111110 0.372708 0.325677 
0.193464 0.168336 0.357439 0.280761 
0.193742 0.026834 0.388643 0.390780 
0.180970 0.185316 0.283914 0.349799 
0.188706 0.307742 0.126646 0.376906 
0.179550 0.326506 0.180669 0.313276 
0.180510 0.321606 0.313659 0.184225 
0.183536 0.275599 0.342622 0.198242 
0.206290 0.272971 0.172798 0.347940 
0.183215 0.347721 0.200166 0.268898 
0.187067 0.376391 0.258688 0.177855 
0.193967 0.393847 0.027000 0.385185 
0.184972 0.374007 0.210144 0.230877 
0.200148 0.334920 0.149069 0.315863 
0.192044 0.378952 0.077871 0.351132 
0.209036 0.323202 0.099285 0.368477 
0.199223 0.329147 0.236699 0.234930 
0.226476 0.286440 0.079236 0.407848 
0.235672 0.258526 0.091657 0.414146 
0.243891 0.252621 0.011843 0.491645 
0.221446 0.275606 0.325134 0.177815 
0.265249 0.214829 0.514287 0.005634 
0.348515 0.240572 0.410913 0.000000 
0.280661 0.244034 0.475249 0.000056 
0.265523 0.238263 0.494408 0.001806 
0.271191 0.242060 0.486418 0.000331 
0.427548 0.284466 0.287986 0.000000 
0.393623 0.321166 0.285211 0.000000 
0.329097 0.453716 0.217187 0.000000 
0.352126 0.266752 0.381121 0.000000 
0.281401 0.298327 0.420268 0.000004 
0.285395 0.234337 0.262558 0.217710 
0.260938 0.218033 0.436546 0.084483 
0.280485 0.304701 0.414813 0.000001 
0.249096 0.321186 0.428387 0.001331 
0.249931 0.339411 0.410248 0.000410 
0.288975 0.200247 0.009161 0.501617 
0.306742 0.170550 0.000083 0.522625 
0.317115 0.188831 0.000007 0.494047 
0.315032 0.152286 0.000073 0.532609 
0.325987 0.176051 0.000006 0.497957 
0.247352 0.234582 0.050118 0.467948 
0.230377 0.334515 0.000969 0.434139 
0.213453 0.330823 0.039229 0.416496 
0.215573 0.372472 0.002365 0.409590 
0.210396 0.365392 0.004869 0.419343 
0.200029 0.371920 0.064995 0.363057 
0.228750 0.334654 0.435426 0.001170 
0.209533 0.337007 0.406372 0.047087 
0.193950 0.358701 0.329108 0.118241 
0.187767 0.373308 0.166792 0.272134 
0.196262 0.379861 0.398256 0.025621 
0.185688 0.379211 0.317271 0.117830 
0.183694 0.348758 0.185349 0.282199 
0.178517 0.243517 0.212623 0.365343 
0.176675 0.311323 0.242589 0.269413 
0.182392 0.187006 0.376576 0.254026 
0.186604 0.170394 0.267239 0.375763 
0.246831 0.019315 0.491576 0.242279 
0.187354 0.052702 0.380573 0.379371 
0.194671 0.268893 0.348060 0.188377 
0.190860 0.256852 0.359848 0.192440 
0.199978 0.232722 0.329544 0.237756 
0.220609 0.261796 0.261410 0.256185 
0.212348 0.000979 0.389593 0.397080 
0.188924 0.079365 0.379278 0.352433 
0.183187 0.138951 0.378635 0.299227 
0.174590 0.267538 0.299764 0.258108 
0.175362 0.250088 0.263667 0.310882 
0.183562 0.232104 0.236749 0.347585 
0.180224 0.229318 0.276890 0.313567 
0.176968 0.273938 0.337796 0.211298 
0.185013 0.227565 0.376923 0.210499 
0.193968 0.275902 0.373659 0.156471 
0.201629 0.014417 0.385872 0.398082 
0.230155 0.000079 0.398666 0.371100 
0.189432 0.080440 0.379709 0.350418 
0.197285 0.346299 0.350057 0.106359 
0.205351 0.367040 0.329153 0.098456 
0.207236 0.201243 0.320398 0.271123 
0.215786 0.001279 0.370059 0.412876 
0.224613 0.012088 0.311343 0.451956 
0.212760 0.319908 0.292666 0.174666 
0.205055 0.222558 0.319834 0.252553 
0.204078 0.294909 0.319954 0.181059 
0.207482 0.179134 0.321009 0.292375 
0.226066 0.006638 0.315636 0.451660 
0.231025 0.000824 0.333428 0.434722 
0.237579 0.000026 0.392495 0.369900 
0.215957 0.000636 0.397599 0.385808 
0.240409 0.000017 0.367424 0.392149 
0.281344 0.000000 0.370138 0.348517 
0.265509 0.000006 0.414869 0.319616 
0.290956 0.000002 0.414430 0.294612 
0.256057 0.006465 0.469864 0.267613 
