0.252785 0.250497 0.243608 0.253110 
0.272430 0.215491 0.255824 0.256255 
0.338379 0.323370 0.333269 0.004981 
0.335947 0.328003 0.336050 0.000001 
0.340305 0.320187 0.339508 0.000000 
0.350485 0.303282 0.345742 0.000492 
0.363485 0.313850 0.320276 0.002388 
0.370211 0.319726 0.310063 0.000001 
0.383323 0.318686 0.297990 0.000000 
0.369230 0.309393 0.321376 0.000001 
0.367288 0.302780 0.329644 0.000288 
0.358572 0.305753 0.335671 0.000004 
0.350015 0.307154 0.342831 0.000000 
0.343717 0.319080 0.337203 0.000000 
0.336189 0.328048 0.335763 0.000000 
0.344709 0.310603 0.344688 0.000000 
0.340312 0.321939 0.337749 0.000000 
0.342924 0.318251 0.338825 0.000000 
0.351387 0.316996 0.331618 0.000000 
0.362912 0.317662 0.319427 0.000000 
0.365091 0.303176 0.331733 0.000000 
0.362487 0.300117 0.331198 0.006198 
0.363117 0.038388 0.328461 0.270034 
0.362688 0.290738 0.346352 0.000221 
0.364228 0.316385 0.319388 0.000000 
0.364296 0.303411 0.332293 0.000000 
0.352102 0.296807 0.351091 0.000000 
0.350924 0.300383 0.348693 0.000000 
0.347693 0.307881 0.344426 0.000000 
0.348858 0.301448 0.349694 0.000000 
0.357211 0.288849 0.353935 0.000005 
0.357150 0.294560 0.348290 0.000000 
0.360967 0.288230 0.350804 0.000000 
0.359618 0.289368 0.351014 0.000000 
0.366192 0.289276 0.344532 0.000000 
0.369867 0.279273 0.350859 0.000001 
0.375444 0.281856 0.342699 0.000001 
0.383756 0.259112 0.356428 0.000704 
0.388522 0.253662 0.355576 0.002239 
0.399201 0.266849 0.333854 0.000096 
0.405258 0.271972 0.322576 0.000195 
0.406975 0.256019 0.336129 0.000876 
0.421566 0.274225 0.302730 0.001479 
0.424029 0.272755 0.300765 0.002451 
0.406681 0.268514 0.324175 0.000630 
0.399401 0.262504 0.337683 0.000412 
0.387311 0.285244 0.327411 0.000034 
0.385987 0.255632 0.358310 0.000070 
0.394220 0.118249 0.372341 0.115190 
0.397296 0.239274 0.361810 0.001620 
0.394792 0.201355 0.387057 0.016797 
0.389942 0.224488 0.380789 0.004781 
0.396212 0.228988 0.370526 0.004274 
0.393402 0.028129 0.383774 0.194695 
0.397127 0.022860 0.379760 0.200254 
0.407507 0.133543 0.374251 0.084699 
0.412986 0.174402 0.358409 0.054203 
0.407259 0.239802 0.345492 0.007447 
0.404035 0.262158 0.333393 0.000415 
0.412081 0.271280 0.316025 0.000614 
0.390074 0.040224 0.259745 0.309957 
0.350293 0.000004 0.304290 0.345414 
0.353071 0.000000 0.302677 0.344252 
0.383485 0.026338 0.372078 0.218098 
0.399346 0.213761 0.353009 0.033884 
0.387320 0.261130 0.351044 0.000505 
0.399439 0.258886 0.341401 0.000274 
0.419429 0.275528 0.304513 0.000529 
0.427690 0.284060 0.287248 0.001002 
0.432449 0.294645 0.036833 0.236072 
0.444954 0.298492 0.121311 0.135243 
0.432856 0.281894 0.004228 0.281023 
0.440532 0.290707 0.046664 0.222096 
0.441570 0.292313 0.232496 0.033622 
0.428914 0.247417 0.020534 0.303135 
0.386431 0.210959 0.007066 0.395544 
0.406899 0.073229 0.159140 0.360732 
0.406432 0.007368 0.250666 0.335534 
0.375542 0.001589 0.224416 0.398453 
0.280367 0.000020 0.166144 0.553469 
0.349103 0.000007 0.236129 0.414761 
0.232684 0.000000 0.282408 0.484908 
0.221978 0.000000 0.503709 0.274313 
0.176201 0.000000 0.419546 0.404253 
0.319728 0.000000 0.364505 0.315767 
0.244535 0.000000 0.287210 0.468254 
0.223610 0.000000 0.365024 0.411366 
0.201630 0.000000 0.246518 0.551852 
0.326145 0.000000 0.247722 0.426132 
0.275699 0.024695 0.100681 0.598924 
0.258144 0.008135 0.108048 0.625673 
0.179503 0.061052 0.012295 0.747150 
0.185137 0.041694 0.030588 0.742582 
0.194425 0.033340 0.043217 0.729018 
0.194858 0.017183 0.061782 0.726177 
0.269977 0.053044 0.060715 0.616264 
0.275364 0.057059 0.056751 0.610826 
0.433171 0.117929 0.123230 0.325670 
0.449811 0.090147 0.218025 0.242016 
0.453340 0.111275 0.188545 0.246841 
0.457999 0.178932 0.192675 0.170394 
0.446588 0.036427 0.266746 0.250239 
0.441290 0.023130 0.245673 0.289907 
0.441551 0.014616 0.265160 0.278673 
0.448741 0.132443 0.138260 0.280556 
0.454197 0.134513 0.229737 0.181554 
0.451102 0.185512 0.272522 0.090864 
0.432739 0.250549 0.303560 0.013152 
0.439644 0.097994 0.293136 0.169226 
0.428822 0.235881 0.314689 0.020608 
0.388018 0.223811 0.385019 0.003152 
0.345518 0.187020 0.465292 0.002170 
0.356687 0.201056 0.440834 0.001423 
0.377599 0.223951 0.397303 0.001147 
0.348922 0.210426 0.438179 0.002473 
0.366318 0.167785 0.420669 0.045228 
0.332635 0.190197 0.476191 0.000977 
0.335636 0.001320 0.455661 0.207382 
0.379390 0.001604 0.393396 0.225610 
0.360657 0.000001 0.371502 0.267841 
0.278306 0.000000 0.523015 0.198679 
0.288819 0.007668 0.575579 0.127934 
0.302685 0.070082 0.566941 0.060292 
0.293223 0.076600 0.580309 0.049868 
0.263285 0.044937 0.618968 0.072810 
0.258342 0.075944 0.630571 0.035143 
0.293086 0.037463 0.574791 0.094660 
0.295371 0.008329 0.554186 0.142114 
0.336406 0.142459 0.487177 0.033958 
0.404954 0.248962 0.342722 0.003362 
0.410563 0.236196 0.345873 0.007368 
0.389613 0.236861 0.371939 0.001586 
0.402753 0.249879 0.345915 0.001453 
0.389442 0.280836 0.329716 0.000006 
0.387084 0.314366 0.298541 0.000008 
0.415455 0.276404 0.003155 0.304986 
0.422832 0.342563 0.143295 0.091311 
0.428071 0.335518 0.111969 0.124443 
0.423745 0.317615 0.251486 0.007154 
0.421877 0.272037 0.305020 0.001066 
0.404221 0.000340 0.332696 0.262743 
0.397985 0.001403 0.353304 0.247308 
0.358362 0.000000 0.314098 0.327540 
0.350338 0.000000 0.288885 0.360777 
0.382220 0.000011 0.349625 0.268144 
0.326329 0.000000 0.318578 0.355093 
0.356633 0.000000 0.331974 0.311393 
0.405488 0.083210 0.379241 0.132060 
0.421228 0.123736 0.345936 0.109100 
0.417612 0.078604 0.354353 0.149431 
0.429913 0.120619 0.330419 0.119049 
0.433048 0.040811 0.313501 0.212640 
0.428149 0.110429 0.334566 0.126856 
0.421893 0.131928 0.347357 0.098822 
0.432495 0.006442 0.292463 0.268600 
0.427062 0.001531 0.281941 0.289466 
0.404426 0.000090 0.274585 0.320899 
0.356328 0.000005 0.247811 0.395856 
0.385950 0.000005 0.281591 0.332454 
0.351483 0.000194 0.218323 0.430000 
0.321272 0.001689 0.168888 0.508151 
0.328109 0.003181 0.182359 0.486352 
0.363046 0.001943 0.214571 0.420440 
0.376370 0.000002 0.290422 0.333205 
0.297416 0.000001 0.208867 0.493716 
0.246146 0.000000 0.173027 0.580826 
0.311677 0.000000 0.275885 0.412438 
0.352572 0.000000 0.325943 0.321485 
0.389534 0.000914 0.357282 0.252269 
0.402029 0.000073 0.320087 0.277812 
0.410942 0.003550 0.321097 0.264411 
0.430898 0.169046 0.320810 0.079245 
0.425944 0.202441 0.322988 0.048626 
0.423399 0.135297 0.344354 0.096950 
0.421751 0.057896 0.328661 0.191692 
0.423668 0.206318 0.333640 0.036374 
0.417768 0.010382 0.331565 0.240285 
0.438859 0.054867 0.288342 0.217932 
0.434610 0.138910 0.321506 0.104974 
0.425156 0.107268 0.341244 0.126331 
0.425064 0.011226 0.314171 0.249540 
0.420323 0.001526 0.303639 0.274512 
0.425891 0.001295 0.279761 0.293054 
0.436246 0.011247 0.295452 0.257055 
0.413296 0.000089 0.292141 0.294474 
0.417598 0.000369 0.284777 0.297257 
0.431282 0.003014 0.294177 0.271528 
0.436078 0.105572 0.317174 0.141176 
0.436731 0.193205 0.310425 0.059638 
0.425505 0.233509 0.320862 0.020124 
0.425607 0.013215 0.318775 0.242403 
0.439278 0.124000 0.310720 0.126002 
0.439911 0.117934 0.308003 0.134152 
0.444003 0.156520 0.291762 0.107715 
0.434478 0.071946 0.193098 0.300477 
0.431019 0.013370 0.250852 0.304760 
0.425723 0.000885 0.287132 0.286260 
0.419870 0.001090 0.296522 0.282518 
0.411580 0.000341 0.273773 0.314306 
0.419329 0.000293 0.295395 0.284983 
0.436356 0.021150 0.298166 0.244329 
0.449733 0.143223 0.274342 0.132702 
0.443143 0.157723 0.134574 0.264560 
0.449967 0.237098 0.215862 0.097073 
0.446658 0.272665 0.224468 0.056209 
0.445728 0.274419 0.051425 0.228427 
0.443005 0.294516 0.154726 0.107753 
0.439426 0.303482 0.114886 0.142205 
0.428066 0.248267 0.308874 0.014793 
0.423785 0.224112 0.325951 0.026152 
0.423177 0.108054 0.327579 0.141190 
0.375995 0.133172 0.425851 0.064982 
0.383247 0.132045 0.412143 0.072565 
0.418896 0.015892 0.330893 0.234319 
0.428011 0.172370 0.328717 0.070902 
0.424858 0.194175 0.330151 0.050816 
0.418919 0.210995 0.338298 0.031789 
0.427002 0.033765 0.312931 0.226302 
0.413374 0.007630 0.337027 0.241969 
0.436969 0.038029 0.300703 0.224300 
0.380406 0.000086 0.369182 0.250327 
0.337669 0.000303 0.457004 0.205025 
0.305414 0.000014 0.500936 0.193637 
0.350991 0.084924 0.482959 0.081126 
0.384238 0.087598 0.420204 0.107960 
0.338026 0.084171 0.505632 0.072171 
0.402994 0.056822 0.362565 0.177619 
0.426540 0.062415 0.330408 0.180636 
0.417355 0.007028 0.330137 0.245481 
0.425719 0.052162 0.332178 0.189942 
0.366374 0.089922 0.456527 0.087177 
0.295509 0.000000 0.423356 0.281136 
0.196288 0.000000 0.532609 0.271103 
0.270478 0.005601 0.597757 0.126164 
0.268403 0.015181 0.610544 0.105872 
0.136464 0.000006 0.787792 0.075738 
0.163467 0.001775 0.763719 0.071039 
0.186640 0.000013 0.710245 0.103102 
0.089418 0.014460 0.876231 0.019890 
0.055583 0.008844 0.923134 0.012438 
0.098841 0.040592 0.858758 0.001809 
0.105463 0.040106 0.850385 0.004045 
0.164994 0.080381 0.754282 0.000343 
0.195018 0.105375 0.699563 0.000043 
0.184405 0.092221 0.721767 0.001608 
0.081023 0.037979 0.880810 0.000188 
0.106800 0.047835 0.844555 0.000810 
0.146241 0.069958 0.783331 0.000469 
0.146300 0.061634 0.789255 0.002811 
0.194821 0.027880 0.718031 0.059268 
0.156435 0.000039 0.760722 0.082805 
0.197393 0.000001 0.679667 0.122940 
0.263008 0.000013 0.579619 0.157360 
0.240669 0.000243 0.630166 0.128923 
0.269793 0.000000 0.520680 0.209527 
0.369382 0.000000 0.350060 0.280558 
0.387543 0.001860 0.381311 0.229286 
0.383840 0.111645 0.412800 0.091715 
0.433976 0.180822 0.318233 0.066969 
0.396840 0.223837 0.371613 0.007710 
0.399715 0.243128 0.351471 0.005686 
0.418681 0.272153 0.308331 0.000835 
0.432858 0.243728 0.305926 0.017488 
0.419444 0.263962 0.314882 0.001712 
0.416826 0.281049 0.301836 0.000289 
0.424711 0.310491 0.116092 0.148706 
0.405438 0.292137 0.302409 0.000016 
0.418010 0.301766 0.086386 0.193838 
0.431072 0.308853 0.202503 0.057572 
0.429714 0.293164 0.002116 0.275006 
0.421165 0.292050 0.003859 0.282926 
0.418592 0.303750 0.008843 0.268815 
0.412128 0.282051 0.000187 0.305634 
0.415194 0.262154 0.003540 0.319113 
0.409680 0.287167 0.000098 0.303055 
0.394916 0.275567 0.000055 0.329462 
0.423502 0.253964 0.014368 0.308166 
0.406484 0.200420 0.034383 0.358714 
0.409017 0.182577 0.044441 0.363966 
0.434617 0.226521 0.033377 0.305485 
0.454704 0.193021 0.197952 0.154322 
0.450389 0.190286 0.255540 0.103785 
0.455187 0.183902 0.171331 0.189581 
0.451841 0.186425 0.143488 0.218246 
0.450036 0.189674 0.196493 0.163798 
0.446515 0.199706 0.124307 0.229472 
0.435431 0.247676 0.023937 0.292955 
0.435267 0.311998 0.151383 0.101352 
0.434276 0.317758 0.122632 0.125334 
0.420197 0.319876 0.253864 0.006063 
0.426110 0.309261 0.007435 0.257194 
0.434025 0.316028 0.089792 0.160156 
0.423343 0.292988 0.282719 0.000950 
0.427179 0.233344 0.192452 0.147025 
0.421599 0.239948 0.301419 0.037034 
0.401563 0.259316 0.338772 0.000350 
0.393019 0.271660 0.335297 0.000025 
0.422181 0.291363 0.282304 0.004152 
0.405074 0.286765 0.308126 0.000035 
0.436127 0.311694 0.086003 0.166176 
0.426419 0.309850 0.009303 0.254427 
0.439395 0.304710 0.076180 0.179714 
0.438126 0.299095 0.227746 0.035033 
0.444646 0.297521 0.123564 0.134269 
0.449597 0.280163 0.135722 0.134518 
0.449164 0.278603 0.100995 0.171237 
0.446109 0.286951 0.152464 0.114476 
0.446435 0.294968 0.134756 0.123841 
0.444368 0.296881 0.176256 0.082494 
0.443004 0.300529 0.162625 0.093842 
0.421217 0.295742 0.000366 0.282674 
0.437690 0.312215 0.169611 0.080484 
0.441123 0.303217 0.172211 0.083449 
0.431113 0.301430 0.014573 0.252884 
0.429299 0.302085 0.259194 0.009422 
0.419342 0.307901 0.242635 0.030123 
0.415087 0.284032 0.000479 0.300403 
0.421863 0.318973 0.006696 0.252468 
0.430047 0.325346 0.060819 0.183787 
0.435958 0.314820 0.180446 0.068775 
0.419915 0.258074 0.008720 0.313291 
0.418384 0.286774 0.000144 0.294698 
0.437633 0.295894 0.021862 0.244611 
0.427710 0.281841 0.001021 0.289427 
0.431383 0.319494 0.085576 0.163547 
0.430453 0.326649 0.068584 0.174315 
0.421483 0.307558 0.269861 0.001097 
0.407379 0.286293 0.306197 0.000132 
0.422326 0.265300 0.025055 0.287319 
0.395620 0.205050 0.016810 0.382521 
0.423625 0.251108 0.007820 0.317447 
0.446815 0.278308 0.091323 0.183555 
0.414060 0.212281 0.023366 0.350293 
0.334260 0.162849 0.008105 0.494787 
0.422924 0.240177 0.015260 0.321639 
0.405520 0.142119 0.082311 0.370050 
0.354035 0.003517 0.218523 0.423925 
0.401681 0.014754 0.222378 0.361186 
0.404535 0.006323 0.234235 0.354908 
0.434483 0.006287 0.275811 0.283419 
0.418273 0.022777 0.221279 0.337671 
0.449171 0.259022 0.061261 0.230546 
0.450965 0.280098 0.123430 0.145507 
0.438354 0.279533 0.043938 0.238176 
0.437319 0.279612 0.276143 0.006925 
0.426820 0.281799 0.290463 0.000917 
0.429434 0.267696 0.149968 0.152903 
0.410962 0.282743 0.306026 0.000270 
0.418889 0.193998 0.325092 0.062022 
0.418714 0.070222 0.316994 0.194070 
0.418840 0.278385 0.302123 0.000651 
0.439192 0.244151 0.277154 0.039503 
0.434769 0.299041 0.240529 0.025661 
0.429370 0.279220 0.270497 0.020912 
0.423452 0.295386 0.004370 0.276792 
0.416257 0.317716 0.020099 0.245928 
0.422751 0.329444 0.169004 0.078801 
0.426765 0.316186 0.037597 0.219452 
0.421504 0.317677 0.009424 0.251395 
0.426666 0.307295 0.012603 0.253436 
0.435853 0.314147 0.109285 0.140714 
0.434213 0.305382 0.111034 0.149371 
0.401809 0.287622 0.310512 0.000058 
0.413601 0.278029 0.307784 0.000585 
0.437481 0.279013 0.122905 0.160600 
0.412937 0.243788 0.333732 0.009542 
0.414081 0.254441 0.327674 0.003803 
0.376729 0.254045 0.369140 0.000086 
0.392885 0.251012 0.355325 0.000778 
0.379286 0.211925 0.399969 0.008820 
0.387609 0.226299 0.381173 0.004919 
0.370556 0.202186 0.418863 0.008396 
0.432280 0.131728 0.307879 0.128112 
0.424829 0.223685 0.316954 0.034531 
0.405824 0.000587 0.324356 0.269233 
0.417748 0.059472 0.341130 0.181650 
0.431432 0.084300 0.314479 0.169789 
0.425789 0.095769 0.327664 0.150778 
0.415193 0.092657 0.352625 0.139525 
0.418668 0.002600 0.307657 0.271074 
0.414161 0.071652 0.352182 0.162006 
0.433624 0.041917 0.302663 0.221795 
0.435277 0.189659 0.302560 0.072504 
0.427856 0.050092 0.310987 0.211065 
0.434633 0.021715 0.285645 0.258007 
0.448918 0.162004 0.191149 0.197930 
0.444531 0.176816 0.110842 0.267811 
0.440559 0.078579 0.205731 0.275132 
0.444478 0.212837 0.236727 0.105959 
0.434626 0.046610 0.289467 0.229297 
0.434923 0.048748 0.228488 0.287842 
0.432721 0.136134 0.120901 0.310244 
0.437039 0.047351 0.234875 0.280735 
0.438509 0.140877 0.135848 0.284766 
0.447459 0.200590 0.157287 0.194665 
0.448612 0.187711 0.194771 0.168906 
0.448088 0.183859 0.157368 0.210685 
0.449631 0.176485 0.177135 0.196749 
0.430005 0.073983 0.312874 0.183138 
0.430813 0.122972 0.318498 0.127717 
0.417631 0.017013 0.251897 0.313459 
0.357333 0.005123 0.204520 0.433025 
0.262536 0.002186 0.138358 0.596921 
0.289938 0.000000 0.248916 0.461146 
0.348491 0.001734 0.211122 0.438653 
0.320676 0.000582 0.205593 0.473150 
0.217081 0.002136 0.112149 0.668634 
0.291872 0.062475 0.074844 0.570810 
0.366707 0.144064 0.060573 0.428657 
0.386334 0.048850 0.180826 0.383990 
0.403844 0.097835 0.134729 0.363592 
0.364813 0.009087 0.205364 0.420736 
0.411314 0.019916 0.232180 0.336590 
0.437913 0.057537 0.215360 0.289190 
0.443260 0.105189 0.265446 0.186105 
0.448968 0.190757 0.183848 0.176427 
0.439742 0.054086 0.250050 0.256122 
0.426596 0.011429 0.299598 0.262377 
0.423640 0.011453 0.304967 0.259940 
0.438608 0.133324 0.290783 0.137285 
0.391990 0.003625 0.239708 0.364677 
0.413570 0.008795 0.259462 0.318173 
0.373278 0.019001 0.190472 0.417250 
0.409880 0.011746 0.238977 0.339398 
0.414799 0.003185 0.263351 0.318665 
0.428269 0.095238 0.156661 0.319832 
0.308998 0.042986 0.104241 0.543775 
0.276105 0.011146 0.124173 0.588576 
0.229308 0.000896 0.118422 0.651374 
0.220826 0.060363 0.046722 0.672089 
0.278814 0.138679 0.004440 0.578067 
0.197069 0.074847 0.014349 0.713735 
0.316489 0.167398 0.003291 0.512822 
0.296030 0.120675 0.021559 0.561736 
0.332576 0.013981 0.162775 0.490669 
0.407110 0.024784 0.211870 0.356236 
0.418275 0.138900 0.098566 0.344259 
0.429696 0.048194 0.208494 0.313616 
0.421081 0.041133 0.211426 0.326360 
0.421696 0.204315 0.051418 0.322570 
0.445756 0.194074 0.136089 0.224081 
0.444853 0.106919 0.234305 0.213922 
0.441934 0.134846 0.280687 0.142534 
0.425468 0.014750 0.267353 0.292429 
0.427079 0.016184 0.257102 0.299635 
0.444818 0.159966 0.166841 0.228374 
0.422030 0.168260 0.083285 0.326425 
0.430771 0.137325 0.123059 0.308844 
0.442239 0.177538 0.147643 0.232580 
0.440511 0.129244 0.169823 0.260423 
0.431100 0.146669 0.119467 0.302763 
0.430936 0.113671 0.158399 0.296993 
0.422025 0.013165 0.281828 0.282983 
0.426053 0.063949 0.219671 0.290327 
0.429139 0.139249 0.142511 0.289101 
0.427124 0.173943 0.101782 0.297150 
0.433829 0.235273 0.150316 0.180582 
0.435563 0.205083 0.173555 0.185800 
0.433518 0.140112 0.149163 0.277207 
0.432809 0.172615 0.110376 0.284200 
0.430580 0.100818 0.172900 0.295701 
0.434231 0.183846 0.116977 0.264946 
0.411532 0.088845 0.165044 0.334579 
0.424885 0.050116 0.222641 0.302359 
0.397153 0.136368 0.096277 0.370203 
0.409572 0.165794 0.089206 0.335428 
0.420413 0.089784 0.173622 0.316181 
0.433805 0.255569 0.160940 0.149686 
0.420867 0.051979 0.251092 0.276062 
0.415918 0.059156 0.315856 0.209070 
0.425090 0.141033 0.302183 0.131694 
0.433369 0.160496 0.166601 0.239535 
0.425149 0.223170 0.067174 0.284507 
0.426597 0.292254 0.117893 0.163257 
0.414128 0.307193 0.265412 0.013268 
0.409406 0.322551 0.051756 0.216288 
0.407074 0.346415 0.123764 0.122747 
0.397536 0.338936 0.037372 0.226156 
0.388586 0.338016 0.271842 0.001556 
0.382352 0.355140 0.143180 0.119328 
0.393091 0.356877 0.197843 0.052190 
0.394713 0.355737 0.044643 0.204907 
0.386412 0.354381 0.008196 0.251011 
0.402115 0.338827 0.156789 0.102269 
0.407247 0.332992 0.101307 0.158455 
0.400188 0.352203 0.056265 0.191345 
0.399158 0.356284 0.068156 0.176402 
0.393233 0.372238 0.166611 0.067917 
0.392788 0.375213 0.089524 0.142475 
0.386286 0.389746 0.116128 0.107840 
0.385683 0.389356 0.094785 0.130176 
0.371255 0.388511 0.237519 0.002715 
0.364612 0.384508 0.250501 0.000379 
0.361336 0.371907 0.266712 0.000045 
0.380069 0.386354 0.219235 0.014342 
0.349733 0.365143 0.285122 0.000001 
0.352257 0.378392 0.269227 0.000124 
0.352053 0.381061 0.266757 0.000128 
0.368755 0.399648 0.224816 0.006781 
0.377254 0.404423 0.120026 0.098297 
0.378103 0.401756 0.094348 0.125792 
0.372540 0.402010 0.133370 0.092080 
0.373887 0.406254 0.104557 0.115303 
0.371280 0.394495 0.032054 0.202171 
0.381871 0.394923 0.115733 0.107473 
0.381212 0.393780 0.121037 0.103971 
0.386112 0.380756 0.117873 0.115260 
0.377147 0.372355 0.231350 0.019148 
0.381881 0.377104 0.173203 0.067812 
0.382755 0.373648 0.037813 0.205784 
0.387383 0.385625 0.151674 0.075318 
0.376588 0.392386 0.075365 0.155661 
0.369452 0.381274 0.247664 0.001610 
0.367464 0.392188 0.186180 0.054168 
0.378849 0.393054 0.109595 0.118502 
0.368557 0.382752 0.143995 0.104696 
0.355544 0.363748 0.280681 0.000027 
0.349886 0.337842 0.312271 0.000001 
0.342059 0.361026 0.296913 0.000002 
0.356606 0.350763 0.292624 0.000007 
0.356698 0.344701 0.298598 0.000003 
0.365665 0.366840 0.264318 0.003177 
0.367977 0.376145 0.245278 0.010599 
0.351440 0.375735 0.000198 0.272627 
0.349947 0.364791 0.000004 0.285258 
0.376333 0.392207 0.060106 0.171354 
0.370329 0.382300 0.238489 0.008882 
0.367849 0.360160 0.270658 0.001334 
0.366333 0.370851 0.001106 0.261710 
0.374630 0.393989 0.184134 0.047248 
0.373524 0.399357 0.171257 0.055863 
0.368056 0.401242 0.039448 0.191255 
0.377366 0.397977 0.118302 0.106355 
0.370331 0.390236 0.183877 0.055555 
0.374453 0.380415 0.006194 0.238938 
0.374320 0.363958 0.003014 0.258708 
0.375889 0.368968 0.240067 0.015076 
0.394756 0.364276 0.116433 0.124535 
0.396802 0.354076 0.188958 0.060164 
0.400389 0.347800 0.199636 0.052175 
0.404750 0.331283 0.041280 0.222688 
0.398075 0.324904 0.003260 0.273761 
0.419409 0.300212 0.181820 0.098558 
0.428877 0.278507 0.075954 0.216662 
0.414512 0.281399 0.005168 0.298921 
0.419836 0.261394 0.087963 0.230807 
0.416505 0.211060 0.234914 0.137521 
0.404388 0.306211 0.287347 0.002053 
0.413660 0.309755 0.185251 0.091333 
0.401994 0.326081 0.194785 0.077140 
0.400611 0.328146 0.016115 0.255128 
0.397371 0.315049 0.002233 0.285347 
0.417366 0.309317 0.098692 0.174626 
0.422858 0.308060 0.134980 0.134101 
0.419458 0.309818 0.120350 0.150374 
0.415230 0.305930 0.238368 0.040471 
0.417807 0.314114 0.141297 0.126782 
0.409953 0.293604 0.012102 0.284342 
0.425561 0.267124 0.152081 0.155234 
0.422851 0.143347 0.252008 0.181794 
0.356310 0.010806 0.216072 0.416812 
0.353457 0.105587 0.113587 0.427369 
0.377497 0.146175 0.108553 0.367774 
0.386324 0.175498 0.080491 0.357687 
0.380919 0.199459 0.053591 0.366031 
0.310652 0.190282 0.002255 0.496811 
0.326432 0.207097 0.001809 0.464662 
0.367215 0.269216 0.000312 0.363257 
0.378349 0.265348 0.001283 0.355020 
0.381656 0.267801 0.001069 0.349474 
0.339284 0.215225 0.002074 0.443418 
0.371707 0.251504 0.001510 0.375280 
0.363237 0.088505 0.160533 0.387724 
0.222919 0.102855 0.019610 0.654616 
0.265942 0.154687 0.003202 0.576169 
0.305617 0.135133 0.038298 0.520952 
0.325407 0.174132 0.021963 0.478498 
0.342472 0.073690 0.133270 0.450568 
0.394633 0.007558 0.267211 0.330598 
0.403009 0.061710 0.202265 0.333016 
0.408058 0.150899 0.118335 0.322708 
0.382521 0.294106 0.000362 0.323010 
0.337724 0.226942 0.004049 0.431285 
0.411391 0.231049 0.051990 0.305570 
0.419062 0.277149 0.115912 0.187877 
0.400434 0.328169 0.125490 0.145906 
0.412205 0.311410 0.192813 0.083573 
0.401462 0.327490 0.055539 0.215509 
0.403164 0.330444 0.217160 0.049232 
0.387082 0.357787 0.030389 0.224742 
0.400754 0.326831 0.012947 0.259468 
0.397919 0.305333 0.000410 0.296337 
0.396436 0.311644 0.000655 0.291265 
0.419911 0.042326 0.264676 0.273087 
0.413264 0.004463 0.274680 0.307593 
0.351919 0.000000 0.342433 0.305647 
0.365890 0.000000 0.312819 0.321291 
0.267570 0.000000 0.452516 0.279914 
0.291077 0.000000 0.395347 0.313576 
0.340160 0.000000 0.326943 0.332897 
0.322235 0.000000 0.339838 0.337927 
0.347015 0.000001 0.279675 0.373308 
0.335812 0.000000 0.303279 0.360909 
0.322594 0.000000 0.328609 0.348797 
0.316053 0.000000 0.359776 0.324172 
0.236141 0.000000 0.511164 0.252695 
0.314526 0.000000 0.388214 0.297260 
0.348405 0.000004 0.360715 0.290877 
0.391116 0.004289 0.328646 0.275949 
0.410608 0.010797 0.309423 0.269172 
0.417519 0.007383 0.279688 0.295409 
0.430994 0.035697 0.248508 0.284801 
0.433176 0.105794 0.262452 0.198579 
0.428613 0.233928 0.292075 0.045383 
0.388946 0.168377 0.383024 0.059652 
0.346543 0.094039 0.471519 0.087899 
0.345992 0.057184 0.464969 0.131854 
0.311409 0.063586 0.530333 0.094672 
0.338876 0.088347 0.481307 0.091470 
0.372210 0.118243 0.413411 0.096137 
0.411440 0.070855 0.339525 0.178180 
0.418699 0.133905 0.328925 0.118471 
0.424223 0.166352 0.314757 0.094667 
0.420439 0.012924 0.272891 0.293746 
0.386964 0.000063 0.319062 0.293911 
0.395066 0.002985 0.263094 0.338855 
0.354413 0.091858 0.095085 0.458643 
0.405418 0.220898 0.025033 0.348651 
0.431854 0.256914 0.067568 0.243664 
0.436004 0.092350 0.189134 0.282512 
0.440285 0.195084 0.107872 0.256759 
0.441213 0.160783 0.162656 0.235348 
0.446052 0.179000 0.197688 0.177259 
0.443480 0.150191 0.255604 0.150725 
0.440279 0.105847 0.176922 0.276952 
0.414671 0.053087 0.197922 0.334319 
0.433575 0.060996 0.209017 0.296412 
0.412472 0.122493 0.111938 0.353097 
0.423117 0.143916 0.101265 0.331702 
0.416618 0.053210 0.191616 0.338557 
0.414270 0.112701 0.120457 0.352572 
0.416784 0.172291 0.069198 0.341727 
0.429380 0.166841 0.091761 0.312018 
0.440758 0.162139 0.108734 0.288369 
0.436722 0.151043 0.113353 0.298882 
0.433218 0.157129 0.103994 0.305659 
0.443339 0.141870 0.139429 0.275362 
0.437561 0.101651 0.169669 0.291119 
0.440052 0.090057 0.258011 0.211879 
0.435637 0.136751 0.297851 0.129761 
0.434069 0.106980 0.295822 0.163129 
0.428036 0.154745 0.320346 0.096873 
0.427273 0.212269 0.313646 0.046811 
0.412614 0.236499 0.333744 0.017142 
0.405130 0.008946 0.329118 0.256805 
0.407405 0.003425 0.331442 0.257728 
0.407689 0.140332 0.361293 0.090686 
0.410295 0.112088 0.362350 0.115267 
0.403320 0.000235 0.315233 0.281212 
0.421618 0.042539 0.326429 0.209413 
0.438431 0.130833 0.299960 0.130776 
0.434004 0.032130 0.290993 0.242873 
0.437687 0.106150 0.296161 0.160002 
0.429114 0.014742 0.290882 0.265263 
0.415834 0.006693 0.259819 0.317654 
0.413540 0.000858 0.283939 0.301663 
0.418631 0.001857 0.280773 0.298738 
0.424675 0.007856 0.300068 0.267402 
0.443651 0.163035 0.124923 0.268391 
0.437890 0.127870 0.136054 0.298187 
0.448603 0.183015 0.174612 0.193770 
0.443635 0.196799 0.110726 0.248840 
0.445901 0.207673 0.203779 0.142648 
0.429575 0.124894 0.128392 0.317139 
0.445815 0.112671 0.216148 0.225365 
0.447293 0.158619 0.215730 0.178358 
0.422568 0.057877 0.194027 0.325528 
0.385359 0.002651 0.239557 0.372433 
0.413441 0.112089 0.121163 0.353307 
0.391043 0.245743 0.001643 0.361572 
0.411850 0.237892 0.014169 0.336089 
0.420925 0.142608 0.098288 0.338179 
0.385296 0.124441 0.081637 0.408627 
0.429726 0.098550 0.160710 0.311013 
0.433471 0.091641 0.308467 0.166421 
0.424301 0.011750 0.259171 0.304778 
0.424519 0.002950 0.293858 0.278673 
0.426565 0.122516 0.327692 0.123226 
0.445540 0.130809 0.278401 0.145250 
0.446540 0.139106 0.139580 0.274774 
0.449014 0.119355 0.196351 0.235280 
0.430835 0.135636 0.110621 0.322908 
0.450281 0.147531 0.134696 0.267492 
0.440276 0.021034 0.268034 0.270656 
0.414579 0.001168 0.270001 0.314252 
0.419874 0.009040 0.320932 0.250154 
0.433134 0.141121 0.317038 0.108707 
0.415747 0.051460 0.325533 0.207260 
0.372860 0.005424 0.217437 0.404279 
0.310153 0.000145 0.181357 0.508346 
0.346462 0.000006 0.238575 0.414957 
0.415210 0.001040 0.315126 0.268624 
0.405780 0.000360 0.302394 0.291466 
0.425659 0.007746 0.260523 0.306072 
0.436796 0.027463 0.244470 0.291271 
0.443477 0.041569 0.285971 0.228983 
0.449153 0.076595 0.238068 0.236185 
0.441280 0.104920 0.152215 0.301584 
0.430767 0.049344 0.203713 0.316175 
0.446775 0.086074 0.191875 0.275277 
0.450435 0.107084 0.231016 0.211465 
0.444084 0.154473 0.295025 0.106418 
0.446709 0.080061 0.278264 0.194967 
0.439619 0.108230 0.306923 0.145228 
0.429658 0.004108 0.297921 0.268313 
0.438696 0.111711 0.311417 0.138176 
0.453653 0.102534 0.230238 0.213575 
0.445546 0.121419 0.134628 0.298406 
0.442153 0.134137 0.118950 0.304760 
0.455298 0.136854 0.171630 0.236218 
0.448812 0.218235 0.239239 0.093714 
0.447296 0.277757 0.201525 0.073422 
0.442049 0.262301 0.272667 0.022983 
0.434358 0.249668 0.301639 0.014335 
0.402799 0.320387 0.276617 0.000197 
0.381609 0.336740 0.281635 0.000016 
0.343982 0.357950 0.298068 0.000000 
0.377855 0.320262 0.301882 0.000000 
0.386155 0.333384 0.280456 0.000005 
0.381414 0.375046 0.243354 0.000186 
0.344875 0.450316 0.203150 0.001659 
0.323933 0.472870 0.002183 0.201013 
0.343791 0.427159 0.000069 0.228980 
0.360750 0.435175 0.097471 0.106604 
0.378808 0.414031 0.194634 0.012527 
0.378407 0.402467 0.214926 0.004201 
0.368622 0.444943 0.051437 0.134998 
0.368578 0.444942 0.039568 0.146912 
0.382849 0.417516 0.148536 0.051099 
0.382248 0.408995 0.193947 0.014811 
0.397889 0.342994 0.000268 0.258850 
0.395910 0.380728 0.057209 0.166153 
0.374277 0.435629 0.053999 0.136095 
0.378433 0.400580 0.009262 0.211725 
0.334456 0.319784 0.000000 0.345760 
0.376528 0.309831 0.000000 0.313641 
0.356261 0.294622 0.000000 0.349118 
0.377820 0.297008 0.000000 0.325172 
0.378853 0.250924 0.000113 0.370110 
0.375242 0.272171 0.000003 0.352584 
0.367105 0.196699 0.007756 0.428440 
0.315690 0.154153 0.013733 0.516424 
0.206091 0.085767 0.004989 0.703153 
0.266794 0.127367 0.003549 0.602290 
0.363728 0.227911 0.000151 0.408210 
0.344329 0.237492 0.000155 0.418024 
0.376053 0.271370 0.000004 0.352573 
0.331303 0.247295 0.000010 0.421391 
0.344333 0.289775 0.000000 0.365892 
0.302347 0.283375 0.000000 0.414278 
0.260759 0.277632 0.000000 0.461609 
0.301635 0.304276 0.000000 0.394089 
0.343540 0.335032 0.000000 0.321428 
0.363397 0.268219 0.000001 0.368383 
0.340649 0.266436 0.000000 0.392915 
0.301858 0.233183 0.000000 0.464959 
0.281726 0.232674 0.000000 0.485600 
0.313304 0.255368 0.000351 0.430977 
0.273308 0.215925 0.000000 0.510767 
0.274738 0.173919 0.000053 0.551289 
0.304308 0.174481 0.001258 0.519953 
0.334697 0.231874 0.000014 0.433415 
0.406232 0.318918 0.000142 0.274708 
0.409824 0.297439 0.000049 0.292688 
0.419135 0.322471 0.007448 0.250946 
0.420873 0.287282 0.002807 0.289038 
0.433002 0.291630 0.249465 0.025903 
0.427601 0.298710 0.006244 0.267445 
0.422539 0.312586 0.003087 0.261788 
0.416930 0.289661 0.000131 0.293278 
0.401762 0.315404 0.001206 0.281628 
0.416593 0.247349 0.049535 0.286523 
0.416558 0.010564 0.303229 0.269650 
0.410340 0.170659 0.339370 0.079631 
0.411799 0.108414 0.366511 0.113276 
0.403204 0.229815 0.360737 0.006244 
0.401188 0.266419 0.332004 0.000389 
0.402181 0.297422 0.300391 0.000006 
0.420426 0.270051 0.308453 0.001069 
0.404601 0.250356 0.343820 0.001224 
0.400511 0.253922 0.342656 0.002910 
0.364359 0.322393 0.313248 0.000000 
0.362951 0.284869 0.352180 0.000000 
0.316891 0.390858 0.292251 0.000000 
0.302723 0.402068 0.295209 0.000000 
0.342090 0.335779 0.322130 0.000000 
0.357140 0.342250 0.300610 0.000000 
0.359479 0.310494 0.330027 0.000000 
0.325521 0.367456 0.307024 0.000000 
0.322689 0.368402 0.308909 0.000000 
0.289810 0.427487 0.282703 0.000000 
0.303544 0.401689 0.294766 0.000000 
0.351635 0.000481 0.348452 0.299432 
0.376126 0.235480 0.373105 0.015289 
0.352248 0.294319 0.353432 0.000000 
0.319797 0.359183 0.321020 0.000000 
0.312351 0.382186 0.305463 0.000000 
0.320614 0.401901 0.277485 0.000000 
0.344145 0.402359 0.253489 0.000006 
0.367829 0.358052 0.274049 0.000069 
0.331265 0.423631 0.245102 0.000002 
0.353764 0.330084 0.316152 0.000000 
0.372890 0.263538 0.363486 0.000086 
0.385787 0.261992 0.352166 0.000055 
0.362416 0.312657 0.324928 0.000000 
0.382413 0.275648 0.341823 0.000116 
0.396553 0.230816 0.352550 0.020081 
0.405378 0.263482 0.330573 0.000567 
0.426964 0.221768 0.322822 0.028447 
0.435753 0.265662 0.287713 0.010871 
0.443472 0.167380 0.295152 0.093997 
0.430407 0.251854 0.292677 0.025062 
0.407501 0.000026 0.297351 0.295123 
0.417351 0.001043 0.265813 0.315793 
0.405961 0.060782 0.160246 0.373010 
0.422037 0.128988 0.100887 0.348088 
0.405790 0.123253 0.090214 0.380743 
0.389568 0.210691 0.014287 0.385454 
0.396197 0.109056 0.098497 0.396250 
0.387639 0.003286 0.221727 0.387348 
0.401413 0.081774 0.128271 0.388541 
0.403211 0.065611 0.154677 0.376501 
0.409285 0.120856 0.097020 0.372839 
0.426211 0.115749 0.132468 0.325572 
0.421911 0.174066 0.070068 0.333955 
0.406064 0.248819 0.001751 0.343366 
0.425607 0.234066 0.018023 0.322304 
0.444810 0.141398 0.117906 0.295886 
0.451509 0.140594 0.130559 0.277338 
0.449108 0.122728 0.284304 0.143859 
0.458507 0.181305 0.177357 0.182832 
0.446066 0.121646 0.138021 0.294267 
0.453042 0.219878 0.092840 0.234240 
0.441370 0.277900 0.014601 0.266129 
0.445918 0.295595 0.129998 0.128489 
0.426057 0.273494 0.298567 0.001882 
0.437530 0.306494 0.211814 0.044163 
0.433846 0.310693 0.029902 0.225558 
0.438541 0.314492 0.124966 0.122001 
0.435846 0.297255 0.254306 0.012593 
0.429251 0.298067 0.269120 0.003561 
0.412428 0.275180 0.311908 0.000484 
0.408907 0.301416 0.289619 0.000058 
0.436444 0.306668 0.035774 0.221115 
0.429142 0.280668 0.002038 0.288152 
0.433920 0.294570 0.009288 0.262223 
0.423066 0.328752 0.102549 0.145634 
0.436653 0.298606 0.243405 0.021336 
0.431650 0.301306 0.014806 0.252238 
0.436653 0.307084 0.059003 0.197261 
0.444785 0.296503 0.127033 0.131679 
0.444577 0.290254 0.175419 0.089750 
0.446508 0.289866 0.173421 0.090205 
0.447996 0.286680 0.116056 0.149268 
0.435124 0.293181 0.243628 0.028067 
0.438144 0.301119 0.065876 0.194861 
0.440481 0.307161 0.144705 0.107653 
0.432694 0.282839 0.011504 0.272963 
0.431254 0.312004 0.030141 0.226601 
0.445663 0.295532 0.124392 0.134413 
0.444273 0.295606 0.094223 0.165898 
0.447682 0.286165 0.109976 0.156178 
0.438254 0.307298 0.168821 0.085627 
0.427527 0.310673 0.009911 0.251889 
0.429669 0.311992 0.232751 0.025588 
0.416700 0.291410 0.291740 0.000150 
0.425011 0.301406 0.244875 0.028708 
0.434764 0.315389 0.098063 0.151784 
0.416487 0.312513 0.006845 0.264155 
0.419910 0.327349 0.014318 0.238422 
0.417790 0.320204 0.011531 0.250476 
0.389738 0.318688 0.000007 0.291568 
0.383603 0.328516 0.000003 0.287878 
0.370808 0.313244 0.000000 0.315948 
0.368857 0.322348 0.000000 0.308796 
0.373775 0.337296 0.000001 0.288929 
0.362905 0.333263 0.000000 0.303831 
0.375928 0.320859 0.000000 0.303213 
0.372652 0.321300 0.000000 0.306048 
0.374043 0.316047 0.000000 0.309910 
0.359610 0.301813 0.000000 0.338576 
0.371877 0.321487 0.000000 0.306636 
0.360350 0.336138 0.000000 0.303512 
0.360179 0.350521 0.000000 0.289300 
0.354063 0.341187 0.000000 0.304750 
0.341731 0.348644 0.000000 0.309625 
0.344991 0.351966 0.000000 0.303043 
0.331474 0.339305 0.000001 0.329220 
0.331254 0.335671 0.000000 0.333075 
0.331758 0.341175 0.000000 0.327067 
0.336204 0.345395 0.000000 0.318401 
0.335075 0.341873 0.000000 0.323052 
0.336019 0.338463 0.000000 0.325518 
0.342508 0.333018 0.000000 0.324474 
0.363037 0.359173 0.000002 0.277787 
0.367999 0.362391 0.000003 0.269608 
0.342175 0.332014 0.000000 0.325811 
0.347532 0.314034 0.000000 0.338434 
0.351091 0.320669 0.000000 0.328240 
0.354868 0.322307 0.000000 0.322825 
0.371234 0.329234 0.000000 0.299532 
0.395338 0.314020 0.000005 0.290637 
0.413975 0.338272 0.008877 0.238875 
0.408995 0.342245 0.243924 0.004835 
0.424223 0.317847 0.248399 0.009531 
0.429562 0.323214 0.097611 0.149613 
0.410773 0.321460 0.001283 0.266484 
0.422572 0.308188 0.002288 0.266952 
0.415891 0.307920 0.000570 0.275619 
0.399073 0.328117 0.013443 0.259367 
0.415757 0.337802 0.224953 0.021488 
0.421795 0.334378 0.201255 0.042573 
0.422882 0.320449 0.013775 0.242894 
0.393271 0.325067 0.000010 0.281653 
0.416263 0.348594 0.038327 0.196817 
0.416503 0.341564 0.019736 0.222197 
0.432516 0.321511 0.135453 0.110520 
0.412912 0.303730 0.000154 0.283204 
0.422014 0.298471 0.004910 0.274604 
0.422492 0.306182 0.001487 0.269839 
0.429414 0.304402 0.014659 0.251525 
0.445278 0.289753 0.100597 0.164371 
0.443727 0.280587 0.045732 0.229954 
0.436412 0.303192 0.185154 0.075242 
0.428647 0.287605 0.001443 0.282305 
0.446047 0.292126 0.151546 0.110281 
0.440533 0.303625 0.165966 0.089876 
0.444357 0.293564 0.174479 0.087600 
0.441165 0.301699 0.182697 0.074439 
0.443354 0.273569 0.241051 0.042027 
0.454601 0.235681 0.157032 0.152685 
0.444178 0.289898 0.074141 0.191783 
0.422195 0.274049 0.002270 0.301486 
0.433154 0.272500 0.006911 0.287434 
0.430016 0.261579 0.006918 0.301487 
0.430977 0.274077 0.053051 0.241895 
0.433675 0.247859 0.282500 0.035966 
0.422216 0.269271 0.306931 0.001581 
0.413485 0.268120 0.317105 0.001290 
0.395912 0.255619 0.348076 0.000393 
0.381538 0.256252 0.361570 0.000640 
0.383910 0.254765 0.361260 0.000064 
0.388232 0.246003 0.365114 0.000651 
0.402160 0.129054 0.348482 0.120304 
0.394918 0.255311 0.349376 0.000395 
0.408236 0.262365 0.326034 0.003365 
0.390571 0.270935 0.338466 0.000028 
0.375515 0.261478 0.362984 0.000023 
0.396304 0.284959 0.318542 0.000196 
0.392085 0.295046 0.311477 0.001393 
0.377810 0.315380 0.306810 0.000000 
0.388948 0.322807 0.279586 0.008660 
0.383335 0.318494 0.000590 0.297581 
0.403951 0.321976 0.109409 0.164663 
0.407006 0.268050 0.323912 0.001032 
0.405022 0.289167 0.305268 0.000543 
0.386132 0.003968 0.325710 0.284190 
0.362965 0.000000 0.316763 0.320273 
0.373675 0.000000 0.300785 0.325539 
0.381384 0.000004 0.275971 0.342641 
0.365729 0.000001 0.270515 0.363756 
0.369669 0.000010 0.261231 0.369089 
0.368220 0.000000 0.291827 0.339953 
0.362353 0.000000 0.292548 0.345099 
0.366620 0.000001 0.277826 0.355553 
0.363650 0.000000 0.275262 0.361088 
0.377618 0.000000 0.300442 0.321940 
0.394869 0.024730 0.204598 0.375803 
0.402202 0.009766 0.220937 0.367096 
0.436478 0.167497 0.081318 0.314706 
0.424998 0.111882 0.120845 0.342274 
0.435287 0.132916 0.114075 0.317722 
0.428124 0.145157 0.092159 0.334560 
0.447932 0.081487 0.283352 0.187229 
0.429566 0.056280 0.323471 0.190683 
0.450599 0.091693 0.276166 0.181542 
0.447576 0.160883 0.290365 0.101177 
0.435802 0.030722 0.243574 0.289902 
0.454105 0.141829 0.193031 0.211035 
0.454041 0.225895 0.149833 0.170231 
0.453314 0.214688 0.114861 0.217137 
0.454774 0.252518 0.142114 0.150593 
0.451184 0.277847 0.115695 0.155275 
0.448970 0.282384 0.083870 0.184776 
0.447950 0.283665 0.167104 0.101282 
0.451995 0.255037 0.101387 0.191581 
0.449729 0.286942 0.130312 0.133016 
0.445375 0.298503 0.130658 0.125463 
0.436761 0.297557 0.148097 0.117585 
0.438330 0.304187 0.154014 0.103469 
