0.212961 0.209606 0.367950 0.209483 
0.069351 0.139514 0.704335 0.086800 
0.044007 0.050054 0.827805 0.078135 
0.000008 0.000015 0.999969 0.000008 
0.000000 0.000000 1.000000 0.000000 
0.000000 0.000000 1.000000 0.000000 
0.000000 0.000000 1.000000 0.000000 
0.000000 0.000000 1.000000 0.000000 
0.000000 0.000000 1.000000 0.000000 
0.000000 0.000000 1.000000 0.000000 
0.000000 0.000000 0.999995 0.000005 
0.000000 0.000000 0.999961 0.000039 
0.000000 0.000000 0.999999 0.000001 
0.000000 0.000000 0.999985 0.000015 
0.000000 0.000000 0.999999 0.000001 
0.000000 0.000000 1.000000 0.000000 
0.000000 0.000000 1.000000 0.000000 
0.000000 0.000000 1.000000 0.000000 
0.000000 0.000000 1.000000 0.000000 
0.000000 0.000000 1.000000 0.000000 
0.000000 0.000000 0.999999 0.000001 
0.000000 0.000000 0.999996 0.000004 
0.000000 0.000011 0.999989 0.000000 
0.000000 0.000930 0.999070 0.000000 
0.000000 0.000330 0.999670 0.000000 
0.000000 0.000092 0.999908 0.000000 
0.000000 0.000021 0.999979 0.000000 
0.000000 0.003287 0.996713 0.000000 
0.000000 0.000805 0.999195 0.000000 
0.000000 0.000987 0.999013 0.000000 
0.000000 0.000078 0.999922 0.000000 
0.000000 0.000543 0.999457 0.000000 
0.000000 0.001068 0.998932 0.000000 
0.000000 0.000174 0.999826 0.000000 
0.000000 0.000129 0.999871 0.000000 
0.000000 0.000070 0.999930 0.000000 
0.000000 0.000164 0.999836 0.000000 
0.000000 0.000146 0.999854 0.000000 
0.000000 0.000003 0.999997 0.000000 
0.000000 0.000003 0.999997 0.000000 
0.000000 0.000004 0.999996 0.000000 
0.000000 0.000144 0.999855 0.000001 
0.000000 0.000001 0.999999 0.000000 
0.000000 0.000152 0.999848 0.000000 
0.000000 0.000007 0.999993 0.000000 
0.000000 0.000029 0.999971 0.000000 
0.000000 0.000238 0.999762 0.000000 
0.000000 0.001695 0.998305 0.000000 
0.000000 0.000226 0.999774 0.000000 
0.000000 0.000043 0.999957 0.000000 
0.000000 0.000203 0.999797 0.000000 
0.000000 0.000060 0.999940 0.000000 
0.000000 0.000035 0.999965 0.000000 
0.000000 0.000007 0.999993 0.000000 
0.000000 0.000132 0.999868 0.000000 
0.000000 0.000008 0.999992 0.000000 
0.000000 0.000056 0.999944 0.000000 
0.000000 0.000217 0.999783 0.000000 
0.000000 0.002797 0.997203 0.000000 
0.000000 0.159985 0.840015 0.000000 
0.000000 0.447458 0.552542 0.000000 
0.000000 0.255242 0.744758 0.000000 
0.000000 0.935018 0.064981 0.000000 
0.000000 0.469402 0.530598 0.000000 
0.000000 0.389418 0.610461 0.000121 
0.000000 0.238729 0.119200 0.642071 
0.000000 0.302419 0.433760 0.263822 
0.000000 0.150139 0.837672 0.012189 
0.000000 0.013094 0.145002 0.841904 
0.000000 0.011597 0.983982 0.004421 
0.000000 0.000918 0.999082 0.000000 
0.000000 0.015135 0.980512 0.004352 
0.000000 0.077197 0.020756 0.902047 
0.000000 0.268972 0.601341 0.129686 
0.000000 0.133406 0.866580 0.000014 
0.000000 0.720010 0.279990 0.000000 
0.000000 0.494601 0.505380 0.000019 
0.000000 0.448817 0.551104 0.000078 
0.000000 0.330582 0.669417 0.000001 
0.000000 0.310865 0.689135 0.000000 
0.000000 0.452727 0.547273 0.000000 
0.000000 0.475088 0.524912 0.000000 
0.000000 0.429709 0.570291 0.000000 
0.000000 0.441861 0.462078 0.096060 
0.000000 0.509054 0.000010 0.490936 
0.000000 0.328192 0.000002 0.671807 
0.000000 0.294036 0.000083 0.705880 
0.000000 0.543388 0.000000 0.456612 
0.000000 0.619466 0.380532 0.000002 
0.000000 0.536319 0.457471 0.006210 
0.000000 0.421032 0.155316 0.423652 
0.000000 0.395668 0.470956 0.133376 
0.000000 0.231993 0.455498 0.312509 
0.000000 0.166852 0.313997 0.519151 
0.000000 0.137091 0.549785 0.313124 
0.000000 0.708869 0.288028 0.003104 
0.000000 0.916660 0.056187 0.027153 
0.000000 0.915265 0.079006 0.005729 
0.000000 0.408754 0.551776 0.039470 
0.000000 0.961695 0.038207 0.000099 
0.000000 0.982323 0.017675 0.000002 
0.000000 0.999958 0.000032 0.000010 
0.000000 0.999972 0.000022 0.000005 
0.000000 0.999530 0.000470 0.000000 
0.000000 0.291078 0.708922 0.000000 
0.000000 0.471355 0.528645 0.000000 
0.000000 0.141103 0.858897 0.000000 
0.000000 0.831109 0.168891 0.000000 
0.000000 0.429664 0.570336 0.000000 
0.000000 0.105781 0.894219 0.000000 
0.000000 0.955190 0.044810 0.000000 
0.000000 0.428865 0.571135 0.000000 
0.000000 0.920236 0.079764 0.000000 
0.000000 0.973468 0.026532 0.000000 
0.000000 0.988464 0.011536 0.000000 
0.000000 0.571820 0.428180 0.000000 
0.000000 0.767901 0.232099 0.000000 
0.000000 0.460843 0.539157 0.000000 
0.000000 0.630180 0.369820 0.000000 
0.000000 0.768035 0.231965 0.000000 
0.000000 0.523559 0.476441 0.000000 
0.000000 0.876633 0.123367 0.000000 
0.000000 0.600488 0.399512 0.000000 
0.000000 0.443273 0.556720 0.000007 
0.000000 0.472208 0.527790 0.000001 
0.000000 0.561550 0.412855 0.025595 
0.000000 0.577379 0.422592 0.000029 
0.000000 0.565766 0.434153 0.000081 
0.000000 0.291117 0.708861 0.000022 
0.000000 0.003655 0.797710 0.198635 
0.000000 0.001089 0.272839 0.726071 
0.000000 0.000012 0.506872 0.493116 
0.000000 0.000001 0.000707 0.999292 
0.000000 0.000005 0.011366 0.988629 
0.000000 0.000054 0.000004 0.999941 
0.000000 0.001059 0.000886 0.998055 
0.000000 0.000037 0.001063 0.998900 
0.000000 0.000028 0.068184 0.931788 
0.000000 0.000016 0.540057 0.459927 
0.000000 0.000011 0.697773 0.302215 
0.000000 0.000064 0.507465 0.492471 
0.000000 0.002306 0.874484 0.123211 
0.000000 0.000064 0.143781 0.856154 
0.000000 0.000010 0.832210 0.167780 
0.000000 0.000013 0.404223 0.595764 
0.000000 0.000028 0.118672 0.881300 
0.000000 0.000037 0.465521 0.534442 
0.000000 0.000116 0.003244 0.996640 
0.000000 0.000019 0.990990 0.008991 
0.000000 0.000001 0.978701 0.021298 
0.000000 0.000072 0.842032 0.157896 
0.000000 0.000001 0.342255 0.657744 
0.000000 0.000004 0.837254 0.162742 
0.000000 0.000000 0.795988 0.204011 
0.000000 0.000000 0.982428 0.017572 
0.000000 0.000002 0.999917 0.000080 
0.000000 0.000010 0.999990 0.000000 
0.000000 0.000002 0.999998 0.000000 
0.000000 0.000020 0.999980 0.000000 
0.000000 0.000000 1.000000 0.000000 
0.000000 0.000000 1.000000 0.000000 
0.000000 0.000000 1.000000 0.000000 
0.000000 0.000000 1.000000 0.000000 
0.000000 0.000000 0.999888 0.000112 
0.000000 0.000000 1.000000 0.000000 
0.000000 0.000000 1.000000 0.000000 
0.000000 0.000000 1.000000 0.000000 
0.000000 0.000000 1.000000 0.000000 
0.000000 0.000000 1.000000 0.000000 
0.000000 0.000000 1.000000 0.000000 
0.000000 0.000001 0.999999 0.000000 
0.000000 0.000024 0.999976 0.000000 
0.000000 0.000113 0.999887 0.000000 
0.000000 0.000069 0.999931 0.000000 
0.000000 0.001889 0.998111 0.000000 
0.000000 0.005028 0.994972 0.000000 
0.000000 0.000011 0.999989 0.000000 
0.000000 0.000070 0.999930 0.000000 
0.000000 0.000776 0.999224 0.000000 
0.000000 0.001430 0.998570 0.000000 
0.000000 0.006946 0.993054 0.000000 
0.000000 0.058465 0.941535 0.000000 
0.000000 0.417923 0.582077 0.000000 
0.000000 0.008057 0.991943 0.000000 
0.000000 0.037560 0.962440 0.000000 
0.000000 0.434921 0.565079 0.000000 
0.000000 0.047461 0.952539 0.000000 
0.000000 0.048309 0.951691 0.000000 
0.000000 0.018360 0.981640 0.000000 
0.000000 0.001958 0.998042 0.000000 
0.000000 0.010959 0.989041 0.000000 
0.000000 0.021331 0.978669 0.000000 
0.000000 0.319893 0.680107 0.000000 
0.000000 0.138455 0.861545 0.000000 
0.000000 0.133732 0.866268 0.000000 
0.000000 0.151332 0.848668 0.000000 
0.000000 0.014887 0.985113 0.000000 
0.000000 0.001474 0.998526 0.000000 
0.000000 0.001326 0.998674 0.000000 
0.000000 0.026887 0.973113 0.000000 
0.000000 0.018030 0.981970 0.000000 
0.000000 0.018915 0.981085 0.000000 
0.000000 0.024645 0.975355 0.000000 
0.000000 0.076270 0.923730 0.000000 
0.000000 0.267687 0.732313 0.000000 
0.000000 0.356036 0.643964 0.000000 
0.000000 0.619385 0.380615 0.000000 
0.000000 0.998906 0.001094 0.000000 
0.000000 0.990388 0.009612 0.000000 
0.000000 0.660969 0.339031 0.000000 
0.000000 0.300208 0.699787 0.000005 
0.000000 0.181178 0.815941 0.002881 
0.000000 0.153196 0.726241 0.120562 
0.000000 0.125968 0.438416 0.435616 
0.000000 0.299030 0.221988 0.478982 
0.000000 0.368083 0.468694 0.163223 
0.000000 0.066613 0.442055 0.491333 
0.000000 0.133885 0.406751 0.459364 
0.000000 0.020187 0.927484 0.052329 
0.000000 0.064581 0.928416 0.007003 
0.000000 0.014555 0.561292 0.424153 
0.000000 0.021139 0.515534 0.463328 
0.000000 0.159228 0.573392 0.267380 
0.000000 0.003622 0.996202 0.000175 
0.000000 0.000542 0.999458 0.000000 
0.000000 0.000014 0.999986 0.000000 
0.000000 0.000172 0.999827 0.000001 
0.000000 0.000037 0.995213 0.004750 
0.000000 0.000035 0.990921 0.009043 
0.000000 0.000048 0.738931 0.261021 
0.000000 0.001696 0.574177 0.424127 
0.000000 0.020765 0.645268 0.333967 
0.000000 0.006255 0.168793 0.824952 
0.000000 0.011857 0.000015 0.988128 
0.000000 0.026849 0.013660 0.959491 
0.000000 0.004124 0.340696 0.655180 
0.000000 0.014925 0.679245 0.305830 
0.000000 0.291099 0.623121 0.085780 
0.000000 0.045866 0.498313 0.455822 
0.000000 0.103156 0.170411 0.726434 
0.000000 0.005092 0.477353 0.517555 
0.000000 0.013030 0.789653 0.197317 
0.000000 0.012127 0.485185 0.502688 
0.000000 0.048302 0.944411 0.007288 
0.000000 0.197329 0.768902 0.033769 
0.000000 0.492020 0.458328 0.049652 
0.000000 0.303937 0.240989 0.455074 
0.000000 0.670532 0.001854 0.327614 
0.000000 0.563037 0.003703 0.433260 
0.000000 0.776624 0.004192 0.219184 
0.000000 0.419204 0.013646 0.567149 
0.000000 0.238267 0.110994 0.650739 
0.000000 0.573569 0.010611 0.415821 
0.000000 0.606561 0.001281 0.392158 
0.000000 0.732172 0.000146 0.267682 
0.000000 0.987327 0.000067 0.012607 
0.000000 0.518212 0.000008 0.481781 
0.000000 0.532350 0.000000 0.467650 
0.000000 0.396989 0.000000 0.603011 
0.000000 0.439004 0.000260 0.560736 
0.000000 0.571125 0.000078 0.428797 
0.000000 0.735165 0.058757 0.206078 
0.000000 0.624873 0.000022 0.375104 
0.000000 0.424749 0.000000 0.575251 
0.000000 0.250720 0.000000 0.749280 
0.000000 0.189320 0.000000 0.810680 
0.000000 0.163077 0.000000 0.836923 
0.000000 0.494916 0.000000 0.505084 
0.000000 0.687912 0.000000 0.312088 
0.000000 0.149518 0.000000 0.850482 
0.000000 0.596678 0.000000 0.403322 
0.000000 0.001308 0.000000 0.998692 
0.000000 0.000000 0.000000 1.000000 
0.000000 0.000000 0.000000 1.000000 
0.000000 0.000000 0.000000 1.000000 
0.000000 0.000000 0.000000 1.000000 
0.000008 0.551240 0.000006 0.448746 
0.000000 0.000007 0.000000 0.999993 
0.000000 0.000001 0.000000 0.999999 
0.000000 0.000000 0.000000 1.000000 
0.000000 0.000004 0.000000 0.999996 
0.000000 0.000000 0.000000 1.000000 
0.000000 0.000000 0.000000 1.000000 
0.000000 0.000000 0.000000 1.000000 
0.000000 0.000000 0.000000 1.000000 
0.000000 0.000000 0.000000 1.000000 
0.000000 0.000000 0.000000 1.000000 
0.000000 0.000000 0.000000 1.000000 
0.000000 0.000000 0.000000 1.000000 
0.000000 0.000000 0.000000 1.000000 
0.000000 0.000000 0.000000 1.000000 
0.000000 0.000000 0.000000 1.000000 
0.000000 0.000000 0.000000 1.000000 
0.000000 0.000000 0.000000 1.000000 
0.000000 0.000000 0.000000 1.000000 
0.000000 0.000000 0.000000 1.000000 
0.000000 0.000000 0.000003 0.999997 
0.000000 0.000000 0.000041 0.999959 
0.000000 0.000000 0.007896 0.992104 
0.000000 0.000000 0.360314 0.639686 
0.000000 0.000000 0.128095 0.871905 
0.000000 0.000000 0.309065 0.690935 
0.000000 0.000000 0.641028 0.358972 
0.000000 0.000000 0.822109 0.177891 
0.000000 0.000001 0.747867 0.252133 
0.000000 0.000000 0.997622 0.002378 
0.000000 0.000000 0.966456 0.033544 
0.000000 0.000000 0.982383 0.017617 
0.000000 0.000000 0.999959 0.000041 
0.000000 0.000000 0.999996 0.000004 
0.000000 0.000000 1.000000 0.000000 
0.000000 0.000047 0.999950 0.000003 
0.000000 0.000001 0.999973 0.000026 
0.000000 0.001572 0.998428 0.000000 
0.000000 0.006506 0.993494 0.000000 
0.000000 0.001455 0.998545 0.000000 
0.000000 0.003202 0.996798 0.000000 
0.000000 0.590016 0.409984 0.000000 
0.000000 0.429445 0.570555 0.000000 
0.000000 0.900142 0.099858 0.000000 
0.000000 0.502161 0.497839 0.000000 
0.000000 0.682514 0.317486 0.000000 
0.000000 0.395060 0.604940 0.000000 
0.000000 0.600671 0.399329 0.000000 
0.000000 0.254248 0.745752 0.000000 
0.000000 0.390172 0.609828 0.000000 
0.000000 0.457925 0.542075 0.000000 
0.000000 0.430727 0.569273 0.000000 
0.000000 0.338124 0.661876 0.000000 
0.000000 0.891161 0.108839 0.000000 
0.000000 0.999503 0.000497 0.000000 
0.000000 0.998491 0.001509 0.000000 
0.000000 0.998060 0.001940 0.000000 
0.000000 0.998773 0.001227 0.000000 
0.000000 0.999990 0.000002 0.000008 
0.000000 0.999991 0.000001 0.000008 
0.000000 0.875878 0.124122 0.000000 
0.000000 0.509327 0.490641 0.000032 
0.000000 0.645743 0.354257 0.000000 
0.000000 0.255478 0.744522 0.000000 
0.000000 0.793908 0.206092 0.000000 
0.000000 0.999925 0.000074 0.000001 
0.000000 1.000000 0.000000 0.000000 
0.000000 1.000000 0.000000 0.000000 
0.000000 1.000000 0.000000 0.000000 
0.000000 0.999986 0.000014 0.000000 
0.000000 1.000000 0.000000 0.000000 
0.000000 1.000000 0.000000 0.000000 
0.000000 0.999467 0.000533 0.000000 
0.000000 0.569674 0.430326 0.000000 
0.000000 0.978424 0.021576 0.000000 
0.000000 0.999657 0.000343 0.000000 
0.000000 0.789207 0.210793 0.000000 
0.000000 0.707082 0.292918 0.000000 
0.000000 0.634642 0.365358 0.000000 
0.000000 0.983218 0.016782 0.000000 
0.000000 0.996053 0.003947 0.000000 
0.000000 0.999981 0.000019 0.000000 
0.000000 0.989936 0.010064 0.000000 
0.000000 0.999993 0.000007 0.000000 
0.000000 1.000000 0.000000 0.000000 
0.000000 0.953350 0.046650 0.000000 
0.000000 0.998977 0.001023 0.000000 
0.000000 0.999977 0.000023 0.000000 
0.000000 0.998509 0.001491 0.000000 
0.000000 0.514006 0.485994 0.000000 
0.000000 0.237226 0.762774 0.000000 
0.000000 0.971384 0.028615 0.000000 
0.000000 0.999803 0.000197 0.000000 
0.000000 0.999998 0.000002 0.000000 
0.000000 1.000000 0.000000 0.000000 
0.000000 0.999976 0.000000 0.000024 
0.000000 0.999953 0.000000 0.000047 
0.000000 0.999998 0.000000 0.000002 
0.000000 0.999995 0.000000 0.000005 
0.000000 1.000000 0.000000 0.000000 
0.000000 1.000000 0.000000 0.000000 
0.000000 0.829011 0.000000 0.170989 
0.000000 0.311388 0.000000 0.688612 
0.000000 0.583299 0.000001 0.416700 
0.000000 0.054378 0.000018 0.945604 
0.000000 0.677348 0.000029 0.322623 
0.000000 0.009742 0.000001 0.990256 
0.000000 0.098041 0.000125 0.901834 
0.000000 0.011440 0.000277 0.988283 
0.000000 0.001530 0.007433 0.991037 
0.000000 0.834552 0.007148 0.158300 
0.000000 0.184975 0.003045 0.811980 
0.000000 0.166029 0.011406 0.822566 
0.000000 0.462697 0.441928 0.095375 
0.000000 0.004506 0.053685 0.941809 
0.000000 0.005890 0.202188 0.791922 
0.000000 0.010092 0.110124 0.879784 
0.000000 0.014916 0.363351 0.621733 
0.000000 0.022615 0.263322 0.714063 
0.000000 0.000473 0.171135 0.828391 
0.000000 0.000013 0.296476 0.703512 
0.000000 0.000004 0.019492 0.980504 
0.000000 0.000050 0.128913 0.871037 
0.000000 0.000001 0.399917 0.600082 
0.000000 0.000000 0.466244 0.533756 
0.000000 0.000002 0.759124 0.240873 
0.000000 0.000000 0.997333 0.002667 
0.000000 0.000001 0.610429 0.389570 
0.000000 0.000001 0.651640 0.348359 
0.000000 0.000006 0.612075 0.387920 
0.000000 0.000032 0.110410 0.889557 
0.000000 0.000001 0.902320 0.097679 
0.000000 0.000001 0.703964 0.296035 
0.000000 0.000000 0.973132 0.026868 
0.000000 0.000000 0.985355 0.014645 
0.000000 0.000010 0.858423 0.141567 
0.000000 0.000001 0.371240 0.628759 
0.000000 0.000011 0.274126 0.725863 
0.000000 0.000127 0.038362 0.961511 
0.000000 0.000214 0.999222 0.000565 
0.000000 0.197044 0.798948 0.004008 
0.000000 0.086265 0.913733 0.000002 
0.000000 0.002025 0.997975 0.000000 
0.000000 0.000512 0.994845 0.004643 
0.000000 0.016424 0.981214 0.002361 
0.000000 0.115592 0.884397 0.000012 
0.000000 0.117609 0.882391 0.000000 
0.000000 0.274225 0.725775 0.000000 
0.000000 0.084357 0.915643 0.000000 
0.000000 0.125214 0.874786 0.000000 
0.000000 0.022261 0.977739 0.000000 
0.000000 0.002361 0.631448 0.366192 
0.000000 0.000447 0.657919 0.341634 
0.000000 0.004660 0.483026 0.512314 
0.000000 0.255740 0.443547 0.300712 
0.000000 0.320691 0.123041 0.556268 
0.000000 0.527291 0.472696 0.000012 
0.000000 0.633325 0.351264 0.015411 
0.000000 0.365514 0.632788 0.001699 
0.000000 0.116131 0.883775 0.000094 
0.000000 0.579329 0.420670 0.000001 
0.000000 0.514011 0.485989 0.000000 
0.000000 0.495693 0.500408 0.003899 
0.000000 0.362798 0.629876 0.007325 
0.000000 0.780862 0.219138 0.000000 
0.000000 0.378007 0.621977 0.000017 
0.000000 0.228068 0.771932 0.000000 
0.000000 0.252850 0.747150 0.000000 
0.000000 0.860686 0.139314 0.000000 
0.000000 0.440386 0.559614 0.000000 
0.000000 0.982052 0.017948 0.000000 
0.000000 0.999987 0.000013 0.000000 
0.000000 0.543723 0.456277 0.000000 
0.000000 0.502337 0.497663 0.000000 
0.000000 0.792553 0.207447 0.000000 
0.000000 0.872151 0.127849 0.000000 
0.000000 0.923735 0.076265 0.000000 
0.000000 0.762941 0.237059 0.000000 
0.000000 0.964939 0.035061 0.000000 
0.000000 0.998681 0.001319 0.000000 
0.000000 0.998474 0.001526 0.000000 
0.000000 0.999588 0.000412 0.000000 
0.000000 0.573550 0.426450 0.000000 
0.000000 0.449082 0.550763 0.000155 
0.000000 0.692609 0.298992 0.008399 
0.000000 0.014067 0.001066 0.984866 
0.000000 0.056516 0.000801 0.942683 
0.000000 0.007663 0.000086 0.992251 
0.000000 0.100174 0.002365 0.897461 
0.000000 0.000196 0.034041 0.965762 
0.000000 0.000084 0.086387 0.913530 
0.000000 0.000146 0.194008 0.805845 
0.000000 0.000085 0.105640 0.894275 
0.000000 0.002529 0.997464 0.000007 
0.000000 0.003063 0.996934 0.000002 
0.000000 0.095168 0.904831 0.000001 
0.000000 0.997410 0.002590 0.000001 
0.000000 0.999208 0.000791 0.000001 
0.000000 0.729406 0.270589 0.000005 
0.000000 0.548027 0.451973 0.000000 
0.000000 0.565616 0.434384 0.000000 
0.000000 0.447589 0.552411 0.000000 
0.000000 0.333678 0.666321 0.000000 
0.000000 0.462617 0.537383 0.000000 
0.000000 0.677916 0.322084 0.000000 
0.000000 0.998775 0.001225 0.000000 
0.000000 0.998724 0.001276 0.000000 
0.000000 0.999900 0.000100 0.000000 
0.000000 0.937535 0.062465 0.000000 
0.000000 0.903089 0.096911 0.000000 
0.000000 0.622913 0.377087 0.000000 
0.000000 0.519834 0.480166 0.000000 
0.000000 0.853310 0.146655 0.000035 
0.000000 0.709025 0.290913 0.000062 
0.000000 0.746690 0.192622 0.060688 
0.000000 0.997516 0.002473 0.000011 
0.000000 0.995176 0.004725 0.000100 
0.000000 0.973720 0.003215 0.023065 
0.000000 0.944276 0.055722 0.000002 
0.000000 0.983912 0.016087 0.000000 
0.000000 0.976590 0.023410 0.000001 
0.000000 0.884358 0.016285 0.099357 
0.000000 0.312000 0.265519 0.422482 
0.000000 0.914433 0.085557 0.000010 
0.000000 0.959749 0.040221 0.000030 
0.000000 0.984339 0.005130 0.010531 
0.000000 0.991015 0.008941 0.000044 
0.000000 0.872206 0.127793 0.000001 
0.000000 0.888943 0.000636 0.110421 
0.000000 0.919057 0.000003 0.080940 
0.000000 0.608011 0.000138 0.391851 
0.000000 0.682570 0.000138 0.317292 
0.000000 0.932937 0.000002 0.067061 
0.000000 0.999954 0.000046 0.000000 
0.000000 0.999629 0.000082 0.000289 
0.000000 0.991393 0.000001 0.008606 
0.000000 0.776541 0.003540 0.219919 
0.000000 0.574474 0.000608 0.424918 
0.000000 0.917886 0.003988 0.078126 
0.000000 0.999994 0.000006 0.000000 
0.000000 0.999998 0.000002 0.000000 
0.000000 1.000000 0.000000 0.000000 
0.000000 1.000000 0.000000 0.000000 
0.000000 1.000000 0.000000 0.000000 
0.000000 1.000000 0.000000 0.000000 
0.000000 1.000000 0.000000 0.000000 
0.000000 1.000000 0.000000 0.000000 
0.000000 1.000000 0.000000 0.000000 
0.000000 0.997851 0.000000 0.002149 
0.000000 0.999239 0.000000 0.000761 
0.000000 0.491460 0.000001 0.508540 
0.000000 0.097926 0.000018 0.902056 
0.000000 0.013496 0.000004 0.986500 
0.000000 0.000129 0.000682 0.999189 
0.000000 0.000034 0.074500 0.925466 
0.000000 0.000000 0.000904 0.999096 
0.000000 0.000000 0.000001 0.999999 
0.000000 0.000000 0.000162 0.999838 
0.000000 0.000000 0.000064 0.999936 
0.000000 0.000000 0.020403 0.979597 
0.000000 0.000000 0.023309 0.976691 
0.000000 0.000000 0.742130 0.257870 
0.000000 0.000023 0.999193 0.000785 
0.000000 0.000014 0.999294 0.000692 
0.000000 0.000395 0.998707 0.000898 
0.000000 0.000014 0.999403 0.000583 
0.000000 0.001049 0.923483 0.075468 
0.000000 0.015253 0.632985 0.351762 
0.000000 0.015360 0.018172 0.966468 
0.000000 0.011334 0.074806 0.913861 
0.000000 0.000011 0.659732 0.340257 
0.000000 0.000000 0.489827 0.510173 
0.000000 0.000000 0.000029 0.999971 
0.000000 0.000000 0.089668 0.910332 
0.000000 0.000000 0.469224 0.530776 
0.000000 0.000000 0.999013 0.000987 
0.000000 0.000001 0.999714 0.000285 
0.000000 0.000038 0.992909 0.007053 
0.000000 0.000131 0.999868 0.000000 
0.000000 0.002032 0.992424 0.005544 
0.000000 0.508396 0.489348 0.002256 
0.000000 0.613540 0.386051 0.000409 
0.000000 0.884437 0.101700 0.013863 
0.000000 0.432511 0.222085 0.345404 
0.000000 0.349527 0.366618 0.283855 
0.000000 0.227621 0.263768 0.508611 
0.000000 0.336327 0.288780 0.374893 
0.000000 0.300673 0.359538 0.339789 
0.000000 0.576999 0.194554 0.228447 
0.000000 0.458945 0.494582 0.046473 
0.000000 0.173341 0.413853 0.412806 
0.000000 0.632401 0.282963 0.084636 
0.000000 0.668772 0.252448 0.078780 
0.000000 0.482409 0.353804 0.163787 
0.000000 0.278937 0.309015 0.412048 
0.000000 0.446805 0.202970 0.350226 
0.000000 0.438203 0.443716 0.118081 
0.000000 0.356377 0.361968 0.281655 
0.000000 0.437886 0.550103 0.012011 
0.000000 0.130819 0.854821 0.014360 
0.000000 0.560456 0.380339 0.059205 
0.000000 0.419092 0.000064 0.580844 
0.000000 0.421539 0.000593 0.577868 
0.000000 0.551481 0.005201 0.443318 
0.000000 0.853209 0.007227 0.139564 
0.000000 0.591425 0.000654 0.407922 
0.000000 0.405115 0.005329 0.589556 
0.000000 0.859039 0.000060 0.140902 
0.000000 0.998373 0.000004 0.001622 
0.000000 0.997598 0.000001 0.002401 
0.000000 0.994071 0.000004 0.005925 
0.000000 0.997623 0.000000 0.002377 
0.000000 0.999979 0.000000 0.000021 
0.000000 0.994378 0.000000 0.005622 
0.000000 0.609814 0.000000 0.390186 
0.000000 0.526403 0.000000 0.473597 
0.000000 0.522408 0.000000 0.477592 
0.000000 0.500952 0.000000 0.499048 
0.000000 0.396811 0.000000 0.603189 
0.000000 0.994050 0.000000 0.005949 
0.000000 0.344178 0.000001 0.655821 
0.000000 0.571726 0.000090 0.428185 
0.000000 0.960923 0.000003 0.039075 
0.000000 0.979556 0.000000 0.020444 
0.000000 0.937657 0.000000 0.062343 
0.000000 0.937938 0.000000 0.062062 
0.000000 0.892473 0.000000 0.107527 
0.000000 0.988646 0.000000 0.011354 
0.000000 0.959304 0.000000 0.040696 
0.000000 0.921722 0.000128 0.078150 
0.000000 0.949798 0.000015 0.050187 
0.000000 0.863727 0.012050 0.124223 
0.000000 0.477660 0.000187 0.522153 
0.000000 0.391647 0.000021 0.608332 
0.000000 0.451715 0.000000 0.548285 
0.000000 0.992866 0.000000 0.007134 
0.000000 0.973610 0.000000 0.026389 
0.000000 0.999995 0.000000 0.000005 
0.000000 0.781924 0.000000 0.218076 
0.000000 0.338236 0.000000 0.661764 
0.000000 0.914337 0.000000 0.085663 
0.000000 0.654536 0.000000 0.345464 
0.000000 0.567995 0.000000 0.432005 
0.000000 0.975630 0.000000 0.024370 
0.000000 0.992331 0.000000 0.007669 
0.000000 0.999987 0.000000 0.000013 
0.000000 0.871258 0.000012 0.128730 
0.000000 0.655973 0.000051 0.343976 
0.000000 0.775567 0.005703 0.218730 
0.000000 0.573423 0.000307 0.426271 
0.000000 0.359283 0.045081 0.595636 
0.000000 0.504301 0.000034 0.495665 
0.000000 0.413701 0.000002 0.586298 
0.000000 0.500117 0.000032 0.499851 
0.000000 0.999992 0.000008 0.000000 
0.000000 0.999978 0.000020 0.000003 
0.000000 0.999980 0.000002 0.000017 
0.000000 0.999996 0.000000 0.000004 
0.000000 0.453933 0.000000 0.546067 
0.000000 0.207747 0.000000 0.792253 
0.000000 0.961438 0.000000 0.038562 
0.000000 0.931342 0.000000 0.068658 
0.000000 0.999913 0.000000 0.000087 
0.000000 0.918609 0.000000 0.081391 
0.000000 0.897050 0.000000 0.102950 
0.000000 0.990175 0.000000 0.009825 
0.000000 0.996100 0.000000 0.003900 
0.000000 1.000000 0.000000 0.000000 
0.000000 0.999700 0.000000 0.000300 
0.000000 1.000000 0.000000 0.000000 
0.000000 1.000000 0.000000 0.000000 
0.000000 0.979366 0.000000 0.020634 
0.000000 0.578168 0.000000 0.421832 
0.000000 0.985474 0.000001 0.014525 
0.000000 0.996356 0.000472 0.003171 
0.000000 0.996112 0.002931 0.000957 
0.000000 0.998215 0.001780 0.000006 
0.000000 0.999946 0.000052 0.000002 
0.000000 0.999628 0.000372 0.000000 
0.000000 0.999996 0.000004 0.000000 
0.000000 0.998257 0.001743 0.000000 
0.000000 0.999959 0.000041 0.000000 
0.000000 0.999994 0.000006 0.000000 
0.000000 0.998914 0.001086 0.000000 
0.000000 0.999939 0.000061 0.000000 
0.000000 0.999649 0.000351 0.000000 
0.000000 0.999531 0.000469 0.000000 
0.000000 0.998051 0.001949 0.000000 
0.000000 0.998657 0.001343 0.000000 
0.000000 0.999994 0.000006 0.000000 
0.000000 0.999984 0.000016 0.000000 
0.000000 0.999947 0.000053 0.000000 
0.000000 0.999999 0.000001 0.000001 
0.000000 0.999998 0.000001 0.000002 
0.000000 1.000000 0.000000 0.000000 
0.000000 0.999993 0.000000 0.000007 
0.000000 0.999997 0.000000 0.000003 
0.000000 0.999996 0.000000 0.000004 
0.000000 0.999976 0.000000 0.000024 
0.000000 1.000000 0.000000 0.000000 
0.000000 1.000000 0.000000 0.000000 
0.000000 0.995935 0.000000 0.004065 
0.000000 0.989260 0.000000 0.010740 
0.000000 0.998328 0.000000 0.001672 
0.000000 0.999985 0.000000 0.000015 
0.000000 0.999999 0.000000 0.000001 
0.000000 1.000000 0.000000 0.000000 
0.000000 1.000000 0.000000 0.000000 
0.000000 1.000000 0.000000 0.000000 
0.000000 1.000000 0.000000 0.000000 
0.000000 1.000000 0.000000 0.000000 
0.000000 1.000000 0.000000 0.000000 
0.000000 1.000000 0.000000 0.000000 
0.000000 0.999994 0.000000 0.000006 
0.000000 0.998402 0.000000 0.001598 
0.000000 0.998796 0.000000 0.001204 
0.000000 0.989239 0.000000 0.010761 
0.000000 0.998973 0.000000 0.001027 
0.000000 1.000000 0.000000 0.000000 
0.000000 1.000000 0.000000 0.000000 
0.000000 0.999999 0.000000 0.000001 
0.000000 1.000000 0.000000 0.000000 
0.000000 0.999999 0.000000 0.000001 
0.000000 0.999307 0.000000 0.000693 
0.000000 0.988548 0.000000 0.011452 
0.000000 0.937175 0.000000 0.062825 
0.000000 0.999572 0.000000 0.000428 
0.000000 0.995500 0.000000 0.004500 
0.000000 0.767299 0.000000 0.232701 
0.000000 0.980460 0.000000 0.019540 
0.000000 0.444294 0.000000 0.555706 
0.000000 0.999731 0.000000 0.000269 
0.000000 0.999999 0.000000 0.000001 
0.000000 0.738862 0.000000 0.261138 
0.000000 0.494925 0.000000 0.505075 
0.000000 0.454152 0.000000 0.545848 
0.000000 0.815655 0.000000 0.184345 
0.000000 0.991095 0.000000 0.008905 
0.000000 0.926221 0.000000 0.073779 
0.000000 0.036546 0.000000 0.963454 
0.000000 0.006281 0.000000 0.993719 
0.000000 0.013547 0.000000 0.986453 
0.000000 0.000307 0.000000 0.999693 
0.000000 0.400304 0.000000 0.599696 
0.000000 0.215226 0.000000 0.784774 
0.000000 0.999158 0.000000 0.000842 
0.000000 1.000000 0.000000 0.000000 
0.000000 0.999852 0.000137 0.000011 
0.000000 0.998801 0.001199 0.000000 
0.000000 0.999994 0.000006 0.000000 
0.000000 0.999984 0.000016 0.000000 
0.000000 0.999999 0.000001 0.000000 
0.000000 0.999992 0.000008 0.000000 
0.000000 0.999816 0.000184 0.000000 
0.000000 0.999995 0.000005 0.000000 
0.000000 0.999995 0.000000 0.000005 
0.000000 1.000000 0.000000 0.000000 
0.000000 1.000000 0.000000 0.000000 
0.000000 1.000000 0.000000 0.000000 
0.000000 1.000000 0.000000 0.000000 
0.000000 1.000000 0.000000 0.000000 
0.000000 1.000000 0.000000 0.000000 
0.000000 1.000000 0.000000 0.000000 
0.000000 0.999996 0.000004 0.000000 
0.000000 0.992247 0.007753 0.000000 
0.000000 0.863888 0.136112 0.000000 
0.000000 0.994554 0.005446 0.000000 
0.000000 0.939993 0.054545 0.005462 
0.000000 0.798533 0.200278 0.001189 
0.000000 0.352101 0.270546 0.377353 
0.000000 0.150963 0.292348 0.556689 
0.000000 0.407398 0.111393 0.481210 
0.000000 0.409017 0.164338 0.426645 
0.000000 0.995828 0.004061 0.000110 
0.000000 0.660837 0.339163 0.000000 
0.000000 0.638560 0.361440 0.000000 
0.000000 0.947183 0.052817 0.000000 
0.000000 0.661998 0.338002 0.000000 
0.000000 0.368785 0.631215 0.000000 
0.000000 0.312255 0.687745 0.000000 
0.000000 0.507014 0.492986 0.000000 
0.000000 0.401252 0.569518 0.029229 
0.000000 0.319401 0.680585 0.000014 
0.000000 0.199311 0.800689 0.000000 
0.000000 0.101559 0.898440 0.000001 
0.000000 0.006079 0.993921 0.000000 
0.000000 0.286577 0.713423 0.000000 
0.000000 0.682513 0.317485 0.000002 
0.000000 0.072029 0.927971 0.000000 
0.000000 0.091908 0.908092 0.000000 
0.000000 0.016107 0.901244 0.082648 
0.000000 0.149951 0.349675 0.500373 
0.000000 0.451304 0.083544 0.465152 
0.000000 0.343525 0.113571 0.542904 
0.000000 0.333038 0.147240 0.519722 
0.000000 0.355958 0.028771 0.615271 
0.000000 0.525851 0.001564 0.472585 
0.000000 0.498679 0.008025 0.493297 
0.000000 0.477602 0.009088 0.513310 
0.000000 0.985986 0.007126 0.006887 
0.000000 0.880606 0.071866 0.047528 
0.000000 0.982478 0.017516 0.000005 
0.000000 0.328616 0.671380 0.000004 
0.000000 0.207563 0.792348 0.000090 
0.000000 0.629791 0.357863 0.012346 
0.000000 0.331511 0.606344 0.062146 
0.000000 0.169448 0.607843 0.222708 
0.000000 0.497261 0.464206 0.038533 
0.000000 0.477881 0.454309 0.067810 
0.000000 0.503464 0.494341 0.002196 
0.000000 0.222272 0.640781 0.136947 
0.000000 0.065986 0.449186 0.484828 
0.000000 0.005910 0.588634 0.405456 
0.000000 0.008113 0.991887 0.000000 
0.000000 0.013704 0.986296 0.000000 
0.000000 0.003906 0.996094 0.000000 
0.000000 0.003734 0.996266 0.000000 
0.000000 0.007648 0.992352 0.000000 
0.000000 0.031556 0.968444 0.000000 
0.000000 0.280830 0.719170 0.000000 
0.000000 0.501886 0.498113 0.000000 
0.000000 0.042497 0.957503 0.000000 
0.000000 0.082088 0.917912 0.000000 
0.000000 0.271937 0.728063 0.000000 
0.000000 0.447171 0.552829 0.000000 
0.000000 0.439603 0.560397 0.000000 
0.000000 0.988478 0.011522 0.000000 
0.000000 0.999982 0.000018 0.000000 
0.000000 0.999891 0.000109 0.000000 
0.000000 0.180562 0.816968 0.002469 
0.000000 0.516413 0.483586 0.000000 
0.000000 0.177318 0.411748 0.410934 
0.000000 0.435531 0.000821 0.563648 
0.000000 0.854683 0.000000 0.145317 
0.000000 0.615088 0.000000 0.384912 
0.000000 0.452957 0.000001 0.547043 
0.000000 0.944811 0.000000 0.055189 
0.000000 0.989918 0.000000 0.010082 
0.000000 0.997080 0.000000 0.002920 
0.000000 0.788677 0.000000 0.211323 
0.000000 0.512063 0.000000 0.487937 
0.000000 0.317826 0.000000 0.682174 
0.000000 0.832583 0.000000 0.167417 
0.000000 0.337302 0.000000 0.662698 
0.000000 0.756532 0.000000 0.243468 
0.000000 0.760680 0.000000 0.239320 
0.000000 0.966186 0.000000 0.033814 
0.000000 1.000000 0.000000 0.000000 
0.000000 0.999998 0.000000 0.000002 
0.000000 0.963932 0.000000 0.036068 
0.000000 0.992592 0.000000 0.007408 
0.000000 0.999946 0.000000 0.000054 
0.000000 0.992495 0.004247 0.003258 
0.000000 0.498299 0.000000 0.501701 
0.000000 0.496416 0.000001 0.503583 
0.000000 0.673529 0.000000 0.326471 
0.000000 0.999997 0.000000 0.000003 
0.000000 0.999992 0.000000 0.000008 
0.000000 0.996302 0.000000 0.003698 
0.000000 0.484938 0.000000 0.515062 
0.000000 0.596522 0.000000 0.403478 
0.000000 0.340499 0.000000 0.659501 
0.000000 0.761059 0.000000 0.238941 
0.000000 0.411972 0.000000 0.588028 
0.000000 0.965908 0.000000 0.034092 
0.000000 0.999717 0.000000 0.000283 
0.000000 0.988976 0.000000 0.011024 
0.000000 0.492922 0.000000 0.507078 
0.000000 0.659656 0.000048 0.340296 
0.000000 0.653562 0.000000 0.346438 
0.000000 0.854058 0.000000 0.145942 
0.000000 0.319901 0.037701 0.642398 
0.000000 0.407793 0.065851 0.526356 
0.000000 0.924772 0.000189 0.075039 
0.000000 0.471957 0.000007 0.528036 
0.000000 0.390649 0.000000 0.609351 
0.000000 0.961091 0.000000 0.038909 
0.000000 0.900407 0.000000 0.099593 
0.000000 0.520920 0.000000 0.479080 
0.000000 0.502025 0.000000 0.497975 
0.000000 0.504760 0.000000 0.495240 
0.000000 0.838590 0.000000 0.161410 
0.000000 0.497639 0.000000 0.502361 
0.000000 0.653250 0.000000 0.346750 
0.000000 0.588137 0.000000 0.411863 
0.000000 0.421096 0.000000 0.578904 
0.000000 0.513284 0.000000 0.486716 
0.000000 0.323144 0.000000 0.676856 
0.000000 0.760109 0.000000 0.239891 
0.000000 0.967110 0.000000 0.032890 
0.000000 0.969819 0.000000 0.030181 
0.000000 0.996534 0.000000 0.003466 
0.000000 0.997983 0.000000 0.002017 
0.000000 0.996497 0.000000 0.003503 
0.000000 0.999394 0.000000 0.000606 
0.000000 0.214825 0.000000 0.785175 
0.000000 0.019298 0.000026 0.980677 
0.000000 0.068785 0.000000 0.931215 
0.000000 0.518589 0.000000 0.481411 
0.000000 0.417423 0.000000 0.582577 
0.000000 0.954849 0.000000 0.045151 
0.000000 0.298794 0.000000 0.701206 
0.000000 0.500769 0.000000 0.499231 
0.000000 0.631457 0.000000 0.368543 
0.000000 0.937574 0.000000 0.062426 
0.000000 0.995828 0.000000 0.004172 
0.000000 0.989702 0.000000 0.010298 
0.000000 0.992203 0.000000 0.007797 
0.000000 0.359873 0.000000 0.640127 
0.000000 0.845287 0.000000 0.154713 
0.000000 0.814735 0.000000 0.185265 
0.000000 0.464716 0.000000 0.535284 
0.000000 0.015161 0.000000 0.984839 
0.000000 0.446699 0.000000 0.553301 
0.000000 0.193241 0.000000 0.806759 
0.000000 0.080805 0.000000 0.919195 
0.000000 0.307760 0.000000 0.692240 
0.000000 0.000017 0.000000 0.999983 
0.000000 0.000000 0.000000 1.000000 
0.000000 0.000000 0.000000 1.000000 
0.000000 0.000000 0.000000 1.000000 
0.000000 0.000002 0.000000 0.999998 
0.000000 0.000000 0.000000 1.000000 
0.000000 0.000000 0.000000 1.000000 
0.000000 0.000000 0.000000 1.000000 
0.000043 0.000000 0.000000 0.999957 
0.349543 0.000000 0.000000 0.650457 
0.021857 0.000000 0.000000 0.978143 
0.000014 0.000018 0.000000 0.999968 
0.000000 0.000000 0.000000 1.000000 
0.000000 0.000000 0.000000 1.000000 
0.000000 0.000000 0.000000 1.000000 
0.000000 0.000010 0.000000 0.999990 
0.000000 0.000000 0.000000 1.000000 
0.000010 0.000000 0.000000 0.999990 
0.000000 0.000000 0.000000 1.000000 
0.000000 0.000000 0.000000 1.000000 
0.000000 0.000000 0.000000 1.000000 
0.000000 0.000000 0.000000 1.000000 
0.000000 0.000000 0.000000 1.000000 
0.000018 0.000000 0.000116 0.999866 
0.000001 0.000000 0.940206 0.059794 
0.000000 0.000000 0.999980 0.000020 
0.000000 0.000000 0.999997 0.000003 
0.000000 0.000000 0.999998 0.000002 
0.000000 0.000000 1.000000 0.000000 
0.000000 0.000000 0.999999 0.000001 
0.000000 0.000000 0.999999 0.000001 
0.000000 0.000000 0.984309 0.015691 
0.000000 0.000000 0.635817 0.364183 
0.000000 0.000000 0.545063 0.454937 
0.000000 0.000000 0.566550 0.433450 
0.000000 0.000000 0.459661 0.540339 
0.000000 0.000000 0.285332 0.714668 
0.000000 0.000000 0.023409 0.976591 
0.000000 0.000000 0.015897 0.984103 
0.000000 0.000000 0.008888 0.991112 
0.000000 0.000000 0.006065 0.993935 
0.000000 0.000000 0.698428 0.301572 
0.000000 0.000000 0.008027 0.991973 
0.000000 0.000000 0.058277 0.941723 
0.000000 0.000000 0.992060 0.007940 
0.000000 0.000000 0.874845 0.125155 
0.000000 0.000000 0.517130 0.482870 
0.000000 0.000000 0.348039 0.651961 
0.000000 0.000000 0.129628 0.870372 
0.000000 0.000000 0.647031 0.352969 
0.000000 0.000000 0.114186 0.885814 
0.000000 0.000000 0.465417 0.534583 
0.000000 0.000000 0.674279 0.325721 
0.000000 0.000000 0.453065 0.546935 
0.000000 0.000000 0.411427 0.588573 
0.000000 0.000000 0.240719 0.759281 
0.000000 0.000000 0.373857 0.626143 
0.000000 0.000000 0.232126 0.767874 
0.000000 0.000013 0.828317 0.171670 
0.000000 0.000588 0.433276 0.566136 
0.000000 0.000006 0.948279 0.051715 
0.000000 0.000000 0.384363 0.615637 
0.000000 0.000000 0.527584 0.472415 
0.000000 0.000000 0.464470 0.535530 
0.000000 0.000000 0.520937 0.479063 
0.000000 0.000000 0.087329 0.912671 
0.000000 0.000000 0.368629 0.631371 
0.000000 0.000000 0.479025 0.520975 
0.000000 0.000000 0.948777 0.051223 
0.000000 0.000000 0.999072 0.000928 
0.000000 0.000000 0.998093 0.001907 
0.000000 0.000000 0.999961 0.000039 
0.000000 0.000000 0.832534 0.167466 
0.000000 0.000000 0.999011 0.000989 
0.000000 0.000000 0.987735 0.012265 
0.000000 0.000000 0.087456 0.912544 
0.000000 0.000000 0.315144 0.684856 
0.000000 0.000003 0.134402 0.865595 
0.000000 0.000001 0.454834 0.545164 
0.000000 0.000448 0.780700 0.218852 
0.000000 0.003508 0.647488 0.349004 
0.000000 0.343766 0.526208 0.130025 
0.000000 0.010804 0.311214 0.677982 
0.000000 0.000000 0.542164 0.457836 
0.000000 0.000000 0.283584 0.716416 
0.000000 0.000000 0.952157 0.047843 
0.000000 0.000000 0.761245 0.238755 
0.000000 0.000000 0.104399 0.895601 
0.000000 0.000000 0.980279 0.019721 
0.000000 0.000000 0.920418 0.079582 
0.000000 0.000000 0.995850 0.004150 
0.000000 0.000000 0.999973 0.000027 
0.000000 0.000001 0.999786 0.000213 
0.000000 0.002816 0.997167 0.000017 
0.000000 0.010212 0.989787 0.000000 
0.000000 0.000020 0.999980 0.000000 
0.000000 0.000000 1.000000 0.000000 
0.000000 0.000000 1.000000 0.000000 
0.000000 0.000030 0.999970 0.000000 
0.000000 0.000000 1.000000 0.000000 
0.000000 0.000002 0.999998 0.000000 
0.000000 0.000000 1.000000 0.000000 
0.000000 0.000001 0.998893 0.001106 
0.000000 0.000026 0.999130 0.000844 
0.000000 0.150551 0.849092 0.000357 
0.000000 0.501738 0.498186 0.000075 
0.000000 0.686199 0.312177 0.001624 
