0.254184 0.253269 0.237990 0.254558 
0.266094 0.266467 0.209474 0.257965 
0.327230 0.325975 0.020738 0.326057 
0.340556 0.327563 0.000082 0.331799 
0.345196 0.317345 0.000001 0.337459 
0.352546 0.308287 0.000009 0.339158 
0.369357 0.308247 0.000000 0.322396 
0.387438 0.334366 0.000005 0.278191 
0.397184 0.327470 0.016704 0.258642 
0.393155 0.334007 0.000030 0.272808 
0.408646 0.321618 0.001023 0.268713 
0.406789 0.323812 0.000186 0.269212 
0.420005 0.307975 0.000810 0.271210 
0.426403 0.324267 0.207850 0.041480 
0.430166 0.321507 0.047660 0.200667 
0.439694 0.310860 0.121426 0.128020 
0.438942 0.312027 0.124329 0.124702 
0.444770 0.290226 0.065692 0.199312 
0.448180 0.162374 0.100785 0.288661 
0.432742 0.211171 0.056628 0.299459 
0.444286 0.185284 0.158672 0.211758 
0.447352 0.284109 0.202157 0.066382 
0.437215 0.293127 0.208267 0.061391 
0.444303 0.283834 0.037513 0.234350 
0.441398 0.303862 0.144261 0.110478 
0.426700 0.262783 0.007589 0.302928 
0.397231 0.261999 0.000137 0.340632 
0.385162 0.267414 0.000019 0.347404 
0.387538 0.276641 0.000014 0.335807 
0.396191 0.281333 0.000141 0.322336 
0.390495 0.302673 0.000001 0.306831 
0.395864 0.288237 0.000013 0.315886 
0.395745 0.287869 0.000009 0.316377 
0.407489 0.329408 0.000709 0.262394 
0.418431 0.303912 0.000382 0.277274 
0.412869 0.284503 0.000105 0.302524 
0.418138 0.266789 0.001184 0.313889 
0.408201 0.266635 0.000483 0.324681 
0.438490 0.248418 0.021071 0.292020 
0.435731 0.147016 0.108826 0.308427 
0.420912 0.229925 0.017537 0.331626 
0.433940 0.244396 0.016991 0.304674 
0.423132 0.255175 0.005214 0.316480 
0.427316 0.256744 0.007107 0.308833 
0.439410 0.106194 0.286475 0.167921 
0.437296 0.143675 0.308709 0.110319 
0.443186 0.202530 0.290637 0.063648 
0.445310 0.087182 0.290908 0.176599 
0.451082 0.176526 0.121103 0.251288 
0.455469 0.158707 0.210678 0.175146 
0.455880 0.196766 0.175609 0.171744 
0.455640 0.166016 0.186800 0.191544 
0.457097 0.173765 0.188751 0.180386 
0.455170 0.161840 0.209805 0.173185 
0.449444 0.104806 0.173587 0.272162 
0.442323 0.048873 0.293902 0.214902 
0.443889 0.096542 0.296005 0.163564 
0.447291 0.095109 0.289335 0.168266 
0.452206 0.137236 0.225991 0.184567 
0.457775 0.170323 0.167859 0.204043 
0.457365 0.157980 0.192475 0.192180 
0.450184 0.067872 0.218883 0.263062 
0.441565 0.023651 0.249338 0.285447 
0.434309 0.233434 0.025848 0.306409 
0.427305 0.191703 0.050746 0.330246 
0.437362 0.032108 0.226995 0.303535 
0.427968 0.002124 0.277606 0.292301 
0.456817 0.231885 0.156603 0.154695 
0.457165 0.213236 0.153728 0.175871 
0.446174 0.180433 0.080987 0.292405 
0.392295 0.060094 0.177753 0.369857 
0.397513 0.011511 0.232254 0.358721 
0.350301 0.052079 0.127331 0.470288 
0.268702 0.047521 0.068501 0.615276 
0.386713 0.187277 0.020732 0.405278 
0.438295 0.247938 0.026159 0.287608 
0.435335 0.257646 0.022256 0.284764 
0.415685 0.267922 0.000650 0.315743 
0.420153 0.269909 0.001854 0.308083 
0.352673 0.212078 0.000204 0.435044 
0.424780 0.247431 0.009366 0.318423 
0.385457 0.219088 0.004742 0.390713 
0.350544 0.181026 0.006380 0.462050 
0.282433 0.132807 0.003929 0.580830 
0.235171 0.115289 0.001977 0.647563 
0.291876 0.144033 0.002944 0.561147 
0.307746 0.161679 0.005996 0.524578 
0.356170 0.208211 0.000582 0.435036 
0.379002 0.226046 0.001002 0.393950 
0.360091 0.227422 0.000093 0.412394 
0.384579 0.259475 0.000078 0.355867 
0.404068 0.271835 0.000115 0.323982 
0.362976 0.210644 0.008492 0.417888 
0.427754 0.286170 0.001120 0.284956 
0.428658 0.296706 0.009878 0.264758 
0.429620 0.283399 0.001578 0.285403 
0.441534 0.273797 0.023979 0.260689 
0.450728 0.266453 0.081678 0.201141 
0.449934 0.277934 0.094729 0.177403 
0.454791 0.221329 0.207630 0.116249 
0.447060 0.275015 0.234602 0.043323 
0.429983 0.283544 0.283487 0.002986 
0.420420 0.289147 0.290215 0.000218 
0.431758 0.296717 0.266778 0.004748 
0.427460 0.280128 0.002672 0.289740 
0.433831 0.274137 0.005086 0.286946 
0.429403 0.265178 0.005904 0.299516 
0.432572 0.204676 0.046614 0.316139 
0.439118 0.224189 0.050640 0.286053 
0.421739 0.179549 0.061013 0.337700 
0.398416 0.010959 0.230342 0.360282 
0.401375 0.005822 0.235570 0.357233 
0.411593 0.043814 0.206988 0.337605 
0.402373 0.002812 0.256325 0.338489 
0.440560 0.071293 0.198268 0.289879 
0.419645 0.231121 0.017041 0.332194 
0.408886 0.173138 0.068961 0.349015 
0.398123 0.041795 0.179693 0.380390 
0.381541 0.000307 0.240073 0.378079 
0.398508 0.001821 0.241536 0.358135 
0.403403 0.076403 0.137608 0.382587 
0.414300 0.117192 0.104996 0.363511 
0.395083 0.051926 0.173845 0.379146 
0.412148 0.101281 0.130213 0.356358 
0.399384 0.020840 0.203757 0.376020 
0.401812 0.062636 0.153976 0.381575 
0.398041 0.119991 0.091690 0.390279 
0.397930 0.131095 0.076682 0.394293 
0.404440 0.116867 0.095128 0.383565 
0.398088 0.111014 0.110655 0.380242 
0.386698 0.001446 0.231219 0.380637 
0.412807 0.000484 0.271427 0.315282 
0.427712 0.034630 0.215016 0.322642 
0.445244 0.050242 0.255622 0.248892 
0.451340 0.181209 0.111121 0.256329 
0.452344 0.265661 0.141110 0.140885 
0.455950 0.231203 0.176954 0.135893 
0.436378 0.213786 0.308072 0.041764 
0.408591 0.067626 0.364568 0.159215 
0.410797 0.012243 0.350065 0.226894 
0.410266 0.004011 0.341484 0.244239 
0.413227 0.044206 0.348175 0.194391 
0.427617 0.100185 0.336406 0.135791 
0.353555 0.000000 0.297259 0.349186 
0.308292 0.000097 0.211720 0.479891 
0.344331 0.000005 0.236409 0.419256 
0.388645 0.000001 0.315237 0.296117 
0.262677 0.000000 0.216636 0.520687 
0.242476 0.000000 0.213373 0.544151 
0.259896 0.000000 0.247750 0.492355 
0.275504 0.000000 0.247592 0.476904 
0.246616 0.000000 0.224014 0.529371 
0.283594 0.000000 0.272915 0.443491 
0.330616 0.000000 0.323897 0.345487 
0.292699 0.000000 0.292519 0.414781 
0.333745 0.000000 0.328378 0.337877 
0.364003 0.000001 0.364034 0.271962 
0.358162 0.000000 0.354803 0.287035 
0.372192 0.000015 0.372710 0.255083 
0.372640 0.000017 0.373599 0.253744 
0.310089 0.000000 0.307928 0.381983 
0.337997 0.000000 0.328883 0.333120 
0.373557 0.000000 0.320399 0.306044 
0.403477 0.073371 0.377495 0.145657 
0.400264 0.014044 0.372415 0.213277 
0.369152 0.000001 0.352479 0.278369 
0.308750 0.000000 0.299437 0.391812 
0.345519 0.000000 0.348171 0.306310 
0.393858 0.017035 0.384521 0.204585 
0.385064 0.000582 0.376086 0.238268 
0.367690 0.000001 0.362119 0.270190 
0.402716 0.006346 0.359410 0.231529 
0.402451 0.006217 0.358335 0.232997 
0.373363 0.000000 0.293905 0.332731 
0.335621 0.000007 0.224182 0.440190 
0.434458 0.013737 0.253093 0.298711 
0.441153 0.129195 0.128310 0.301342 
0.444871 0.173553 0.090528 0.291047 
0.455438 0.147375 0.193792 0.203395 
0.451130 0.083881 0.244660 0.220330 
0.449298 0.162244 0.135039 0.253419 
0.438883 0.277382 0.054846 0.228889 
0.415494 0.239625 0.010317 0.334565 
0.209791 0.053643 0.034087 0.702479 
0.158567 0.007974 0.058773 0.774686 
0.216463 0.005437 0.090327 0.687773 
0.061020 0.010013 0.013792 0.915174 
0.063921 0.012396 0.011995 0.911687 
0.114528 0.007325 0.038739 0.839408 
0.095094 0.003999 0.035407 0.865500 
0.058227 0.000516 0.025360 0.915897 
0.026790 0.000262 0.012147 0.960801 
0.168685 0.055978 0.018405 0.756933 
0.187705 0.059953 0.022127 0.730215 
0.255025 0.051664 0.057933 0.635378 
0.144459 0.027815 0.027783 0.799944 
0.149883 0.002894 0.062211 0.785011 
0.204742 0.031026 0.049339 0.714893 
0.216695 0.037866 0.047336 0.698103 
0.207249 0.057193 0.025934 0.709624 
0.224117 0.042430 0.045868 0.687586 
0.275246 0.041486 0.077506 0.605762 
0.283272 0.100980 0.023856 0.591892 
0.345347 0.114829 0.049294 0.490530 
0.362800 0.122266 0.055094 0.459840 
0.452389 0.154334 0.172201 0.221076 
0.445781 0.196611 0.068130 0.289478 
0.437150 0.025752 0.284245 0.252853 
0.446584 0.123426 0.292704 0.137287 
0.444911 0.249285 0.276506 0.029297 
0.443781 0.271743 0.046641 0.237834 
0.411984 0.290479 0.000055 0.297482 
0.441793 0.296853 0.048680 0.212673 
0.439041 0.308663 0.075459 0.176836 
0.436353 0.319160 0.122271 0.122215 
0.426890 0.313763 0.200375 0.058972 
0.426061 0.319238 0.208520 0.046181 
0.410446 0.295714 0.000461 0.293380 
0.445670 0.298214 0.121458 0.134658 
0.434876 0.286762 0.007612 0.270750 
0.445208 0.292643 0.081374 0.180774 
0.446976 0.294745 0.138949 0.119330 
0.450799 0.280287 0.142699 0.126215 
0.448348 0.277324 0.168761 0.105567 
0.447984 0.104047 0.243477 0.204493 
0.426231 0.025779 0.225388 0.322602 
0.433819 0.017505 0.251802 0.296873 
0.441724 0.154946 0.101844 0.301486 
0.453561 0.161403 0.248434 0.136602 
0.443710 0.086151 0.174043 0.296096 
0.452000 0.125064 0.257706 0.165230 
0.441344 0.057977 0.296295 0.204384 
0.432117 0.002877 0.282062 0.282943 
0.416518 0.013959 0.230789 0.338734 
0.355787 0.000002 0.254194 0.390017 
0.392736 0.000493 0.359915 0.246856 
0.408063 0.104589 0.375510 0.111838 
0.371505 0.000296 0.397263 0.230935 
0.378724 0.007914 0.403438 0.209924 
0.320610 0.000000 0.404083 0.275307 
0.310925 0.000000 0.381057 0.308018 
0.395600 0.000006 0.305806 0.298588 
0.439781 0.214312 0.297216 0.048690 
0.417169 0.118960 0.347873 0.115998 
0.403185 0.017760 0.365362 0.213694 
0.400267 0.000008 0.303704 0.296020 
0.415722 0.002347 0.325178 0.256753 
0.362484 0.000000 0.310191 0.327324 
0.426889 0.000835 0.285027 0.287249 
0.336313 0.079873 0.074082 0.509733 
0.370888 0.073118 0.109672 0.446323 
0.363427 0.094355 0.082183 0.460036 
0.271463 0.001564 0.131707 0.595266 
0.254028 0.000018 0.147382 0.598572 
0.271498 0.000002 0.176717 0.551783 
0.252582 0.000039 0.141347 0.606032 
0.352748 0.000065 0.222901 0.424286 
0.225309 0.000000 0.264993 0.509699 
0.281657 0.000000 0.484660 0.233683 
0.214119 0.000000 0.529904 0.255977 
0.231569 0.000000 0.520569 0.247862 
0.296668 0.000151 0.534058 0.169124 
0.360659 0.002355 0.433806 0.203180 
0.322808 0.069837 0.531390 0.075965 
0.294429 0.035320 0.572741 0.097510 
0.280290 0.000086 0.561373 0.158252 
0.245710 0.000207 0.623440 0.130642 
0.268240 0.000397 0.590640 0.140724 
0.235022 0.006320 0.650839 0.107818 
0.268779 0.000063 0.576785 0.154373 
0.333907 0.000005 0.441409 0.224679 
0.366399 0.000005 0.373861 0.259735 
0.345394 0.000072 0.436711 0.217823 
0.341396 0.002560 0.472754 0.183290 
0.349904 0.000008 0.412707 0.237382 
0.376837 0.003406 0.406305 0.213452 
0.421633 0.005734 0.302824 0.269808 
0.424382 0.009659 0.317659 0.248300 
0.398445 0.028507 0.381354 0.191694 
0.362940 0.018832 0.445691 0.172537 
0.317403 0.015631 0.532304 0.134663 
0.272219 0.023144 0.609288 0.095350 
0.169698 0.001009 0.753158 0.076135 
0.348293 0.051094 0.483796 0.116817 
0.335095 0.005176 0.492010 0.167719 
0.345668 0.006848 0.474815 0.172669 
0.278665 0.055097 0.603175 0.063062 
0.288005 0.001183 0.564347 0.146465 
0.315270 0.000022 0.488825 0.195883 
0.284744 0.000050 0.549656 0.165550 
0.336319 0.005517 0.486369 0.171794 
0.220187 0.001572 0.677747 0.100494 
0.274684 0.009869 0.597266 0.118181 
0.313442 0.004625 0.529428 0.152505 
0.339371 0.005035 0.470408 0.185186 
0.329013 0.181804 0.486467 0.002716 
0.399198 0.201841 0.373674 0.025288 
0.383656 0.221297 0.392362 0.002685 
0.380539 0.153981 0.418777 0.046703 
0.442180 0.041223 0.224329 0.292268 
0.444215 0.083331 0.180607 0.291847 
0.447044 0.119271 0.140656 0.293030 
0.438873 0.123993 0.128235 0.308899 
0.431083 0.249859 0.016325 0.302733 
0.436461 0.258610 0.011317 0.293612 
0.430355 0.324216 0.086946 0.158483 
0.424700 0.341098 0.100627 0.133575 
0.416702 0.355523 0.090033 0.137742 
0.380180 0.416314 0.041885 0.161620 
0.369483 0.442193 0.037053 0.151270 
0.378856 0.429405 0.078598 0.113142 
0.327992 0.482095 0.000319 0.189595 
0.289900 0.584901 0.079548 0.045651 
0.285437 0.576144 0.129804 0.008615 
0.337159 0.496446 0.149762 0.016632 
0.321715 0.512164 0.003910 0.162211 
0.330369 0.514094 0.034287 0.121250 
0.298089 0.573528 0.058998 0.069385 
0.269526 0.616323 0.037622 0.076528 
0.315568 0.543291 0.062597 0.078544 
0.335863 0.506167 0.094557 0.063413 
0.359837 0.459565 0.139675 0.040923 
0.394424 0.400285 0.108142 0.097148 
0.357674 0.473116 0.084961 0.084249 
0.365689 0.445069 0.031474 0.157768 
0.354555 0.468823 0.025890 0.150732 
0.332747 0.471373 0.000164 0.195717 
0.350827 0.483529 0.089265 0.076380 
0.366911 0.446483 0.032270 0.154336 
0.377840 0.404711 0.080394 0.137055 
0.402812 0.378632 0.177262 0.041294 
0.384779 0.388368 0.223962 0.002891 
0.332990 0.486311 0.001344 0.179354 
0.294610 0.504576 0.000001 0.200813 
0.280553 0.527250 0.000000 0.192196 
0.283642 0.464746 0.000000 0.251611 
0.264924 0.276740 0.000000 0.458336 
0.330606 0.325346 0.000000 0.344048 
0.357282 0.335969 0.000000 0.306749 
0.403677 0.311330 0.000031 0.284962 
0.424267 0.329266 0.176434 0.070033 
0.410034 0.353130 0.218151 0.018686 
0.393941 0.383724 0.212295 0.010040 
0.376470 0.409963 0.011688 0.201879 
0.339826 0.458824 0.000395 0.200955 
0.380176 0.405627 0.140931 0.073266 
0.409275 0.359942 0.115334 0.115449 
0.440452 0.293050 0.038730 0.227768 
0.452738 0.257827 0.140785 0.148650 
0.436151 0.298327 0.025693 0.239828 
0.441175 0.303024 0.142304 0.113497 
0.426603 0.305795 0.004046 0.263556 
0.445907 0.296542 0.128064 0.129486 
0.443847 0.297908 0.108235 0.150010 
0.442466 0.257823 0.275080 0.024631 
0.446656 0.075293 0.271523 0.206528 
0.456484 0.158449 0.213480 0.171587 
0.457556 0.194076 0.174126 0.174242 
0.451657 0.136224 0.136242 0.275877 
0.451652 0.180777 0.176432 0.191139 
0.440149 0.080025 0.211644 0.268181 
0.435275 0.023542 0.242277 0.298907 
0.398676 0.000011 0.287339 0.313974 
0.407628 0.000088 0.303051 0.289232 
0.407922 0.000449 0.267498 0.324131 
0.401876 0.000019 0.284709 0.313397 
0.385453 0.000015 0.267948 0.346583 
0.395036 0.000160 0.260349 0.344455 
0.407329 0.003708 0.244167 0.344796 
0.403767 0.124368 0.102987 0.368878 
0.411650 0.138566 0.085045 0.364739 
0.416229 0.102123 0.125199 0.356448 
0.423169 0.129337 0.102934 0.344560 
0.424387 0.007309 0.253373 0.314931 
0.428671 0.089896 0.149343 0.332091 
0.420729 0.260629 0.002645 0.315997 
0.439278 0.247147 0.022009 0.291565 
0.416677 0.273478 0.000461 0.309384 
0.414687 0.284763 0.000456 0.300094 
0.407031 0.297327 0.000034 0.295607 
0.403789 0.239052 0.011226 0.345932 
0.371838 0.265976 0.000012 0.362173 
0.382469 0.240635 0.000268 0.376627 
0.398037 0.223448 0.007924 0.370591 
0.398659 0.084561 0.148350 0.368429 
0.408764 0.034056 0.215924 0.341256 
0.400060 0.000458 0.256062 0.343420 
0.404901 0.074470 0.145403 0.375226 
0.398648 0.080644 0.127294 0.393413 
0.398280 0.103102 0.101880 0.396738 
0.386310 0.001433 0.228738 0.383519 
0.396588 0.047295 0.166609 0.389508 
0.396451 0.011495 0.213167 0.378888 
0.400305 0.001699 0.241895 0.356101 
0.410289 0.108997 0.107799 0.372915 
0.405321 0.103441 0.110819 0.380419 
0.403853 0.138401 0.075798 0.381948 
0.394488 0.164472 0.051609 0.389431 
0.390110 0.072745 0.149050 0.388095 
0.396914 0.122539 0.083302 0.397245 
0.403074 0.105466 0.104210 0.387250 
0.405492 0.108202 0.103938 0.382368 
0.422674 0.122505 0.108010 0.346811 
0.426870 0.110937 0.127193 0.335000 
0.431528 0.239220 0.024655 0.304597 
0.442149 0.288185 0.149101 0.120565 
0.440160 0.281391 0.011220 0.267229 
0.452443 0.255144 0.087021 0.205392 
0.442712 0.235752 0.047317 0.274220 
0.386307 0.121934 0.082904 0.408855 
0.434431 0.214473 0.039103 0.311993 
0.443336 0.052886 0.208994 0.294784 
0.436444 0.148847 0.101343 0.313366 
0.346751 0.139958 0.028685 0.484606 
0.420716 0.162038 0.070809 0.346437 
0.422101 0.135180 0.096023 0.346696 
0.374730 0.100206 0.084752 0.440312 
0.417248 0.031500 0.207224 0.344027 
0.403635 0.115006 0.095807 0.385552 
0.403592 0.088637 0.123405 0.384366 
0.400156 0.000011 0.286507 0.313326 
0.344824 0.000002 0.244844 0.410329 
0.281255 0.000452 0.151685 0.566608 
0.289774 0.011213 0.127846 0.571167 
0.329688 0.056936 0.105422 0.507954 
0.358346 0.079110 0.095983 0.466561 
0.332141 0.138677 0.021868 0.507313 
0.365699 0.154621 0.032281 0.447399 
0.360210 0.115448 0.064640 0.459702 
0.289943 0.049046 0.089309 0.571703 
0.234254 0.012723 0.088517 0.664505 
0.313832 0.001106 0.168749 0.516314 
0.358793 0.007916 0.195790 0.437502 
0.443067 0.122221 0.248492 0.186221 
0.449259 0.212317 0.133510 0.204914 
0.450147 0.180262 0.219364 0.150227 
0.449161 0.229001 0.229322 0.092515 
0.455843 0.197306 0.180214 0.166636 
0.455377 0.199865 0.162483 0.182276 
0.456468 0.179386 0.181539 0.182608 
0.450331 0.136007 0.144144 0.269518 
0.454145 0.187559 0.180444 0.177853 
0.450140 0.222940 0.223120 0.103800 
0.448592 0.198184 0.083827 0.269396 
0.455522 0.167159 0.194155 0.183164 
0.447954 0.244410 0.065858 0.241777 
0.450324 0.272895 0.168841 0.107940 
0.429050 0.029308 0.307223 0.234418 
0.442484 0.244820 0.269386 0.043311 
0.411683 0.115353 0.362198 0.110766 
0.376669 0.084712 0.437044 0.101575 
0.413687 0.000524 0.313403 0.272386 
0.380698 0.000005 0.347752 0.271546 
0.408283 0.000022 0.298262 0.293433 
0.425771 0.000688 0.291294 0.282247 
0.448884 0.086225 0.186446 0.278444 
0.453084 0.133476 0.144090 0.269350 
0.455309 0.172626 0.148692 0.223373 
0.455337 0.141812 0.165232 0.237619 
0.439475 0.150131 0.100851 0.309543 
0.419052 0.001829 0.305779 0.273339 
0.426570 0.141650 0.335207 0.096573 
0.421007 0.094266 0.348036 0.136691 
0.433044 0.106638 0.325256 0.135063 
0.410013 0.163637 0.367841 0.058509 
0.363312 0.094227 0.460849 0.081612 
0.333528 0.109950 0.511230 0.045292 
0.367133 0.088211 0.455038 0.089618 
0.379097 0.012406 0.414042 0.194454 
0.358787 0.000000 0.356250 0.284963 
0.381946 0.000119 0.365033 0.252902 
0.392064 0.000001 0.297996 0.309938 
0.451665 0.129231 0.150035 0.269069 
0.443178 0.030458 0.248725 0.277639 
0.430814 0.007563 0.258533 0.303090 
0.441397 0.032985 0.231329 0.294289 
0.431358 0.006074 0.261744 0.300824 
0.408212 0.001334 0.254305 0.336149 
0.429412 0.011945 0.247447 0.311196 
0.432804 0.003446 0.272195 0.291555 
0.412751 0.000043 0.293987 0.293220 
0.425417 0.043715 0.332198 0.198670 
0.443020 0.123952 0.304141 0.128887 
0.440761 0.123364 0.309919 0.125956 
0.424972 0.000924 0.288298 0.285807 
0.441180 0.018012 0.265571 0.275237 
0.444646 0.184375 0.223070 0.147908 
0.435084 0.279993 0.276377 0.008546 
0.424825 0.277133 0.297207 0.000835 
0.435314 0.292452 0.246522 0.025712 
0.433087 0.315803 0.208184 0.042927 
0.447305 0.284929 0.108692 0.159074 
0.450187 0.281312 0.140260 0.128241 
0.456527 0.210260 0.169709 0.163504 
0.454113 0.140906 0.249324 0.155657 
0.443956 0.055450 0.290627 0.209967 
0.441684 0.126833 0.304411 0.127072 
0.447979 0.129458 0.283813 0.138751 
0.450733 0.097080 0.271272 0.180915 
0.419924 0.044081 0.343024 0.192971 
0.434402 0.107228 0.320247 0.138124 
0.423474 0.127453 0.343201 0.105872 
0.450422 0.216092 0.251885 0.081601 
0.455169 0.164591 0.155239 0.225001 
0.442034 0.214851 0.049445 0.293670 
0.449635 0.271473 0.167388 0.111504 
0.451826 0.272930 0.153886 0.121359 
0.454370 0.228050 0.203818 0.113762 
0.442861 0.200788 0.070245 0.286105 
0.417962 0.225816 0.017516 0.338706 
0.451941 0.100783 0.177122 0.270153 
0.448696 0.100136 0.164234 0.286934 
0.443691 0.032728 0.239394 0.284186 
0.446036 0.056532 0.214515 0.282917 
0.445185 0.070996 0.190805 0.293014 
0.407017 0.086148 0.130354 0.376480 
0.416390 0.043530 0.189159 0.350921 
0.430665 0.158683 0.092180 0.318472 
0.400601 0.123569 0.086109 0.389721 
0.434577 0.062117 0.188031 0.315274 
0.437437 0.077245 0.173630 0.311688 
0.456949 0.161245 0.159837 0.221969 
0.456779 0.162404 0.226095 0.154723 
0.447402 0.132183 0.126073 0.294341 
0.450242 0.119919 0.150993 0.278845 
0.438040 0.056682 0.198206 0.307073 
0.457907 0.182687 0.165668 0.193738 
0.453379 0.200096 0.098967 0.247558 
0.450753 0.178390 0.208090 0.162767 
0.448247 0.131775 0.289674 0.130304 
0.454822 0.158280 0.222579 0.164320 
0.424421 0.096924 0.329692 0.148963 
0.438097 0.220628 0.301970 0.039305 
0.445629 0.032122 0.257270 0.264979 
0.449680 0.091255 0.258455 0.200610 
0.443591 0.224560 0.290353 0.041497 
0.436656 0.119346 0.314556 0.129441 
0.383862 0.000088 0.363642 0.252408 
0.406891 0.000031 0.308379 0.284699 
0.433630 0.033809 0.221538 0.311023 
0.430285 0.018314 0.238632 0.312769 
0.442070 0.133317 0.306578 0.118034 
0.446748 0.109486 0.294029 0.149737 
0.393844 0.108059 0.403707 0.094390 
0.371232 0.026127 0.437143 0.165498 
0.362657 0.123975 0.459490 0.053879 
0.337581 0.195923 0.465405 0.001091 
0.374168 0.185698 0.426048 0.014085 
0.325904 0.120149 0.509107 0.044840 
0.357770 0.191266 0.445580 0.005384 
0.382405 0.265371 0.351955 0.000270 
0.316581 0.204342 0.479061 0.000015 
0.377880 0.233451 0.388349 0.000320 
0.426797 0.067879 0.326757 0.178567 
0.389830 0.043297 0.403209 0.163664 
0.360579 0.056434 0.458604 0.124382 
0.288898 0.020195 0.582181 0.108727 
0.374556 0.000001 0.350679 0.274763 
0.433867 0.003530 0.277582 0.285021 
0.380512 0.000003 0.280313 0.339171 
0.369696 0.000000 0.302954 0.327350 
0.403176 0.000008 0.294665 0.302151 
0.402625 0.006848 0.227699 0.362828 
0.428683 0.087112 0.151617 0.332589 
0.453023 0.099113 0.218651 0.229213 
0.456392 0.155593 0.173709 0.214305 
0.440482 0.123930 0.125057 0.310531 
0.446672 0.091633 0.274925 0.186771 
0.449973 0.076317 0.274033 0.199677 
0.449001 0.114074 0.286780 0.150145 
0.455212 0.135495 0.246479 0.162814 
0.454934 0.144337 0.256704 0.144025 
0.456405 0.140082 0.209006 0.194507 
0.444605 0.113810 0.145565 0.296020 
0.420089 0.000325 0.291018 0.288568 
0.419734 0.000709 0.301334 0.278222 
0.425208 0.008153 0.316946 0.249692 
0.412072 0.024613 0.354237 0.209078 
0.447263 0.172929 0.283000 0.096807 
0.456517 0.196295 0.142573 0.204614 
0.448608 0.189612 0.081929 0.279851 
0.446920 0.132244 0.125324 0.295512 
0.447197 0.082480 0.182671 0.287652 
0.436767 0.089173 0.158457 0.315603 
0.437742 0.125544 0.120515 0.316199 
0.438151 0.122842 0.123800 0.315207 
0.425654 0.111037 0.124163 0.339146 
0.420389 0.095997 0.134224 0.349390 
0.419514 0.066502 0.173186 0.340798 
0.407861 0.036239 0.189968 0.365932 
0.379175 0.000031 0.256778 0.364016 
0.405438 0.000690 0.256651 0.337221 
0.417808 0.099104 0.355311 0.127777 
0.418463 0.103354 0.354556 0.123627 
0.384844 0.007233 0.398043 0.209880 
0.380780 0.011912 0.408681 0.198628 
0.408822 0.053088 0.365799 0.172292 
0.343963 0.051408 0.487941 0.116688 
0.342690 0.125481 0.492826 0.039003 
0.374818 0.033737 0.432690 0.158754 
0.412328 0.180380 0.360109 0.047183 
0.414040 0.255254 0.326359 0.004346 
0.383306 0.249657 0.366926 0.000111 
0.358759 0.257570 0.383666 0.000005 
0.318230 0.041046 0.504852 0.135872 
0.294950 0.000087 0.534153 0.170810 
0.355220 0.041785 0.469935 0.133060 
0.310383 0.001879 0.522753 0.164984 
0.230600 0.000515 0.655583 0.113302 
0.298618 0.065289 0.572373 0.063720 
0.345628 0.079837 0.493579 0.080956 
0.423930 0.148643 0.341551 0.085877 
0.437045 0.123351 0.316824 0.122779 
0.453496 0.144717 0.265660 0.136127 
0.444156 0.076460 0.183720 0.295663 
0.447137 0.195080 0.250886 0.106898 
0.454655 0.151172 0.195453 0.198720 
0.450566 0.219964 0.069074 0.260395 
0.437144 0.229303 0.300956 0.032598 
0.442067 0.040632 0.275130 0.242171 
0.446001 0.086427 0.259446 0.208126 
0.455170 0.216846 0.136856 0.191128 
0.394234 0.055415 0.153103 0.397249 
0.385469 0.095731 0.102160 0.416640 
0.408025 0.091206 0.125757 0.375012 
0.426604 0.124766 0.111798 0.336832 
0.434598 0.125592 0.117812 0.321997 
0.423947 0.068739 0.167048 0.340266 
0.412833 0.115310 0.108662 0.363196 
0.399396 0.218182 0.009822 0.372600 
0.419654 0.248643 0.006659 0.325045 
0.374633 0.224642 0.001954 0.398771 
0.377839 0.182572 0.023472 0.416118 
0.408083 0.239526 0.006179 0.346212 
0.399044 0.229405 0.005413 0.366138 
0.350032 0.000102 0.219456 0.430410 
0.399555 0.000032 0.321666 0.278746 
0.365255 0.000017 0.246510 0.388218 
0.420816 0.000332 0.295773 0.283079 
0.389954 0.000185 0.358884 0.250977 
0.394037 0.000141 0.347949 0.257873 
0.402254 0.000009 0.304598 0.293140 
0.283153 0.000018 0.172628 0.544200 
0.363309 0.001106 0.213095 0.422489 
0.421940 0.024701 0.328180 0.225179 
0.430917 0.015778 0.310479 0.242826 
0.373850 0.000052 0.380390 0.245708 
0.371301 0.010750 0.425838 0.192111 
0.404291 0.009851 0.343014 0.242844 
0.418993 0.222018 0.323544 0.035445 
0.440566 0.260311 0.263936 0.035186 
0.427225 0.177261 0.309084 0.086430 
0.441034 0.292016 0.208523 0.058427 
0.440829 0.307923 0.143135 0.108113 
0.442161 0.297064 0.057176 0.203599 
0.443851 0.288474 0.060108 0.207567 
0.435511 0.306760 0.042800 0.214928 
0.407244 0.302482 0.000025 0.290248 
0.395947 0.279684 0.000023 0.324346 
0.357936 0.207071 0.000884 0.434109 
0.364555 0.223885 0.000469 0.411091 
0.323057 0.185539 0.000485 0.490920 
0.328193 0.185524 0.000475 0.485809 
0.363432 0.234036 0.000306 0.402226 
0.295824 0.165745 0.000190 0.538241 
0.184502 0.097172 0.000041 0.718285 
0.159706 0.073846 0.000630 0.765817 
0.063080 0.026834 0.001293 0.908793 
0.154558 0.071068 0.000558 0.773816 
0.259540 0.129694 0.000662 0.610104 
0.319300 0.094783 0.060641 0.525276 
0.282517 0.052509 0.066418 0.598555 
0.273069 0.075786 0.039394 0.611751 
0.364564 0.095703 0.080994 0.458739 
0.378353 0.000673 0.229294 0.391681 
0.384323 0.004097 0.215671 0.395910 
0.437972 0.011505 0.259634 0.290890 
0.450277 0.180485 0.113931 0.255307 
0.453398 0.167442 0.120133 0.259027 
0.454702 0.239810 0.135402 0.170085 
0.457468 0.194987 0.177093 0.170452 
0.448313 0.229810 0.053018 0.268859 
0.443522 0.122328 0.153600 0.280550 
0.447057 0.271113 0.219501 0.062329 
0.445233 0.287199 0.063238 0.204330 
0.445985 0.295600 0.118032 0.140384 
0.439769 0.283808 0.018502 0.257922 
0.436524 0.290862 0.249015 0.023599 
0.420055 0.291772 0.287898 0.000276 
0.419643 0.310085 0.260337 0.009935 
0.410409 0.341750 0.176185 0.071656 
0.401804 0.340711 0.257015 0.000470 
0.422666 0.332004 0.217341 0.027990 
0.423872 0.340296 0.106624 0.129208 
0.417309 0.355510 0.117541 0.109640 
0.413849 0.358227 0.123140 0.104785 
0.418558 0.342274 0.066378 0.172789 
0.418667 0.343923 0.058242 0.179168 
0.406395 0.340421 0.001891 0.251293 
0.419790 0.334926 0.031799 0.213485 
0.408578 0.349855 0.020400 0.221167 
0.401921 0.345497 0.251207 0.001375 
0.411095 0.360362 0.131584 0.096959 
0.408435 0.326621 0.000975 0.263969 
0.381972 0.282981 0.000005 0.335042 
0.396348 0.250068 0.002255 0.351329 
0.407383 0.250753 0.032801 0.309063 
0.374123 0.000124 0.279078 0.346676 
0.394030 0.001232 0.252383 0.352356 
0.415563 0.069281 0.166139 0.349017 
0.430948 0.131464 0.116321 0.321267 
0.440550 0.070857 0.198082 0.290511 
0.445927 0.123188 0.153537 0.277349 
0.440016 0.111247 0.160558 0.288180 
0.426955 0.166034 0.084400 0.322610 
0.422550 0.139150 0.106982 0.331318 
0.414029 0.046964 0.198255 0.340752 
0.421626 0.113951 0.124099 0.340324 
0.423113 0.167035 0.076122 0.333731 
0.408718 0.240918 0.009653 0.340710 
0.390070 0.227450 0.010333 0.372147 
0.382536 0.236121 0.001216 0.380126 
0.402747 0.246832 0.004169 0.346252 
0.397153 0.251575 0.001445 0.349827 
0.389095 0.247923 0.001103 0.361879 
0.384125 0.256358 0.000485 0.359033 
0.406633 0.251369 0.005990 0.336008 
0.412935 0.233766 0.020896 0.332403 
0.419155 0.060476 0.209628 0.310741 
0.417314 0.002747 0.288141 0.291798 
0.419600 0.024792 0.313106 0.242503 
0.361156 0.002537 0.413168 0.223139 
0.392342 0.105642 0.353768 0.148248 
0.372420 0.203431 0.414246 0.009903 
0.408655 0.228671 0.344971 0.017702 
0.391607 0.004529 0.363855 0.240009 
0.385563 0.000160 0.349443 0.264834 
0.389765 0.000008 0.291433 0.318795 
0.429006 0.104203 0.320573 0.146218 
0.391670 0.116698 0.396994 0.094638 
0.407013 0.043061 0.360956 0.188970 
0.416946 0.082417 0.347841 0.152796 
0.417346 0.094255 0.336099 0.152301 
0.407749 0.029653 0.354783 0.207814 
0.427780 0.125338 0.326653 0.120229 
0.439780 0.132455 0.301042 0.126723 
0.390720 0.031776 0.372917 0.204586 
0.411291 0.156577 0.359577 0.072556 
0.432916 0.130605 0.315421 0.121057 
0.446826 0.132111 0.289235 0.131828 
0.435590 0.022646 0.250965 0.290799 
0.424187 0.004212 0.308266 0.263335 
0.401254 0.000079 0.315271 0.283396 
0.414641 0.001019 0.265834 0.318506 
0.320817 0.000000 0.403587 0.275596 
0.364071 0.000000 0.311309 0.324620 
0.391240 0.000006 0.292977 0.315777 
0.388665 0.000021 0.281911 0.329402 
0.377157 0.000000 0.322868 0.299975 
0.398685 0.000207 0.329017 0.272092 
0.414036 0.000071 0.293314 0.292579 
0.408299 0.002985 0.341777 0.246939 
0.430941 0.046594 0.254742 0.267723 
0.388215 0.000012 0.319402 0.292371 
0.389047 0.000003 0.306876 0.304075 
0.389449 0.000010 0.280044 0.330497 
0.418178 0.100677 0.130427 0.350718 
0.422071 0.136973 0.095955 0.345001 
0.408118 0.131088 0.089771 0.371023 
0.404991 0.144874 0.076975 0.373160 
0.399633 0.163225 0.055244 0.381897 
0.381850 0.168098 0.063546 0.386506 
0.392270 0.240207 0.001417 0.366107 
0.397094 0.110384 0.123052 0.369470 
0.409935 0.035882 0.211406 0.342778 
0.419253 0.083644 0.157157 0.339946 
0.415846 0.108101 0.122189 0.353864 
0.414988 0.074383 0.156291 0.354338 
0.420974 0.105250 0.128020 0.345756 
0.419646 0.112484 0.116718 0.351151 
0.447653 0.088200 0.181617 0.282531 
0.446828 0.161055 0.101798 0.290320 
0.433919 0.098210 0.146424 0.321446 
0.424532 0.023978 0.224958 0.326532 
0.418724 0.002972 0.266519 0.311785 
0.409729 0.000283 0.276268 0.313719 
0.387609 0.000015 0.269074 0.343302 
0.400152 0.000008 0.288665 0.311174 
0.381299 0.000001 0.283248 0.335451 
0.381621 0.000001 0.330637 0.287741 
0.383831 0.000001 0.293571 0.322597 
0.393566 0.001117 0.238904 0.366413 
0.398538 0.067662 0.141208 0.392593 
0.396816 0.070269 0.136589 0.396326 
0.397256 0.127603 0.078452 0.396689 
0.398989 0.066525 0.143299 0.391187 
0.397097 0.075556 0.130777 0.396569 
0.402507 0.148594 0.065963 0.382936 
0.409836 0.052380 0.172341 0.365443 
0.403602 0.114986 0.097006 0.384405 
0.423345 0.052663 0.207121 0.316871 
0.421374 0.001066 0.280408 0.297152 
0.422070 0.030226 0.217924 0.329780 
0.417620 0.000132 0.289082 0.293166 
0.384163 0.000001 0.322048 0.293789 
0.379786 0.000000 0.300576 0.319638 
0.379842 0.000004 0.287248 0.332906 
0.378492 0.000004 0.283763 0.337742 
0.371154 0.000016 0.261456 0.367374 
0.384506 0.004784 0.231456 0.379254 
0.394433 0.218971 0.013696 0.372900 
0.394110 0.144730 0.077345 0.383815 
0.388051 0.239083 0.000614 0.372252 
0.402893 0.194006 0.031120 0.371982 
0.407890 0.239526 0.004580 0.348004 
0.411605 0.255223 0.004421 0.328751 
0.422287 0.257181 0.006449 0.314083 
0.408879 0.207739 0.022591 0.360790 
0.416300 0.066168 0.172562 0.344971 
0.415347 0.113816 0.115261 0.355577 
0.402406 0.052548 0.167728 0.377318 
0.401732 0.019332 0.212640 0.366295 
0.413885 0.042339 0.190164 0.353612 
0.432709 0.147824 0.099249 0.320219 
0.442670 0.051614 0.220420 0.285296 
0.448575 0.103365 0.172484 0.275576 
0.453897 0.204101 0.133092 0.208910 
0.448662 0.212422 0.069860 0.269056 
0.446475 0.173289 0.093749 0.286487 
0.452042 0.186144 0.107529 0.254286 
0.412762 0.148254 0.080677 0.358307 
0.419802 0.153512 0.080757 0.345929 
0.410874 0.073802 0.151940 0.363384 
0.440131 0.069761 0.193120 0.296988 
0.451580 0.145466 0.146819 0.256134 
0.448956 0.104730 0.181668 0.264646 
0.450631 0.118709 0.197321 0.233339 
0.452434 0.199453 0.189001 0.159112 
0.448987 0.098140 0.248920 0.203953 
0.447253 0.131791 0.142183 0.278774 
0.450280 0.131202 0.161574 0.256944 
0.451801 0.149380 0.166988 0.231831 
0.444478 0.133800 0.291401 0.130322 
0.401725 0.001374 0.256400 0.340500 
0.393038 0.005452 0.234586 0.366925 
0.347110 0.000121 0.223884 0.428884 
0.354745 0.000000 0.298204 0.347051 
0.379464 0.000003 0.322511 0.298023 
0.394875 0.000005 0.301048 0.304072 
0.362071 0.000580 0.228350 0.409000 
0.442510 0.230890 0.218002 0.108598 
0.445040 0.278763 0.125912 0.150285 
0.442022 0.263377 0.059213 0.235388 
0.445314 0.260843 0.067536 0.226307 
0.440757 0.229125 0.045477 0.284641 
0.446080 0.201994 0.075571 0.276356 
0.440001 0.207750 0.205059 0.147190 
0.446552 0.149918 0.278896 0.124635 
0.433914 0.147499 0.312433 0.106154 
0.429593 0.068947 0.311492 0.189969 
0.416443 0.006788 0.324824 0.251945 
0.398483 0.000237 0.332528 0.268752 
0.370174 0.000000 0.289066 0.340760 
0.381443 0.000023 0.344536 0.273997 
0.375006 0.000001 0.326373 0.298620 
0.408012 0.001267 0.317742 0.272979 
0.276027 0.000016 0.176599 0.547357 
0.299337 0.000000 0.233964 0.466699 
0.368138 0.000001 0.288070 0.343792 
0.431762 0.089182 0.313894 0.165161 
0.429914 0.049538 0.314063 0.206485 
0.425294 0.004356 0.296359 0.273991 
0.432779 0.202282 0.301817 0.063123 
0.437417 0.197006 0.279835 0.085743 
0.434999 0.263654 0.091395 0.209952 
0.436012 0.259740 0.023613 0.280635 
0.441182 0.261802 0.073130 0.223887 
0.437196 0.281507 0.051470 0.229827 
0.433143 0.273650 0.024990 0.268217 
0.421850 0.132823 0.186538 0.258790 
0.379664 0.000327 0.286628 0.333380 
0.344683 0.000000 0.317972 0.337344 
0.332241 0.000000 0.327289 0.340470 
0.383668 0.001639 0.241478 0.373214 
0.369721 0.000002 0.282733 0.347544 
0.336402 0.000000 0.326288 0.337310 
0.304368 0.000000 0.430555 0.265077 
0.304066 0.000002 0.474112 0.221820 
0.217428 0.000000 0.627564 0.155008 
0.177793 0.001983 0.735289 0.084934 
0.142052 0.021827 0.795716 0.040406 
0.119694 0.013152 0.826819 0.040336 
0.161886 0.003217 0.758338 0.076559 
0.138053 0.000000 0.753833 0.108114 
0.160653 0.038593 0.765965 0.034789 
0.173431 0.051114 0.749040 0.026415 
0.177424 0.000001 0.698938 0.123637 
0.184242 0.000243 0.711964 0.103551 
0.195792 0.023103 0.713394 0.067711 
0.248528 0.063030 0.633694 0.054747 
0.262135 0.001545 0.594049 0.142271 
0.251937 0.003930 0.613747 0.130386 
0.348757 0.034255 0.455154 0.161834 
0.306506 0.000001 0.449908 0.243586 
0.261826 0.000000 0.525170 0.213003 
0.226692 0.001329 0.639582 0.132397 
0.233122 0.000006 0.606769 0.160103 
0.281511 0.000030 0.525501 0.192958 
0.321584 0.066655 0.505617 0.106145 
0.421396 0.129058 0.317536 0.132010 
0.419750 0.230330 0.302305 0.047615 
0.410175 0.183972 0.332016 0.073837 
0.419462 0.209526 0.292169 0.078844 
0.416786 0.148663 0.279637 0.154914 
0.404018 0.166072 0.327671 0.102239 
0.423178 0.283379 0.225854 0.067589 
0.416913 0.286320 0.214559 0.082208 
0.419738 0.233577 0.263634 0.083051 
0.415583 0.232466 0.066708 0.285243 
0.421206 0.130034 0.263964 0.184795 
0.418634 0.132734 0.220928 0.227704 
0.406708 0.184334 0.148749 0.260208 
0.417144 0.274346 0.221597 0.086912 
0.408246 0.038710 0.248096 0.304947 
0.429449 0.163335 0.190241 0.216976 
0.428633 0.145326 0.149129 0.276912 
0.435471 0.178455 0.208262 0.177812 
0.385818 0.107545 0.123568 0.383070 
0.412663 0.081699 0.178691 0.326947 
0.397928 0.122039 0.120667 0.359366 
0.399189 0.108594 0.137420 0.354797 
0.322446 0.000019 0.234902 0.442633 
0.347644 0.000000 0.322737 0.329619 
0.275206 0.000000 0.293122 0.431672 
0.306685 0.000000 0.271041 0.422275 
0.383564 0.003365 0.253996 0.359074 
0.366724 0.102132 0.113465 0.417679 
0.379741 0.126155 0.088533 0.405570 
0.401247 0.182650 0.058261 0.357842 
0.349488 0.054647 0.145443 0.450422 
0.376808 0.012148 0.227239 0.383806 
0.272039 0.000000 0.240970 0.486991 
0.295468 0.000000 0.371281 0.333251 
0.352583 0.015354 0.433492 0.198571 
0.327738 0.141798 0.494433 0.036031 
0.300406 0.001033 0.514001 0.184561 
0.210850 0.000010 0.650781 0.138360 
0.299045 0.030976 0.545504 0.124475 
0.280565 0.002321 0.557325 0.159789 
0.248518 0.000003 0.572527 0.178952 
0.138416 0.000000 0.741857 0.119727 
0.128892 0.000000 0.729376 0.141732 
0.140337 0.000000 0.716559 0.143104 
0.184964 0.000000 0.636430 0.178606 
0.274556 0.000520 0.558987 0.165937 
0.337063 0.000000 0.355835 0.307102 
0.193107 0.000000 0.524893 0.281999 
0.145390 0.000000 0.691317 0.163293 
0.182041 0.000000 0.660540 0.157418 
0.125905 0.000000 0.734627 0.139469 
0.171576 0.000000 0.663171 0.165253 
0.127220 0.000000 0.729529 0.143251 
0.199008 0.000000 0.628607 0.172385 
0.270736 0.003284 0.579247 0.146733 
0.316064 0.078980 0.522391 0.082565 
0.316340 0.009135 0.501952 0.172572 
0.297757 0.048593 0.549135 0.104514 
0.292539 0.009795 0.542437 0.155229 
0.222721 0.030722 0.670374 0.076183 
0.133130 0.028963 0.807968 0.029940 
0.183458 0.046382 0.733539 0.036622 
0.316636 0.156268 0.507981 0.019115 
0.268853 0.085946 0.597352 0.047849 
0.290003 0.037415 0.563772 0.108811 
0.324196 0.108497 0.502463 0.064845 
0.369712 0.020965 0.404592 0.204730 
0.386990 0.146312 0.382274 0.084425 
0.376547 0.100455 0.405508 0.117490 
0.374540 0.018910 0.393037 0.213513 
0.335426 0.072516 0.481470 0.110589 
0.323862 0.000047 0.436414 0.239678 
0.378772 0.006788 0.369612 0.244828 
0.356038 0.091504 0.436795 0.115662 
0.371516 0.129437 0.398345 0.100702 
0.352445 0.023955 0.434666 0.188935 
0.329361 0.054529 0.482908 0.133202 
0.341846 0.107423 0.469890 0.080841 
0.286714 0.075989 0.567187 0.070110 
0.305598 0.038532 0.512957 0.142913 
0.331564 0.143082 0.479457 0.045897 
0.407824 0.093717 0.331818 0.166642 
0.393074 0.114379 0.370257 0.122290 
0.380821 0.038109 0.384959 0.196111 
0.400321 0.007323 0.329760 0.262596 
0.409735 0.037537 0.317817 0.234911 
0.426241 0.103075 0.190849 0.279835 
0.422244 0.293366 0.023630 0.260760 
0.417025 0.246631 0.305559 0.030785 
0.407690 0.108428 0.332341 0.151540 
0.416381 0.210582 0.322543 0.050493 
