0.257192 0.259404 0.223835 0.259570 
0.297531 0.298809 0.145091 0.258569 
0.329898 0.330033 0.029065 0.311003 
0.333194 0.333012 0.000866 0.332928 
0.333710 0.334442 0.000187 0.331661 
0.332934 0.333846 0.000002 0.333218 
0.334423 0.329861 0.000000 0.335716 
0.338236 0.331866 0.000000 0.329897 
0.346292 0.336434 0.000000 0.317274 
0.340536 0.334881 0.000000 0.324583 
0.335946 0.331374 0.000000 0.332680 
0.334436 0.334118 0.000000 0.331446 
0.342570 0.334061 0.000000 0.323369 
0.343741 0.344805 0.000000 0.311454 
0.362359 0.364395 0.000000 0.273245 
0.354119 0.356187 0.000000 0.289693 
0.345711 0.347113 0.000000 0.307176 
0.357829 0.358071 0.000001 0.284100 
0.353631 0.355573 0.000000 0.290796 
0.335778 0.337693 0.000000 0.326529 
0.344953 0.347021 0.000000 0.308026 
0.342426 0.343809 0.000000 0.313764 
0.333237 0.331466 0.000000 0.335296 
0.335225 0.332190 0.000000 0.332585 
0.344204 0.338405 0.000000 0.317391 
0.355211 0.353787 0.000000 0.291001 
0.337098 0.331369 0.000000 0.331533 
0.337253 0.324430 0.000000 0.338317 
0.343004 0.325803 0.000000 0.331193 
0.338453 0.321826 0.000000 0.339721 
0.336278 0.329338 0.000000 0.334384 
0.341209 0.341171 0.000000 0.317620 
0.345732 0.345175 0.000000 0.309093 
0.347083 0.339278 0.000000 0.313639 
0.343764 0.344720 0.000000 0.311516 
0.343130 0.334229 0.000000 0.322641 
0.352394 0.337524 0.000000 0.310082 
0.360146 0.315002 0.000000 0.324853 
0.351248 0.311670 0.000000 0.337081 
0.357527 0.319904 0.000000 0.322569 
0.363738 0.319226 0.000000 0.317036 
0.353303 0.309768 0.000000 0.336929 
0.358118 0.314177 0.000000 0.327705 
0.347169 0.315532 0.000000 0.337299 
0.352451 0.330353 0.000000 0.317196 
0.358513 0.331345 0.000000 0.310142 
0.355177 0.342839 0.000000 0.301985 
0.361672 0.344197 0.000000 0.294131 
0.363937 0.330438 0.000000 0.305625 
0.367178 0.325808 0.000000 0.307014 
0.365013 0.320175 0.000000 0.314811 
0.365690 0.317613 0.000000 0.316697 
0.388827 0.309067 0.000000 0.302106 
0.398557 0.308702 0.000008 0.292733 
0.412139 0.342916 0.010520 0.234424 
0.407858 0.358423 0.212090 0.021630 
0.409536 0.368486 0.150070 0.071908 
0.401638 0.385233 0.086558 0.126571 
0.393275 0.394872 0.162307 0.049545 
0.391898 0.393702 0.186483 0.027917 
0.386575 0.388763 0.076459 0.148203 
0.389916 0.391854 0.163787 0.054444 
0.395400 0.397514 0.087941 0.119146 
0.395614 0.396440 0.084004 0.123943 
0.396294 0.396703 0.115196 0.091806 
0.400512 0.384167 0.083262 0.132058 
0.401535 0.375728 0.161543 0.061195 
0.392313 0.370860 0.002805 0.234022 
0.372884 0.342241 0.000108 0.284768 
0.363761 0.316728 0.000000 0.319512 
0.347380 0.328366 0.000000 0.324253 
0.344822 0.317716 0.000000 0.337462 
0.342526 0.308869 0.000000 0.348605 
0.334328 0.322513 0.000000 0.343159 
0.360933 0.328075 0.000000 0.310991 
0.372149 0.352433 0.000007 0.275411 
0.387714 0.376958 0.003987 0.231341 
0.395172 0.375506 0.070072 0.159250 
0.393434 0.382856 0.024949 0.198762 
0.353297 0.357646 0.000000 0.289057 
0.351285 0.351344 0.000000 0.297371 
0.395283 0.364225 0.005666 0.234825 
0.399327 0.372405 0.037618 0.190650 
0.399310 0.382422 0.130406 0.087862 
0.401734 0.374767 0.164154 0.059345 
0.398375 0.374565 0.040308 0.186752 
0.399162 0.350597 0.005761 0.244479 
0.381021 0.337832 0.000024 0.281124 
0.371604 0.327153 0.000004 0.301238 
0.381932 0.339092 0.000192 0.278784 
0.371850 0.342477 0.000002 0.285671 
0.353454 0.345439 0.000000 0.301107 
0.347128 0.346677 0.000000 0.306195 
0.342774 0.351392 0.000000 0.305834 
0.333431 0.346075 0.000000 0.320494 
0.339148 0.356186 0.000000 0.304666 
0.332136 0.351052 0.000000 0.316812 
0.331476 0.352177 0.000000 0.316348 
0.350171 0.362416 0.000000 0.287413 
0.337027 0.345992 0.000000 0.316981 
0.334692 0.345262 0.000000 0.320046 
0.326081 0.339818 0.000000 0.334101 
0.356580 0.360090 0.000002 0.283328 
0.357590 0.360756 0.000014 0.281640 
0.363779 0.351609 0.000003 0.284609 
0.390635 0.374875 0.012041 0.222449 
0.380399 0.382351 0.004803 0.232447 
0.376639 0.374190 0.000563 0.248608 
0.376696 0.347744 0.000034 0.275526 
0.383118 0.351542 0.000105 0.265235 
0.390742 0.351790 0.004682 0.252786 
0.393385 0.359829 0.005415 0.241371 
0.382575 0.338473 0.000038 0.278914 
0.387201 0.340908 0.000059 0.271831 
0.388868 0.333775 0.000056 0.277301 
0.342562 0.321754 0.000000 0.335684 
0.358755 0.337519 0.000000 0.303726 
0.347982 0.325054 0.000000 0.326965 
0.347119 0.330627 0.000000 0.322254 
0.358664 0.333722 0.000000 0.307614 
0.353048 0.339905 0.000000 0.307046 
0.343942 0.322741 0.000000 0.333317 
0.339518 0.328611 0.000000 0.331871 
0.344923 0.332881 0.000000 0.322197 
0.358662 0.331673 0.000003 0.309662 
0.369315 0.353360 0.000002 0.277323 
0.355897 0.321144 0.000000 0.322959 
0.346591 0.308078 0.000000 0.345331 
0.346768 0.311956 0.000000 0.341276 
0.355862 0.319847 0.000000 0.324291 
0.371369 0.350697 0.000007 0.277927 
0.345448 0.332456 0.000000 0.322096 
0.350322 0.333262 0.000000 0.316416 
0.344230 0.332918 0.000000 0.322852 
0.354814 0.352647 0.000000 0.292539 
0.344382 0.345422 0.000000 0.310197 
0.345641 0.341211 0.000000 0.313148 
0.355737 0.351137 0.000000 0.293126 
0.355898 0.344672 0.000000 0.299431 
0.390627 0.377705 0.004231 0.227437 
0.394764 0.384864 0.127804 0.092568 
0.393338 0.396189 0.118205 0.092268 
0.387116 0.390895 0.059874 0.162115 
0.392773 0.392225 0.041191 0.173812 
0.390845 0.400632 0.104297 0.104226 
0.392183 0.397860 0.087362 0.122595 
0.348198 0.354206 0.000000 0.297597 
0.365960 0.356782 0.000001 0.277258 
0.337130 0.292811 0.000000 0.370059 
0.385591 0.359543 0.000804 0.254063 
0.381191 0.346348 0.000016 0.272444 
0.369499 0.329800 0.000000 0.300702 
0.394542 0.353555 0.001251 0.250653 
0.403670 0.376376 0.124328 0.095627 
0.378614 0.355518 0.265822 0.000047 
0.378098 0.345629 0.276266 0.000008 
0.379040 0.359924 0.260821 0.000215 
0.354683 0.349462 0.295855 0.000000 
0.372051 0.376698 0.251190 0.000061 
0.365484 0.371363 0.262788 0.000365 
0.379136 0.384388 0.234858 0.001618 
0.392576 0.398713 0.076490 0.132221 
0.394085 0.395746 0.128435 0.081734 
0.396975 0.394042 0.117529 0.091454 
0.382466 0.381037 0.002229 0.234268 
0.393523 0.389162 0.034932 0.182382 
0.397298 0.381243 0.029199 0.192261 
0.403729 0.377661 0.155816 0.062794 
0.398677 0.377318 0.019789 0.204216 
0.388912 0.391159 0.189680 0.030249 
0.394320 0.396434 0.115668 0.093577 
0.394909 0.396974 0.089637 0.118480 
0.394480 0.397030 0.093032 0.115458 
0.391951 0.397394 0.122938 0.087718 
0.391356 0.395597 0.154872 0.058176 
0.336421 0.334159 0.000000 0.329419 
0.362018 0.358232 0.000007 0.279744 
0.231033 0.231330 0.000000 0.537637 
0.334489 0.338260 0.000000 0.327251 
0.357972 0.362975 0.000000 0.279052 
0.369473 0.374266 0.000051 0.256210 
0.355916 0.362516 0.000000 0.281568 
0.322175 0.327875 0.000000 0.349949 
0.320380 0.327999 0.000000 0.351621 
0.384732 0.390375 0.013019 0.211874 
0.381904 0.382263 0.000923 0.234911 
0.322377 0.326892 0.000000 0.350731 
0.352809 0.351453 0.000001 0.295737 
0.378283 0.380200 0.001713 0.239804 
0.389454 0.390665 0.012735 0.207147 
0.395902 0.395995 0.096090 0.112013 
0.393281 0.393979 0.052933 0.159807 
0.373937 0.380327 0.245623 0.000113 
0.366888 0.370140 0.262966 0.000006 
0.350850 0.357833 0.291318 0.000000 
0.372886 0.377107 0.248113 0.001894 
0.380341 0.382057 0.000900 0.236702 
0.381503 0.383754 0.003331 0.231412 
0.373636 0.379752 0.242537 0.004075 
0.368393 0.374568 0.253707 0.003332 
0.381458 0.388566 0.025142 0.204835 
0.378745 0.382847 0.002555 0.235853 
0.388552 0.396073 0.025967 0.189409 
0.393567 0.395707 0.073069 0.137657 
0.398170 0.390986 0.096617 0.114226 
0.401322 0.382514 0.132903 0.083261 
0.389851 0.370612 0.003911 0.235626 
0.404465 0.377928 0.082376 0.135231 
0.407250 0.367365 0.069829 0.155556 
0.381884 0.367258 0.000354 0.250503 
0.363847 0.349699 0.000000 0.286453 
0.393488 0.372471 0.013662 0.220380 
0.386959 0.372924 0.001607 0.238509 
0.373598 0.372166 0.000220 0.254017 
0.393176 0.386241 0.025375 0.195209 
0.398067 0.390049 0.086921 0.124962 
0.379656 0.355874 0.000022 0.264449 
0.395173 0.360554 0.002660 0.241613 
0.380559 0.323938 0.000001 0.295502 
0.398594 0.354114 0.003967 0.243325 
0.362809 0.324375 0.000000 0.312816 
0.382152 0.305347 0.000001 0.312500 
0.328312 0.251721 0.000001 0.419966 
0.394752 0.325592 0.000221 0.279435 
0.349101 0.297845 0.000000 0.353054 
0.293051 0.245857 0.000000 0.461092 
0.127555 0.108409 0.000000 0.764036 
0.223417 0.199729 0.000000 0.576853 
0.191502 0.179623 0.000000 0.628875 
0.235402 0.225061 0.000000 0.539537 
0.264416 0.246814 0.000000 0.488770 
0.308026 0.287963 0.000000 0.404010 
0.236281 0.214896 0.000000 0.548823 
0.305220 0.297280 0.000000 0.397501 
0.254917 0.237855 0.000000 0.507227 
0.368234 0.345998 0.000001 0.285767 
0.357993 0.322251 0.000000 0.319756 
0.381288 0.323903 0.000001 0.294807 
0.413454 0.309117 0.000476 0.276953 
0.413653 0.312597 0.000702 0.273048 
0.425943 0.302675 0.014759 0.256622 
0.425047 0.316493 0.213139 0.045321 
0.422461 0.330359 0.147680 0.099500 
0.419530 0.328500 0.235682 0.016288 
0.417739 0.321675 0.128391 0.132196 
0.406882 0.302158 0.002949 0.288011 
0.407696 0.301148 0.000332 0.290823 
0.428188 0.318668 0.197906 0.055237 
0.429656 0.315617 0.209804 0.044923 
0.435097 0.281885 0.023615 0.259403 
0.437260 0.298981 0.171626 0.092133 
0.427578 0.288057 0.003316 0.281049 
0.434734 0.289904 0.019132 0.256230 
0.439359 0.301791 0.119266 0.139585 
0.433768 0.312206 0.118364 0.135662 
0.437919 0.301552 0.125128 0.135401 
0.433885 0.303870 0.062109 0.200136 
0.430658 0.314692 0.128081 0.126570 
0.435419 0.299256 0.079390 0.185935 
0.437643 0.302671 0.076513 0.183172 
0.438445 0.294303 0.049018 0.218235 
0.434514 0.301520 0.036311 0.227656 
0.432439 0.288617 0.272006 0.006939 
0.434277 0.267681 0.270062 0.027980 
0.441711 0.144416 0.137622 0.276251 
0.423164 0.122664 0.113675 0.340497 
0.417879 0.125715 0.104530 0.351876 
0.419521 0.068326 0.180085 0.332067 
0.433158 0.110257 0.138654 0.317932 
0.444987 0.125959 0.142073 0.286981 
0.447589 0.091650 0.231558 0.229202 
0.439210 0.032641 0.240104 0.288045 
0.452220 0.157195 0.180845 0.209739 
0.452452 0.193850 0.172259 0.181439 
0.447080 0.163807 0.116136 0.272977 
0.447365 0.139631 0.145111 0.267893 
0.451825 0.263532 0.148415 0.136229 
0.435083 0.309203 0.073823 0.181892 
0.428002 0.325954 0.080881 0.165163 
0.430202 0.324898 0.157936 0.086965 
0.404752 0.376245 0.148100 0.070903 
0.409261 0.361072 0.153511 0.076156 
0.389434 0.394406 0.185260 0.030900 
0.384310 0.357074 0.258484 0.000133 
0.412119 0.258506 0.062177 0.267199 
0.434606 0.178967 0.141990 0.244437 
0.419149 0.002325 0.289774 0.288753 
0.434813 0.224504 0.299636 0.041048 
0.449032 0.228596 0.203942 0.118430 
0.450894 0.164771 0.191557 0.192778 
0.440806 0.137316 0.123954 0.297924 
0.435377 0.019099 0.252894 0.292630 
0.415399 0.055555 0.183961 0.345084 
0.442135 0.112772 0.154975 0.290118 
0.447244 0.161471 0.183935 0.207349 
0.446316 0.165675 0.166414 0.221594 
0.441031 0.135520 0.262548 0.160900 
0.423948 0.017913 0.257457 0.300681 
0.411745 0.165068 0.079218 0.343970 
0.385088 0.146982 0.065201 0.402728 
0.299939 0.088888 0.052239 0.558934 
0.330050 0.072656 0.086744 0.510550 
0.310795 0.051917 0.092418 0.544869 
0.312799 0.058226 0.086636 0.542339 
0.417111 0.039048 0.215960 0.327880 
0.434175 0.114958 0.145432 0.305435 
0.445355 0.243374 0.175267 0.136005 
0.441813 0.283828 0.179281 0.095077 
0.435303 0.307991 0.134280 0.122426 
0.437788 0.287573 0.040883 0.233756 
0.412468 0.351542 0.065530 0.170460 
0.405305 0.364074 0.135810 0.094810 
0.428627 0.320157 0.102452 0.148764 
0.442275 0.272357 0.207687 0.077680 
0.437134 0.118097 0.146458 0.298312 
0.447993 0.136016 0.204957 0.211034 
0.450466 0.169695 0.209874 0.169965 
0.450890 0.163307 0.210740 0.175062 
0.414422 0.109758 0.123704 0.352116 
0.381204 0.106806 0.094267 0.417723 
0.353752 0.089909 0.084770 0.471569 
0.380194 0.086215 0.108219 0.425372 
0.411437 0.097070 0.127218 0.364275 
0.435063 0.098884 0.150671 0.315382 
0.453981 0.172444 0.147072 0.226502 
0.448919 0.102881 0.169767 0.278432 
0.436279 0.017158 0.252121 0.294441 
0.437058 0.090412 0.161002 0.311528 
0.440662 0.066632 0.194453 0.298253 
0.429345 0.085207 0.159439 0.326009 
0.440463 0.125586 0.128515 0.305436 
0.444998 0.122966 0.142124 0.289913 
0.438645 0.027086 0.244894 0.289375 
0.431926 0.087594 0.160937 0.319543 
0.441161 0.159424 0.100295 0.299120 
0.431115 0.124446 0.131604 0.312835 
0.437123 0.076056 0.180499 0.306322 
0.450036 0.107266 0.211667 0.231030 
0.440195 0.195607 0.296235 0.067963 
0.455287 0.168486 0.208023 0.168203 
0.454934 0.182773 0.185080 0.177214 
0.442243 0.221982 0.049731 0.286044 
0.413226 0.160997 0.073821 0.351956 
0.444317 0.155791 0.108282 0.291611 
0.433598 0.082236 0.170987 0.313179 
0.420021 0.078384 0.162243 0.339352 
0.399737 0.116895 0.102506 0.380862 
0.448461 0.174729 0.105815 0.270995 
0.447073 0.170572 0.098558 0.283797 
0.445129 0.049761 0.235424 0.269686 
0.439013 0.148163 0.304785 0.108040 
0.397337 0.105699 0.393372 0.103592 
0.436484 0.194648 0.305946 0.062922 
0.455535 0.183234 0.177839 0.183393 
0.440021 0.128410 0.126257 0.305313 
0.454434 0.188859 0.159986 0.196722 
0.449277 0.219355 0.072764 0.258604 
0.360032 0.084756 0.090471 0.464741 
0.369759 0.081764 0.107089 0.441388 
0.362714 0.163332 0.025396 0.448557 
0.443152 0.216631 0.052922 0.287295 
0.431480 0.264917 0.008861 0.294742 
0.422131 0.221035 0.038339 0.318496 
0.300632 0.068947 0.063944 0.566477 
0.333365 0.008187 0.177861 0.480588 
0.326111 0.006431 0.162176 0.505282 
0.341642 0.000505 0.203642 0.454211 
0.363961 0.000064 0.243616 0.392358 
0.397613 0.000008 0.294705 0.307674 
0.425730 0.002507 0.299484 0.272279 
0.414456 0.041035 0.197551 0.346958 
0.403656 0.002396 0.346865 0.247083 
0.405960 0.000038 0.307435 0.286567 
0.332040 0.007517 0.496433 0.164010 
0.322045 0.037959 0.526192 0.113804 
0.328743 0.163437 0.501651 0.006170 
0.323115 0.164767 0.505300 0.006818 
0.267579 0.141307 0.590515 0.000599 
0.212724 0.094983 0.689067 0.003225 
0.193908 0.090369 0.713687 0.002036 
0.102898 0.050399 0.846562 0.000141 
0.077885 0.042563 0.879544 0.000008 
0.034700 0.020087 0.945183 0.000029 
0.033381 0.021263 0.944682 0.000674 
0.089513 0.053989 0.856498 0.000001 
0.103494 0.061745 0.834757 0.000004 
0.107053 0.071690 0.821253 0.000004 
0.129467 0.085654 0.784871 0.000008 
0.136041 0.083413 0.777375 0.003171 
0.152242 0.036012 0.766481 0.045264 
0.166302 0.081699 0.751826 0.000173 
0.080250 0.029862 0.886641 0.003247 
0.049667 0.005941 0.929875 0.014517 
0.035631 0.012425 0.949943 0.002001 
0.021503 0.004005 0.970185 0.004308 
0.025392 0.005247 0.964906 0.004455 
0.073093 0.000051 0.891025 0.035831 
0.102085 0.023526 0.858411 0.015978 
0.088774 0.013629 0.876270 0.021327 
0.141442 0.000083 0.788019 0.070456 
0.134284 0.000000 0.752847 0.112870 
0.188395 0.042867 0.738016 0.030721 
0.185092 0.042478 0.742630 0.029800 
0.136491 0.026437 0.810292 0.026780 
0.130121 0.010884 0.816858 0.042136 
0.060255 0.002422 0.914589 0.022734 
0.184892 0.000945 0.719041 0.095122 
0.253536 0.051105 0.633345 0.062015 
0.383470 0.167301 0.410193 0.039035 
0.412550 0.226265 0.339796 0.021390 
0.438724 0.191943 0.079094 0.290238 
0.444064 0.268617 0.196210 0.091109 
0.449777 0.243714 0.137896 0.168613 
0.436035 0.208029 0.056252 0.299684 
0.416562 0.092336 0.150488 0.340614 
0.390531 0.000044 0.270536 0.338889 
0.403777 0.017269 0.216990 0.361964 
0.406833 0.088785 0.134209 0.370174 
0.398345 0.095534 0.120611 0.385511 
0.396824 0.067182 0.146265 0.389729 
0.404405 0.062023 0.160336 0.373236 
0.411716 0.023321 0.229044 0.335919 
0.407406 0.016286 0.233152 0.343156 
0.368461 0.000000 0.303031 0.328507 
0.386563 0.014055 0.208772 0.390610 
0.386079 0.021342 0.201558 0.391022 
0.387292 0.185693 0.029844 0.397171 
0.392569 0.216639 0.013747 0.377046 
0.397195 0.228712 0.013886 0.360207 
0.384524 0.205339 0.014786 0.395351 
0.387361 0.221772 0.006738 0.384129 
0.381806 0.254077 0.000150 0.363967 
0.370121 0.263028 0.000024 0.366827 
0.372865 0.277127 0.000003 0.350006 
0.394961 0.277194 0.000044 0.327801 
0.403718 0.275268 0.000889 0.320125 
0.398478 0.270086 0.000138 0.331298 
0.407380 0.260901 0.001515 0.330204 
0.399656 0.255011 0.003548 0.341785 
0.416902 0.265488 0.002373 0.315237 
0.429009 0.305139 0.118800 0.147051 
0.406810 0.305071 0.000104 0.288016 
0.409877 0.288726 0.000333 0.301064 
0.389595 0.306198 0.000003 0.304204 
0.391633 0.321732 0.000021 0.286614 
0.386326 0.296106 0.000003 0.317564 
0.390298 0.297191 0.000005 0.312505 
0.365503 0.287888 0.000000 0.346608 
0.358451 0.311031 0.000000 0.330518 
0.362487 0.309804 0.000000 0.327708 
0.353332 0.304966 0.000000 0.341702 
0.362881 0.334990 0.000000 0.302129 
0.370411 0.333977 0.000000 0.295612 
0.366502 0.339197 0.000000 0.294301 
0.388340 0.352413 0.000142 0.259105 
0.384300 0.344806 0.000018 0.270875 
0.376966 0.359986 0.000034 0.263014 
0.361301 0.350588 0.000000 0.288112 
0.355066 0.338399 0.000000 0.306535 
0.357468 0.311385 0.000000 0.331147 
0.345778 0.302672 0.000000 0.351550 
0.339523 0.316892 0.000000 0.343585 
0.332694 0.324501 0.000000 0.342805 
0.335386 0.323139 0.000000 0.341474 
0.334429 0.329237 0.000000 0.336334 
0.337934 0.334329 0.000000 0.327737 
0.342381 0.352542 0.000000 0.305077 
0.357412 0.367482 0.000001 0.275104 
0.369141 0.378561 0.000147 0.252151 
0.367140 0.376982 0.000035 0.255843 
0.362866 0.366408 0.000015 0.270711 
0.371206 0.368288 0.000026 0.260481 
0.370088 0.373830 0.000027 0.256055 
0.387041 0.394435 0.020716 0.197809 
0.392169 0.397140 0.103256 0.107436 
0.392897 0.391987 0.077291 0.137825 
0.376857 0.386747 0.006329 0.230067 
0.383606 0.382265 0.002249 0.231880 
0.391800 0.391373 0.048931 0.167896 
0.393108 0.392946 0.055283 0.158663 
0.388462 0.393904 0.025689 0.191945 
0.381967 0.384884 0.224681 0.008468 
0.386604 0.396521 0.039933 0.176941 
0.380691 0.389515 0.002991 0.226804 
0.386007 0.398244 0.078350 0.137399 
0.382313 0.394851 0.061391 0.161444 
0.385946 0.401546 0.099730 0.112778 
0.377737 0.394523 0.220368 0.007372 
0.384624 0.399776 0.170797 0.044803 
0.384025 0.399731 0.152916 0.063329 
0.387923 0.394505 0.142137 0.075435 
0.372673 0.386530 0.003390 0.237406 
0.371628 0.390161 0.001181 0.237030 
0.380928 0.400555 0.124572 0.093946 
0.381838 0.396686 0.201478 0.019998 
0.385691 0.398399 0.165875 0.050035 
0.387003 0.401107 0.091419 0.120472 
0.387341 0.392595 0.071091 0.148973 
0.365865 0.369138 0.000019 0.264978 
0.364615 0.358859 0.000013 0.276512 
0.355034 0.357942 0.000000 0.287023 
0.357275 0.351375 0.000001 0.291348 
0.379029 0.352653 0.000026 0.268293 
0.389021 0.361215 0.001932 0.247832 
0.377108 0.322574 0.000001 0.300318 
0.379110 0.338949 0.000019 0.281923 
0.398472 0.358076 0.023824 0.219628 
0.399220 0.344970 0.254915 0.000895 
0.374018 0.346474 0.279459 0.000048 
0.373224 0.351673 0.270778 0.004325 
0.391861 0.340819 0.267246 0.000075 
0.398943 0.347756 0.244285 0.009016 
0.399502 0.347773 0.011041 0.241685 
0.400001 0.366900 0.013167 0.219931 
0.399222 0.386607 0.106449 0.107723 
0.400797 0.369523 0.117618 0.112062 
0.404690 0.369374 0.115255 0.110680 
0.409341 0.368393 0.117187 0.105079 
0.405238 0.350725 0.054660 0.189378 
0.412033 0.358219 0.132011 0.097737 
0.401458 0.372744 0.161798 0.064000 
0.397401 0.365741 0.025930 0.210929 
0.404830 0.371138 0.149583 0.074449 
0.404043 0.363576 0.211379 0.021002 
0.400721 0.369717 0.023826 0.205736 
0.405818 0.353906 0.096788 0.143488 
0.408627 0.347019 0.234298 0.010056 
0.389260 0.314559 0.000002 0.296180 
0.415788 0.304524 0.000295 0.279393 
0.407765 0.298748 0.000028 0.293458 
0.405694 0.319976 0.000596 0.273734 
0.411525 0.326141 0.001306 0.261028 
0.416953 0.310095 0.000988 0.271964 
0.428055 0.322799 0.077353 0.171793 
0.420933 0.339290 0.040669 0.199108 
0.420918 0.334162 0.221237 0.023684 
0.419963 0.339348 0.054689 0.186000 
0.426632 0.330852 0.085192 0.157324 
0.406458 0.315944 0.277447 0.000152 
0.392331 0.297706 0.000006 0.309957 
0.417782 0.325118 0.005710 0.251391 
0.393513 0.336157 0.000223 0.270108 
0.406721 0.339456 0.003144 0.250680 
0.388282 0.312373 0.000001 0.299343 
0.409830 0.316282 0.000319 0.273569 
0.420031 0.327214 0.022834 0.229921 
0.421589 0.322152 0.014113 0.242146 
0.432317 0.312501 0.117983 0.137200 
0.433465 0.316393 0.122806 0.127336 
0.423536 0.311590 0.019223 0.245651 
0.426222 0.313080 0.224767 0.035931 
0.417519 0.342295 0.109990 0.130196 
0.421278 0.337671 0.118366 0.122685 
0.414416 0.320280 0.028853 0.236451 
0.412560 0.325661 0.014196 0.247583 
0.396366 0.316335 0.000044 0.287255 
0.377337 0.330253 0.000046 0.292364 
0.398875 0.321929 0.004648 0.274548 
0.412467 0.316521 0.249901 0.021110 
0.410739 0.338417 0.239000 0.011844 
0.413192 0.314144 0.270466 0.002198 
0.400743 0.301805 0.297419 0.000032 
0.403484 0.276216 0.319493 0.000806 
0.389648 0.242531 0.338624 0.029197 
0.403698 0.270693 0.325227 0.000383 
0.397071 0.292703 0.310194 0.000032 
0.393548 0.220197 0.365461 0.020794 
0.387874 0.153942 0.389859 0.068325 
0.386090 0.179686 0.395052 0.039172 
0.389902 0.163883 0.396323 0.049891 
0.387015 0.197025 0.391939 0.024021 
0.386297 0.147328 0.394965 0.071411 
0.390300 0.103536 0.393513 0.112651 
0.380823 0.001856 0.380820 0.236501 
0.380387 0.000470 0.376973 0.242170 
0.391632 0.090154 0.396716 0.121497 
0.390755 0.053851 0.396499 0.158895 
0.389075 0.022757 0.394499 0.193668 
0.387706 0.007533 0.390605 0.214156 
0.384688 0.003265 0.386500 0.225546 
0.389457 0.208829 0.390832 0.010881 
0.389666 0.148808 0.392781 0.068744 
0.390907 0.205869 0.390227 0.012998 
0.387910 0.218274 0.388768 0.005048 
0.384751 0.230093 0.383696 0.001460 
0.391955 0.203256 0.383796 0.020993 
0.388988 0.236295 0.371055 0.003662 
0.384920 0.104095 0.387327 0.123657 
0.389397 0.180224 0.393972 0.036407 
0.390545 0.029835 0.394784 0.184836 
0.386638 0.002100 0.378528 0.232735 
0.390872 0.111861 0.397895 0.099372 
0.391459 0.119075 0.394271 0.095195 
0.388894 0.111134 0.394209 0.105763 
0.391160 0.040026 0.388149 0.180665 
0.390810 0.097856 0.400936 0.110397 
0.391333 0.104889 0.400898 0.102880 
0.389443 0.057668 0.397808 0.155081 
0.378024 0.000669 0.385765 0.235542 
0.388289 0.027304 0.396091 0.188316 
0.377360 0.001835 0.385212 0.235593 
0.378857 0.010925 0.386135 0.224084 
0.383386 0.222511 0.389195 0.004909 
0.386817 0.202920 0.392322 0.017941 
0.389473 0.180737 0.395234 0.034556 
0.387890 0.190243 0.394928 0.026939 
0.376901 0.003170 0.382666 0.237263 
0.388849 0.115837 0.392484 0.102830 
0.384816 0.017359 0.389939 0.207886 
0.378190 0.000022 0.346340 0.275448 
0.361977 0.000003 0.368970 0.269050 
0.370152 0.000023 0.374344 0.255481 
0.398850 0.073553 0.387598 0.140000 
0.393312 0.067221 0.389382 0.150085 
0.389879 0.198309 0.393579 0.018234 
0.390741 0.030311 0.392547 0.186401 
0.387573 0.201120 0.392240 0.019068 
0.393217 0.174329 0.389654 0.042800 
0.389203 0.176275 0.392669 0.041852 
0.390223 0.078341 0.397616 0.133819 
0.388766 0.042335 0.396844 0.172055 
0.389095 0.028831 0.391886 0.190188 
0.392753 0.189906 0.388789 0.028551 
0.392301 0.225510 0.369936 0.012253 
0.392260 0.222265 0.377999 0.007476 
0.385016 0.226975 0.385076 0.002933 
0.373065 0.000019 0.366900 0.260016 
0.380787 0.000713 0.383556 0.234945 
0.394413 0.071179 0.395296 0.139112 
0.391873 0.066547 0.396792 0.144787 
0.392141 0.107499 0.400030 0.100330 
0.387529 0.209317 0.388750 0.014404 
0.384984 0.237713 0.375710 0.001593 
0.386693 0.161639 0.391475 0.060194 
0.378481 0.230513 0.388919 0.002086 
0.387414 0.060601 0.393203 0.158782 
0.388728 0.056991 0.393594 0.160687 
0.385929 0.039674 0.383269 0.191129 
0.382176 0.232911 0.383161 0.001752 
0.384779 0.226053 0.384020 0.005148 
0.386239 0.173809 0.388470 0.051482 
0.386099 0.136455 0.390179 0.087267 
0.384904 0.073688 0.390373 0.151036 
0.374907 0.002379 0.380504 0.242211 
0.368298 0.000127 0.367916 0.263659 
0.384609 0.150228 0.387785 0.077379 
0.388977 0.212168 0.386603 0.012253 
0.388797 0.164633 0.388486 0.058084 
0.386557 0.227438 0.381819 0.004187 
0.395194 0.244460 0.358620 0.001726 
0.404728 0.244756 0.347331 0.003185 
0.420185 0.244269 0.324753 0.010793 
0.426141 0.237231 0.315313 0.021315 
0.356691 0.000009 0.279064 0.364236 
0.365734 0.000000 0.319879 0.314387 
0.362061 0.000000 0.297596 0.340343 
0.415170 0.000090 0.295739 0.289001 
0.411847 0.001265 0.266140 0.320748 
0.414528 0.001451 0.311796 0.272225 
0.416385 0.226671 0.335857 0.021087 
0.404700 0.199970 0.359498 0.035831 
0.394007 0.244356 0.356698 0.004938 
0.393426 0.004479 0.356935 0.245161 
0.402939 0.157759 0.358896 0.080406 
0.402071 0.087846 0.379013 0.131070 
0.393604 0.072785 0.386307 0.147304 
0.393809 0.065734 0.395418 0.145038 
0.395233 0.056817 0.391283 0.156667 
0.390526 0.007003 0.384082 0.218390 
0.398897 0.089188 0.391568 0.120348 
0.382952 0.000515 0.381218 0.235315 
0.394737 0.032129 0.389122 0.184012 
0.405594 0.134919 0.379806 0.079680 
0.398950 0.051975 0.387996 0.161080 
0.404896 0.113163 0.383084 0.098856 
0.397735 0.100831 0.396753 0.104681 
0.395651 0.051956 0.395716 0.156677 
0.394295 0.033414 0.394272 0.178020 
0.398797 0.132706 0.392696 0.075801 
0.386373 0.002154 0.384512 0.226961 
0.329157 0.000000 0.329303 0.341540 
0.348604 0.000000 0.347836 0.303560 
0.258639 0.000000 0.254167 0.487193 
0.366236 0.000000 0.344617 0.289147 
0.383425 0.000317 0.366882 0.249377 
0.411013 0.015847 0.352081 0.221059 
0.425054 0.217700 0.328426 0.028821 
0.427146 0.017138 0.317565 0.238151 
0.441638 0.018309 0.284576 0.255477 
0.421168 0.000903 0.306229 0.271700 
0.433478 0.011336 0.300487 0.254698 
0.432945 0.146092 0.322049 0.098914 
0.423831 0.065907 0.335832 0.174430 
0.424093 0.118365 0.343021 0.114522 
0.429496 0.126151 0.332372 0.111981 
0.438553 0.069547 0.306762 0.185138 
0.417268 0.145500 0.353842 0.083390 
0.406744 0.075381 0.375384 0.142490 
0.406453 0.129239 0.377641 0.086667 
0.400694 0.194532 0.377785 0.026989 
0.406326 0.100071 0.378816 0.114787 
0.400561 0.141146 0.388539 0.069753 
0.378710 0.000362 0.378041 0.242886 
0.386936 0.001952 0.384679 0.226433 
0.396661 0.136005 0.396821 0.070514 
0.392784 0.030253 0.392078 0.184884 
0.387513 0.002711 0.384547 0.225228 
0.395960 0.049075 0.388423 0.166542 
0.399636 0.101881 0.394004 0.104478 
0.394123 0.063895 0.393992 0.147990 
0.397134 0.139562 0.393370 0.069935 
0.403980 0.178725 0.375968 0.041328 
0.396690 0.155564 0.391817 0.055929 
0.393906 0.184841 0.393239 0.028013 
0.397153 0.106268 0.397352 0.099226 
0.394034 0.038736 0.394786 0.172444 
0.389594 0.012163 0.390810 0.207432 
0.395664 0.069688 0.395969 0.138679 
0.374944 0.000049 0.375635 0.249372 
0.384688 0.001046 0.383657 0.230609 
0.390541 0.056391 0.390218 0.162850 
0.373559 0.000019 0.369682 0.256739 
0.363904 0.000001 0.358532 0.277563 
0.358805 0.000001 0.350025 0.291170 
0.353502 0.000000 0.353440 0.293058 
0.343873 0.000000 0.333161 0.322966 
0.344895 0.000000 0.309958 0.345147 
0.349650 0.000000 0.301488 0.348863 
0.349976 0.000000 0.300905 0.349119 
0.360471 0.000000 0.293499 0.346029 
0.369382 0.000005 0.268155 0.362458 
0.373812 0.000133 0.251801 0.374255 
0.379668 0.000548 0.244446 0.375338 
0.385378 0.002159 0.226087 0.386376 
0.395040 0.058251 0.150873 0.395836 
0.399669 0.102477 0.105991 0.391863 
0.393927 0.128316 0.081617 0.396139 
0.395792 0.121649 0.084950 0.397609 
0.401784 0.103970 0.108141 0.386105 
0.396435 0.088684 0.118319 0.396563 
0.397288 0.082889 0.124689 0.395134 
0.398479 0.089151 0.118531 0.393840 
0.403685 0.101362 0.111854 0.383099 
0.403576 0.090002 0.128971 0.377451 
0.396582 0.009303 0.222175 0.371940 
0.385134 0.004012 0.222119 0.388736 
0.375473 0.000171 0.250418 0.373938 
0.356539 0.000000 0.284860 0.358600 
0.387457 0.005603 0.218235 0.388705 
0.378606 0.000403 0.241098 0.379893 
0.371930 0.000039 0.252276 0.375755 
0.300271 0.000000 0.397228 0.302501 
0.359926 0.000001 0.279027 0.361047 
0.389127 0.003788 0.236679 0.370406 
0.400095 0.185309 0.035189 0.379407 
0.399175 0.162216 0.054276 0.384333 
0.413882 0.135636 0.089175 0.361308 
0.405056 0.066274 0.153373 0.375298 
0.400082 0.174922 0.044610 0.380385 
0.409646 0.028031 0.206829 0.355493 
0.387908 0.000481 0.245719 0.365891 
0.391128 0.001322 0.236695 0.370855 
0.401965 0.001642 0.244721 0.351672 
0.393952 0.000018 0.275516 0.330515 
0.379296 0.000000 0.303520 0.317184 
0.359836 0.000000 0.300739 0.339425 
0.351752 0.000000 0.299396 0.348852 
0.362178 0.000000 0.310737 0.327085 
0.367935 0.000000 0.294747 0.337318 
0.390858 0.000004 0.306662 0.302475 
0.395317 0.000103 0.325893 0.278687 
0.400269 0.001449 0.335119 0.263162 
0.385634 0.000172 0.363882 0.250311 
0.387638 0.000004 0.328291 0.284067 
0.379932 0.000000 0.314853 0.305214 
0.393475 0.000625 0.354666 0.251233 
0.411983 0.001865 0.331877 0.254274 
0.396871 0.000313 0.347522 0.255294 
0.408783 0.011784 0.352940 0.226493 
0.390067 0.000030 0.339162 0.270741 
0.369929 0.000002 0.358031 0.272038 
0.354450 0.000000 0.336157 0.309393 
0.347306 0.000000 0.335693 0.317001 
0.355372 0.000000 0.352980 0.291648 
0.347821 0.000000 0.349405 0.302774 
0.348159 0.000000 0.331732 0.320110 
0.340072 0.000000 0.324810 0.335118 
0.333350 0.000000 0.334053 0.332597 
0.335024 0.000000 0.330118 0.334859 
0.336399 0.000000 0.330055 0.333546 
0.338542 0.000000 0.338350 0.323108 
0.346612 0.000000 0.324008 0.329380 
0.339407 0.000000 0.321272 0.339321 
0.345829 0.000000 0.309312 0.344859 
0.357939 0.000000 0.284036 0.358025 
0.348791 0.000000 0.303053 0.348155 
0.352549 0.000000 0.296556 0.350895 
0.345857 0.000000 0.313459 0.340684 
0.345219 0.000000 0.315119 0.339662 
0.344155 0.000000 0.322059 0.333786 
0.340454 0.000000 0.319455 0.340091 
0.342213 0.000000 0.327677 0.330110 
0.337344 0.000000 0.327313 0.335342 
0.344925 0.000000 0.330832 0.324243 
0.357551 0.000000 0.342034 0.300414 
0.357578 0.000000 0.327848 0.314574 
0.377664 0.000008 0.358505 0.263824 
0.390272 0.001687 0.373032 0.235010 
0.399397 0.054245 0.386443 0.159915 
0.393660 0.012387 0.386149 0.207803 
0.372534 0.000025 0.372299 0.255142 
0.390074 0.012453 0.389397 0.208075 
0.390153 0.007527 0.387172 0.215148 
0.397295 0.092985 0.394534 0.115186 
0.393757 0.144563 0.393107 0.068573 
0.395736 0.158111 0.395094 0.051060 
0.396221 0.061639 0.395310 0.146830 
0.399476 0.023194 0.378524 0.198806 
0.403806 0.177923 0.377109 0.041163 
0.418883 0.169072 0.350161 0.061883 
0.415693 0.140337 0.357956 0.086014 
0.416613 0.180752 0.351794 0.050841 
0.411900 0.098312 0.365848 0.123941 
0.406537 0.116824 0.379649 0.096990 
0.395886 0.059802 0.390046 0.154265 
0.396084 0.055989 0.394998 0.152929 
0.391674 0.027803 0.391017 0.189505 
0.397370 0.177022 0.382170 0.043437 
0.394584 0.163956 0.391914 0.049546 
0.392216 0.089185 0.381114 0.137485 
0.386142 0.008014 0.383423 0.222421 
0.393445 0.021702 0.380856 0.203997 
0.374495 0.000126 0.373845 0.251534 
0.372568 0.000052 0.373048 0.254331 
0.387082 0.002749 0.386116 0.224053 
0.390044 0.011140 0.386415 0.212401 
0.393661 0.045504 0.393583 0.167253 
0.398520 0.023743 0.382639 0.195098 
0.401116 0.184999 0.380692 0.033192 
0.404205 0.010474 0.363655 0.221666 
0.405494 0.025059 0.364961 0.204485 
0.414521 0.174081 0.357743 0.053654 
0.417209 0.019118 0.340762 0.222911 
0.400463 0.011538 0.369465 0.218534 
0.409699 0.115574 0.373324 0.101402 
0.413842 0.061093 0.349549 0.175516 
0.421308 0.014882 0.325920 0.237889 
0.414892 0.000220 0.304950 0.279938 
0.404570 0.038853 0.204741 0.351836 
0.390326 0.000023 0.274962 0.334688 
0.374622 0.000002 0.274629 0.350748 
0.385364 0.000067 0.256923 0.357645 
0.389676 0.000221 0.258604 0.351499 
0.391649 0.000008 0.280570 0.327773 
0.370415 0.000006 0.264331 0.365248 
0.366724 0.000004 0.272329 0.360943 
0.375464 0.000031 0.251066 0.373439 
0.384287 0.000221 0.246302 0.369189 
0.382675 0.000118 0.246528 0.370679 
0.388019 0.003585 0.220964 0.387433 
0.383007 0.000643 0.234559 0.381791 
0.386482 0.001959 0.227501 0.384059 
0.398362 0.043009 0.170826 0.387803 
0.413212 0.015954 0.222977 0.347857 
0.400747 0.008298 0.223016 0.367939 
0.391868 0.000705 0.241188 0.366239 
0.391373 0.002578 0.228787 0.377262 
0.395518 0.005610 0.223309 0.375563 
0.399993 0.012880 0.213438 0.373689 
0.397406 0.103604 0.101165 0.397825 
0.398792 0.092180 0.116540 0.392487 
0.395353 0.051299 0.157516 0.395832 
0.385324 0.003445 0.224174 0.387057 
0.389455 0.059172 0.160577 0.390796 
0.394062 0.215568 0.009406 0.380964 
0.394734 0.187366 0.034046 0.383855 
0.405026 0.158237 0.062306 0.374431 
0.415827 0.210439 0.027661 0.346073 
0.416298 0.156344 0.070523 0.356835 
0.416000 0.072354 0.154077 0.357568 
0.423607 0.084136 0.149698 0.342559 
0.451312 0.127946 0.191487 0.229255 
0.453991 0.189918 0.146133 0.209958 
0.456464 0.173824 0.210034 0.159678 
0.456730 0.175927 0.199547 0.167796 
0.456640 0.203666 0.141036 0.198658 
0.454321 0.135911 0.262630 0.147138 
0.455090 0.224863 0.205697 0.114351 
0.441427 0.075591 0.298654 0.184328 
0.406988 0.002177 0.340110 0.250725 
0.417081 0.000168 0.282139 0.300613 
0.425255 0.006229 0.254055 0.314461 
0.405720 0.000060 0.286929 0.307291 
0.423963 0.002944 0.280142 0.292951 
0.431775 0.207668 0.041804 0.318754 
0.426306 0.239316 0.015863 0.318515 
0.420933 0.088823 0.146029 0.344215 
0.425288 0.099254 0.135409 0.340049 
0.447247 0.081922 0.187919 0.282912 
0.455583 0.198992 0.205708 0.139717 
0.452763 0.262944 0.128987 0.155306 
0.453058 0.249819 0.120121 0.177002 
0.457865 0.182267 0.189428 0.170440 
0.450084 0.175414 0.096765 0.277737 
0.457443 0.165434 0.195338 0.181785 
0.443302 0.064534 0.294597 0.197567 
0.440157 0.093833 0.306208 0.159802 
0.440870 0.016120 0.278772 0.264239 
0.452196 0.118767 0.186271 0.242765 
0.445170 0.196509 0.077973 0.280348 
0.453494 0.220812 0.116103 0.209591 
0.452628 0.217579 0.210875 0.118918 
0.449899 0.182526 0.238758 0.128816 
0.428948 0.158383 0.098405 0.314264 
0.450181 0.243209 0.129631 0.176980 
0.446528 0.284986 0.160081 0.108405 
0.440597 0.257487 0.015816 0.286100 
0.448187 0.291954 0.123575 0.136284 
0.433311 0.321529 0.076973 0.168187 
0.442196 0.286838 0.046773 0.224193 
0.425215 0.330416 0.049709 0.194659 
0.433696 0.324987 0.121129 0.120187 
0.408199 0.357287 0.036055 0.198459 
0.397903 0.378001 0.038596 0.185499 
0.391024 0.383450 0.004570 0.220956 
0.410869 0.363833 0.146912 0.078385 
0.369784 0.414681 0.213590 0.001945 
0.318555 0.401474 0.279970 0.000000 
0.363761 0.394309 0.241910 0.000020 
0.373467 0.396881 0.228987 0.000665 
0.370053 0.394737 0.235091 0.000119 
0.271367 0.365691 0.362941 0.000000 
0.292756 0.340171 0.367073 0.000000 
0.327944 0.253018 0.419038 0.000000 
0.318506 0.381510 0.299984 0.000000 
0.368605 0.355504 0.275889 0.000002 
0.359176 0.402086 0.130970 0.107769 
0.373355 0.411607 0.182090 0.032948 
0.369661 0.351048 0.279290 0.000001 
0.393731 0.337118 0.268493 0.000659 
0.393940 0.325327 0.280521 0.000211 
0.351007 0.429206 0.003355 0.216432 
0.333078 0.456219 0.000023 0.210679 
0.330596 0.441460 0.000002 0.227942 
0.323173 0.473598 0.000019 0.203209 
0.322366 0.453195 0.000002 0.224438 
0.385804 0.397126 0.019328 0.197742 
0.408875 0.326297 0.000460 0.264369 
0.422145 0.326277 0.019817 0.231761 
0.422104 0.300606 0.001292 0.275998 
0.426209 0.304292 0.002585 0.266915 
0.435114 0.296691 0.038377 0.229817 
0.410162 0.326001 0.263282 0.000555 
0.425698 0.321768 0.228312 0.024222 
0.439793 0.305552 0.189393 0.065262 
0.445722 0.292882 0.098116 0.163281 
0.438500 0.291859 0.254963 0.014678 
0.447776 0.284273 0.197489 0.070462 
0.449752 0.243982 0.119728 0.186537 
0.454375 0.154673 0.134201 0.256751 
0.456105 0.208961 0.157998 0.176936 
0.450792 0.115289 0.275317 0.158602 
0.446848 0.101654 0.162350 0.289148 
0.387385 0.007361 0.213877 0.391378 
0.446506 0.032344 0.261941 0.259208 
0.438672 0.147267 0.312381 0.101680 
0.442493 0.145541 0.304198 0.107767 
0.433097 0.119669 0.324870 0.122364 
0.409693 0.109632 0.373488 0.107187 
0.424981 0.000542 0.289621 0.284856 
0.444888 0.046727 0.288002 0.220383 
0.450078 0.084604 0.277283 0.188034 
0.458010 0.174895 0.198902 0.168193 
0.457302 0.162648 0.172206 0.207843 
0.449868 0.151526 0.154723 0.243883 
0.452889 0.150230 0.184056 0.212824 
0.455827 0.178600 0.230013 0.135560 
0.448367 0.139753 0.283015 0.128865 
0.440461 0.174551 0.288241 0.096747 
0.434016 0.008513 0.287593 0.269878 
0.410226 0.000040 0.286429 0.303305 
0.444473 0.047829 0.286550 0.221148 
0.436562 0.194817 0.311606 0.057015 
0.428635 0.195609 0.326035 0.049720 
0.426475 0.102218 0.331905 0.139402 
0.421879 0.000674 0.302197 0.275250 
0.411910 0.005582 0.340476 0.242033 
0.419565 0.149783 0.350873 0.079779 
0.428210 0.112066 0.331894 0.127829 
0.429017 0.149415 0.331649 0.089919 
0.426320 0.090845 0.331557 0.151278 
0.411095 0.003066 0.337887 0.247952 
0.408311 0.000388 0.327073 0.264228 
0.404286 0.000013 0.290886 0.304815 
0.421956 0.000347 0.285171 0.292526 
0.402018 0.000008 0.306631 0.291343 
0.370582 0.000000 0.307677 0.321741 
0.381379 0.000002 0.278871 0.339748 
0.361591 0.000001 0.279625 0.358783 
0.384053 0.002757 0.238781 0.374408 
