0.286892 0.190185 0.234794 0.288129 
0.279205 0.260665 0.223534 0.236595 
0.266197 0.271402 0.204738 0.257663 
0.329717 0.327765 0.013960 0.328557 
0.335661 0.331740 0.000158 0.332440 
0.337915 0.333686 0.000183 0.328216 
0.354006 0.344655 0.000001 0.301337 
0.360172 0.340867 0.000000 0.298961 
0.350802 0.324990 0.000000 0.324208 
0.344628 0.327623 0.000000 0.327749 
0.338628 0.324275 0.000000 0.337096 
0.343600 0.325901 0.000000 0.330499 
0.340160 0.332106 0.000000 0.327734 
0.346895 0.331517 0.000000 0.321587 
0.349699 0.331737 0.000000 0.318564 
0.359735 0.347182 0.000000 0.293083 
0.367383 0.357092 0.000001 0.275524 
0.384987 0.368522 0.000331 0.246160 
0.374621 0.369809 0.000015 0.255554 
0.379195 0.376380 0.000282 0.244144 
0.388238 0.388540 0.009789 0.213433 
0.389712 0.390683 0.139562 0.080043 
0.374589 0.374702 0.250683 0.000027 
0.364400 0.363229 0.272370 0.000002 
0.374970 0.375054 0.247903 0.002073 
0.386178 0.384702 0.195070 0.034050 
0.395257 0.396387 0.118970 0.089387 
0.391752 0.393425 0.134504 0.080319 
0.378976 0.379619 0.000702 0.240703 
0.378912 0.379727 0.000170 0.241191 
0.392149 0.392347 0.094228 0.121277 
0.391672 0.391957 0.015271 0.201101 
0.389738 0.390542 0.166562 0.053158 
0.389493 0.390943 0.069169 0.150394 
0.387451 0.388004 0.009940 0.214604 
0.392963 0.392058 0.189089 0.025889 
0.395271 0.396584 0.145553 0.062592 
0.397773 0.396023 0.106243 0.099960 
0.395756 0.397391 0.072404 0.134449 
0.381959 0.380951 0.000436 0.236654 
0.357678 0.356955 0.000000 0.285367 
0.341697 0.341477 0.000000 0.316826 
0.327576 0.327057 0.000000 0.345367 
0.352813 0.341361 0.000000 0.305826 
0.321177 0.313739 0.000000 0.365084 
0.257603 0.253601 0.000000 0.488796 
0.215598 0.214513 0.000000 0.569888 
0.336187 0.333134 0.000000 0.330678 
0.323275 0.316776 0.000000 0.359949 
0.335898 0.314989 0.000000 0.349113 
0.353885 0.330770 0.000000 0.315345 
0.351029 0.342730 0.000000 0.306241 
0.387277 0.379422 0.001241 0.232060 
0.396029 0.393343 0.094220 0.116408 
0.402817 0.382246 0.146275 0.068662 
0.396527 0.379258 0.024813 0.199402 
0.403218 0.386822 0.104178 0.105781 
0.399691 0.385714 0.164008 0.050588 
0.399278 0.378659 0.055040 0.167024 
0.402542 0.366139 0.039396 0.191923 
0.392647 0.354156 0.118175 0.135023 
0.388263 0.360948 0.250639 0.000150 
0.392827 0.338816 0.268313 0.000043 
0.389127 0.345592 0.265251 0.000030 
0.390667 0.371859 0.101239 0.136235 
0.400667 0.355147 0.242048 0.002139 
0.395741 0.358355 0.242095 0.003809 
0.391947 0.321067 0.000131 0.286856 
0.381385 0.318789 0.000001 0.299826 
0.381262 0.318092 0.000006 0.300640 
0.382143 0.322744 0.000005 0.295107 
0.383653 0.308383 0.000000 0.307964 
0.394020 0.313091 0.000002 0.292886 
0.398107 0.319299 0.000011 0.282582 
0.409782 0.302794 0.000059 0.287365 
0.412870 0.329439 0.004091 0.253601 
0.409459 0.326541 0.000589 0.263410 
0.407492 0.353642 0.007577 0.231290 
0.403127 0.373749 0.197851 0.025274 
0.413441 0.361666 0.076067 0.148827 
0.401294 0.380951 0.097324 0.120431 
0.399560 0.387092 0.127951 0.085397 
0.394655 0.384801 0.204862 0.015681 
0.386238 0.378968 0.000816 0.233978 
0.402214 0.383338 0.094934 0.119515 
0.404298 0.376939 0.102274 0.116489 
0.411039 0.360089 0.179285 0.049588 
0.415199 0.352861 0.040144 0.191796 
0.427928 0.335974 0.127785 0.108313 
0.428113 0.335296 0.115930 0.120660 
0.430248 0.327128 0.079255 0.163370 
0.435440 0.314143 0.130155 0.120263 
0.432955 0.323292 0.148721 0.095031 
0.413085 0.337421 0.005721 0.243773 
0.409323 0.334518 0.001544 0.254615 
0.417482 0.353446 0.122807 0.106266 
0.422719 0.340944 0.064913 0.171423 
0.416648 0.349080 0.094152 0.140120 
0.412630 0.346030 0.124049 0.117291 
0.418429 0.347799 0.091300 0.142471 
0.396422 0.339020 0.000130 0.264428 
0.404042 0.325883 0.000337 0.269738 
0.427564 0.330495 0.118163 0.123779 
0.422498 0.328110 0.233143 0.016248 
0.425392 0.322701 0.234221 0.017687 
0.428680 0.301345 0.262346 0.007630 
0.445661 0.287424 0.165500 0.101416 
0.446074 0.295749 0.126184 0.131993 
0.442284 0.273781 0.033109 0.250826 
0.412233 0.278856 0.000136 0.308776 
0.435612 0.312240 0.191907 0.060241 
0.423046 0.276803 0.000733 0.299417 
0.433896 0.315239 0.080225 0.170640 
0.440862 0.272075 0.232007 0.055056 
0.438424 0.045057 0.284389 0.232130 
0.442853 0.243526 0.286308 0.027313 
0.447011 0.236051 0.267435 0.049504 
0.454455 0.113518 0.240726 0.191301 
0.434715 0.007335 0.285838 0.272113 
0.456803 0.167650 0.166686 0.208862 
0.413427 0.157111 0.073956 0.355505 
0.372496 0.155947 0.034167 0.437390 
0.368352 0.113458 0.070445 0.447745 
0.347402 0.137321 0.032794 0.482483 
0.380673 0.110448 0.083030 0.425849 
0.273134 0.084921 0.031016 0.610929 
0.402703 0.177759 0.042967 0.376571 
0.441414 0.025223 0.262187 0.271175 
0.451479 0.144628 0.276647 0.127247 
0.444976 0.243276 0.267314 0.044434 
0.442773 0.272475 0.112198 0.172554 
0.436736 0.263490 0.286882 0.012893 
0.437022 0.279672 0.064522 0.218784 
0.425833 0.336605 0.121219 0.116343 
0.415414 0.228866 0.016607 0.339113 
0.399361 0.092516 0.130267 0.377856 
0.403512 0.000674 0.261208 0.334606 
0.309441 0.000687 0.169553 0.520319 
0.305389 0.000006 0.209280 0.485326 
0.358646 0.000241 0.219654 0.421459 
0.293543 0.000076 0.170374 0.536007 
0.301390 0.000527 0.164679 0.533404 
0.202568 0.002939 0.089488 0.705005 
0.220982 0.003750 0.095249 0.680019 
0.219635 0.005671 0.090514 0.684180 
0.375406 0.115770 0.072081 0.436743 
0.375199 0.092420 0.092772 0.439609 
0.396726 0.069614 0.138297 0.395363 
0.426637 0.063117 0.177593 0.332653 
0.425815 0.003397 0.264274 0.306514 
0.417946 0.076300 0.352015 0.153739 
0.414372 0.110775 0.363414 0.111439 
0.403562 0.048651 0.377013 0.170773 
0.450779 0.142320 0.281098 0.125803 
0.447683 0.074361 0.264757 0.213200 
0.458202 0.186265 0.176508 0.179026 
0.453066 0.089974 0.236611 0.220349 
0.444878 0.035688 0.278181 0.241253 
0.450156 0.084198 0.255729 0.209917 
0.453305 0.185777 0.251821 0.109097 
0.449005 0.187907 0.280627 0.082462 
0.436594 0.080254 0.304883 0.178269 
0.421338 0.036527 0.328448 0.213686 
0.413362 0.001086 0.277650 0.307902 
0.339788 0.000000 0.290587 0.369625 
0.340674 0.000000 0.324589 0.334737 
0.297861 0.000000 0.474915 0.227224 
0.253652 0.000000 0.504998 0.241349 
0.327910 0.000000 0.388794 0.283296 
0.324303 0.000000 0.317048 0.358648 
0.359029 0.000000 0.279533 0.361437 
0.246574 0.000829 0.121246 0.631351 
0.168349 0.010754 0.060575 0.760322 
0.175566 0.002170 0.078486 0.743777 
0.141349 0.021929 0.034071 0.802651 
0.144797 0.031689 0.025019 0.798495 
0.074077 0.006828 0.025470 0.893625 
0.061464 0.012642 0.011802 0.914092 
0.172153 0.037986 0.031788 0.758073 
0.287576 0.083553 0.048288 0.580583 
0.231756 0.022997 0.083787 0.661460 
0.231769 0.005064 0.104873 0.658293 
0.275959 0.000573 0.152264 0.571205 
0.217073 0.010483 0.094128 0.678316 
0.242453 0.000042 0.141662 0.615842 
0.323345 0.000003 0.226578 0.450074 
0.337646 0.000000 0.291305 0.371049 
0.346443 0.000000 0.267028 0.386529 
0.393578 0.000004 0.302859 0.303558 
0.395228 0.000227 0.337566 0.266979 
0.371770 0.000000 0.333815 0.294415 
0.391429 0.001893 0.358306 0.248372 
0.390223 0.018962 0.384311 0.206504 
0.378580 0.000268 0.362372 0.258780 
0.369288 0.000000 0.334681 0.296031 
0.373226 0.000013 0.355796 0.270965 
0.390022 0.013652 0.376521 0.219804 
0.391599 0.100867 0.394951 0.112583 
0.373865 0.011142 0.389645 0.225348 
0.357246 0.000001 0.368472 0.274281 
0.370640 0.000358 0.381886 0.247116 
0.372246 0.000414 0.386704 0.240636 
0.378995 0.003915 0.390893 0.226197 
0.377919 0.002486 0.390707 0.228888 
0.385848 0.014152 0.390573 0.209427 
0.365770 0.000026 0.372390 0.261814 
0.376853 0.000786 0.379943 0.242418 
0.389920 0.043389 0.390888 0.175804 
0.386167 0.227936 0.383515 0.002382 
0.394888 0.183804 0.388012 0.033296 
0.403864 0.044904 0.363552 0.187680 
0.425592 0.118701 0.335128 0.120579 
0.441469 0.151461 0.293666 0.113404 
0.432913 0.202501 0.095507 0.269079 
0.426156 0.256768 0.015068 0.302008 
0.443309 0.214478 0.073145 0.269068 
0.452269 0.223248 0.161065 0.163418 
0.451579 0.176091 0.172807 0.199523 
0.450245 0.208661 0.173022 0.168072 
0.451715 0.179243 0.180051 0.188991 
0.453087 0.175400 0.188823 0.182690 
0.451874 0.227209 0.140832 0.180084 
0.453713 0.179136 0.196240 0.170912 
0.450843 0.119154 0.180688 0.249315 
0.443906 0.129613 0.294112 0.132369 
0.448903 0.148127 0.274350 0.128620 
0.449317 0.146262 0.275079 0.129342 
0.454687 0.150592 0.216626 0.178095 
0.456734 0.182101 0.179273 0.181891 
0.453481 0.196423 0.139716 0.210379 
0.447965 0.250478 0.205625 0.095931 
0.444109 0.234881 0.047489 0.273521 
0.451972 0.250729 0.161320 0.135979 
0.449016 0.134497 0.248956 0.167530 
0.455344 0.183393 0.211968 0.149296 
0.441162 0.181376 0.075271 0.302191 
0.452379 0.204061 0.208535 0.135025 
0.450380 0.210309 0.192681 0.146631 
0.450053 0.171621 0.274359 0.103967 
0.444488 0.137002 0.295323 0.123186 
0.437993 0.022635 0.296283 0.243089 
0.447697 0.119551 0.285749 0.147003 
0.447627 0.168756 0.213742 0.169875 
0.443569 0.090724 0.165695 0.300013 
0.444664 0.127223 0.127164 0.300948 
0.425113 0.108811 0.124294 0.341781 
0.402189 0.190696 0.030423 0.376692 
0.435419 0.130312 0.122379 0.311890 
0.448507 0.078664 0.208703 0.264126 
0.429311 0.054745 0.193462 0.322482 
0.417323 0.001447 0.265424 0.315806 
0.395670 0.009083 0.215714 0.379534 
0.345137 0.015720 0.163478 0.475664 
0.331543 0.045707 0.111525 0.511224 
0.238930 0.038797 0.058542 0.663731 
0.373431 0.104113 0.082509 0.439948 
0.308392 0.057427 0.083482 0.550699 
0.324487 0.054632 0.092779 0.528101 
0.381302 0.081943 0.109506 0.427249 
0.338976 0.038660 0.123594 0.498769 
0.262626 0.055446 0.051897 0.630031 
0.247510 0.060035 0.040202 0.652254 
0.209633 0.006098 0.084702 0.699567 
0.234493 0.009031 0.093603 0.662873 
0.261497 0.048598 0.058650 0.631255 
0.289504 0.046869 0.079915 0.583712 
0.318400 0.001727 0.166659 0.513213 
0.309720 0.000133 0.178802 0.511345 
0.387428 0.001866 0.231629 0.379077 
0.454976 0.175779 0.236804 0.132441 
0.434467 0.005607 0.289930 0.269996 
0.424838 0.022054 0.321811 0.231298 
0.440151 0.096616 0.305440 0.157792 
0.438896 0.169667 0.304849 0.086588 
0.448221 0.189281 0.275800 0.086699 
0.448431 0.268520 0.100900 0.182149 
0.435953 0.256948 0.019025 0.288074 
0.436290 0.306482 0.039649 0.217580 
0.431081 0.322161 0.063710 0.183049 
0.423435 0.328903 0.220041 0.027621 
0.419898 0.337073 0.126078 0.116951 
0.418627 0.332166 0.226732 0.022475 
0.424683 0.333891 0.103582 0.137844 
0.413093 0.306085 0.000180 0.280642 
0.430189 0.327328 0.086446 0.156036 
0.430811 0.323072 0.130292 0.115826 
0.445544 0.294026 0.152702 0.107728 
0.448503 0.287793 0.131442 0.132263 
0.440755 0.302347 0.127508 0.129390 
0.437530 0.279278 0.008580 0.274612 
0.420800 0.290911 0.000318 0.287970 
0.415247 0.324918 0.206172 0.053663 
0.420895 0.315377 0.071122 0.192606 
0.417795 0.313329 0.000898 0.267979 
0.418016 0.279204 0.000740 0.302040 
0.413512 0.300196 0.014761 0.271531 
0.432450 0.320704 0.160459 0.086387 
0.428712 0.327801 0.188319 0.055168 
0.434668 0.320283 0.093285 0.151764 
0.450031 0.286413 0.131307 0.132248 
0.449504 0.280866 0.164660 0.104970 
0.449780 0.259021 0.120738 0.170461 
0.449118 0.266098 0.230062 0.054722 
0.455829 0.167955 0.235398 0.140818 
0.455614 0.237843 0.152295 0.154248 
0.454560 0.229136 0.200396 0.115908 
0.443313 0.264373 0.019176 0.273139 
0.441649 0.076718 0.190218 0.291415 
0.439380 0.057711 0.198958 0.303951 
0.442485 0.124831 0.127208 0.305475 
0.436172 0.128660 0.115990 0.319178 
0.443747 0.124304 0.129235 0.302715 
0.454649 0.134041 0.157574 0.253736 
0.438123 0.078065 0.173784 0.310028 
0.451882 0.086343 0.252627 0.209148 
0.444857 0.079616 0.183950 0.291577 
0.412787 0.000180 0.283412 0.303620 
0.430488 0.047465 0.201334 0.320713 
0.346201 0.099453 0.064198 0.490149 
0.351673 0.091761 0.073579 0.482987 
0.268619 0.051963 0.059853 0.619565 
0.354269 0.106039 0.065241 0.474451 
0.282639 0.025456 0.097617 0.594289 
0.223364 0.005701 0.091822 0.679113 
0.205059 0.000749 0.095629 0.698563 
0.291406 0.009781 0.125491 0.573322 
0.294820 0.067328 0.060901 0.576951 
0.408819 0.156739 0.066102 0.368340 
0.383294 0.139464 0.059606 0.417635 
0.328675 0.038846 0.115328 0.517151 
0.173874 0.005809 0.067502 0.752815 
0.304417 0.001126 0.159768 0.534689 
0.234565 0.000001 0.148826 0.616609 
0.272771 0.000003 0.202159 0.525067 
0.155043 0.000026 0.114658 0.730273 
0.173548 0.002060 0.107078 0.717313 
0.200378 0.004969 0.111349 0.683303 
0.185232 0.002149 0.092772 0.719847 
0.216635 0.000000 0.142439 0.640925 
0.170762 0.000000 0.110452 0.718786 
0.209918 0.000014 0.120305 0.669763 
0.238743 0.000127 0.133071 0.628058 
0.391079 0.006383 0.224821 0.377717 
0.396830 0.033951 0.196839 0.372380 
0.266143 0.041295 0.076672 0.615890 
0.296033 0.086242 0.050435 0.567290 
0.378075 0.169328 0.034003 0.418593 
0.391883 0.195369 0.024472 0.388277 
0.295815 0.110453 0.031136 0.562597 
0.265160 0.025715 0.095547 0.613579 
0.314176 0.101585 0.046265 0.537973 
0.310937 0.151062 0.007664 0.530336 
0.377569 0.175310 0.032465 0.414656 
0.386499 0.237422 0.001779 0.374299 
0.405250 0.267161 0.000897 0.326692 
0.434221 0.309661 0.112540 0.143578 
0.432880 0.304639 0.033408 0.229073 
0.424457 0.326627 0.094936 0.153981 
0.413569 0.328770 0.222246 0.035414 
0.401888 0.323930 0.000428 0.273753 
0.412451 0.332359 0.014338 0.240853 
0.401287 0.345997 0.248633 0.004083 
0.417521 0.315155 0.021021 0.246303 
0.420004 0.260999 0.019648 0.299349 
0.397552 0.297414 0.000051 0.304983 
0.371057 0.294294 0.000001 0.334648 
0.351441 0.313556 0.000000 0.335003 
0.349094 0.309548 0.000000 0.341358 
0.370875 0.344853 0.000005 0.284267 
0.398236 0.336934 0.159963 0.104867 
0.404481 0.352886 0.206941 0.035691 
0.389966 0.322971 0.000025 0.287037 
0.361129 0.314657 0.000000 0.324215 
0.379680 0.314378 0.000003 0.305938 
0.394737 0.344506 0.000859 0.259898 
0.378100 0.330443 0.000020 0.291437 
0.391628 0.350837 0.003878 0.253658 
0.378915 0.352032 0.000021 0.269031 
0.377020 0.364658 0.000142 0.258180 
0.360530 0.358477 0.000001 0.280992 
0.380269 0.355790 0.000046 0.263895 
0.391902 0.382875 0.014603 0.210619 
0.388744 0.377644 0.003433 0.230179 
0.395267 0.362398 0.002104 0.240231 
0.404422 0.356031 0.041428 0.198119 
0.415243 0.357426 0.119595 0.107736 
0.412218 0.360885 0.170655 0.056242 
0.416071 0.344580 0.205040 0.034308 
0.417924 0.353129 0.080946 0.148001 
0.415992 0.349208 0.049304 0.185495 
0.409429 0.353822 0.165989 0.070760 
0.411988 0.354587 0.059201 0.174224 
0.407820 0.343190 0.004782 0.244209 
0.407320 0.350036 0.010889 0.231755 
0.409182 0.364108 0.128774 0.097936 
0.410184 0.365275 0.057030 0.167511 
0.407823 0.371559 0.061813 0.158806 
0.411550 0.367032 0.081862 0.139557 
0.410434 0.367700 0.067589 0.154278 
0.408084 0.373373 0.103703 0.114840 
0.410811 0.371735 0.107893 0.109560 
0.420233 0.342388 0.134655 0.102723 
0.421299 0.325646 0.234904 0.018151 
0.415168 0.325877 0.025962 0.232993 
0.420197 0.325481 0.007784 0.246537 
0.429846 0.324429 0.196252 0.049473 
0.439297 0.301793 0.174321 0.084589 
0.427068 0.292202 0.279774 0.000956 
0.433689 0.274764 0.285702 0.005845 
0.415565 0.173958 0.329614 0.080863 
0.430084 0.243791 0.294294 0.031832 
0.445313 0.266529 0.262202 0.025956 
0.444797 0.231843 0.282125 0.041235 
0.443683 0.136801 0.292071 0.127445 
0.429527 0.134658 0.315583 0.120232 
0.440688 0.243499 0.291944 0.023870 
0.431186 0.106352 0.313108 0.149354 
0.431916 0.240341 0.308443 0.019299 
0.435995 0.212905 0.306269 0.044831 
0.442412 0.284525 0.249372 0.023691 
0.441260 0.254432 0.281641 0.022667 
0.441179 0.285116 0.218470 0.055235 
0.449802 0.266988 0.156199 0.127012 
0.436216 0.272081 0.284217 0.007486 
0.426327 0.244227 0.315257 0.014189 
0.434107 0.263402 0.295197 0.007294 
0.415788 0.018873 0.314128 0.251211 
0.419581 0.250866 0.318990 0.010563 
0.410187 0.144587 0.330583 0.114643 
0.400329 0.257508 0.336229 0.005934 
0.413062 0.114426 0.345080 0.127432 
0.413126 0.178622 0.358885 0.049367 
0.395600 0.000881 0.336587 0.266932 
0.398309 0.011651 0.349895 0.240145 
0.407509 0.013883 0.354183 0.224425 
0.400607 0.000513 0.327671 0.271209 
0.425981 0.003746 0.294941 0.275332 
0.437573 0.146913 0.313696 0.101818 
0.435669 0.169818 0.314221 0.080293 
0.429329 0.007024 0.305088 0.258560 
0.400836 0.000012 0.308534 0.290619 
0.324550 0.000000 0.294721 0.380730 
0.238762 0.000000 0.195909 0.565329 
0.248113 0.000000 0.238213 0.513673 
0.279137 0.000000 0.267839 0.453024 
0.246114 0.000000 0.222044 0.531842 
0.181493 0.000000 0.168625 0.649881 
0.296425 0.000000 0.292881 0.410694 
0.344262 0.000000 0.344305 0.311433 
0.392275 0.017467 0.391320 0.198939 
0.394943 0.000500 0.356561 0.247996 
0.411193 0.142207 0.367108 0.079492 
0.399520 0.197267 0.379843 0.023369 
0.391745 0.207706 0.376832 0.023717 
0.384947 0.234687 0.377568 0.002798 
0.385868 0.231197 0.379873 0.003062 
0.389651 0.128934 0.390280 0.091135 
0.397473 0.159617 0.391053 0.051856 
0.406738 0.102665 0.378558 0.112039 
0.405132 0.100165 0.380945 0.113758 
0.411780 0.061821 0.362897 0.163502 
0.404089 0.081396 0.381097 0.133418 
0.400930 0.117495 0.389221 0.092354 
0.399938 0.095961 0.391795 0.112306 
0.395752 0.116317 0.388911 0.099020 
0.405814 0.155101 0.372596 0.066489 
0.405079 0.213103 0.361709 0.020109 
0.412136 0.095303 0.354103 0.138458 
0.416370 0.046289 0.350079 0.187261 
0.426223 0.147985 0.334332 0.091461 
0.435555 0.189169 0.310082 0.065195 
0.450621 0.177027 0.252653 0.119699 
0.451808 0.161288 0.263463 0.123441 
0.442754 0.054736 0.291818 0.210692 
0.449612 0.095021 0.251760 0.203607 
0.434710 0.041802 0.213524 0.309963 
0.430007 0.069300 0.174964 0.325730 
0.445203 0.127331 0.129068 0.298398 
0.448987 0.055153 0.256587 0.239273 
0.452026 0.139137 0.134339 0.274497 
0.454286 0.140638 0.252125 0.152951 
0.454946 0.176774 0.232926 0.135354 
0.454135 0.232910 0.131439 0.181515 
0.456857 0.169256 0.151053 0.222834 
0.445053 0.189326 0.073086 0.292535 
0.446226 0.068337 0.200340 0.285097 
0.449668 0.069745 0.215951 0.264635 
0.436353 0.009326 0.262548 0.291773 
0.418225 0.007315 0.325945 0.248515 
0.443687 0.079504 0.296237 0.180571 
0.449482 0.106476 0.283513 0.160529 
0.447324 0.104791 0.290115 0.157771 
0.427155 0.013538 0.314930 0.244377 
0.452195 0.151785 0.264012 0.132008 
0.451379 0.109704 0.268583 0.170335 
0.448275 0.201563 0.109696 0.240467 
0.449374 0.222284 0.076833 0.251510 
0.442078 0.281573 0.061886 0.214463 
0.449014 0.284525 0.133475 0.132986 
0.441617 0.299887 0.110371 0.148125 
0.443887 0.297647 0.098525 0.159940 
0.452721 0.235686 0.216879 0.094715 
0.454553 0.224545 0.180747 0.140155 
0.456236 0.166740 0.215867 0.161158 
0.438275 0.230303 0.031728 0.299694 
0.449158 0.284905 0.150672 0.115265 
0.449286 0.225558 0.062165 0.262991 
0.440152 0.115344 0.170044 0.274459 
0.446049 0.094440 0.288722 0.170788 
0.444688 0.042591 0.276429 0.236292 
0.420160 0.028172 0.215966 0.335703 
0.394370 0.001369 0.240452 0.363808 
0.405868 0.069666 0.147889 0.376576 
0.414465 0.103014 0.120700 0.361822 
0.428115 0.181697 0.061641 0.328547 
0.420825 0.141136 0.089291 0.348748 
0.418074 0.014959 0.229488 0.337480 
0.379355 0.000001 0.293156 0.327489 
0.388797 0.000052 0.276378 0.334773 
0.397023 0.000066 0.273284 0.329626 
0.409996 0.085053 0.142782 0.362168 
0.416930 0.132154 0.093343 0.357573 
0.406705 0.073690 0.143564 0.376041 
0.402943 0.034864 0.186779 0.375414 
0.421468 0.021646 0.222869 0.334017 
0.424768 0.013954 0.238413 0.322865 
0.407203 0.001885 0.248380 0.342532 
0.426119 0.001708 0.271625 0.300548 
0.410296 0.000137 0.295682 0.293884 
0.421841 0.010308 0.241348 0.326504 
0.431902 0.095837 0.145436 0.326825 
0.431497 0.112426 0.127093 0.328984 
0.422066 0.020524 0.224875 0.332534 
0.365879 0.000000 0.328210 0.305911 
0.340465 0.000000 0.345194 0.314341 
0.368729 0.000002 0.269265 0.362004 
0.380001 0.000224 0.248755 0.371020 
0.367407 0.000001 0.268819 0.363773 
0.307886 0.000000 0.385373 0.306741 
0.337676 0.000000 0.343897 0.318426 
0.363920 0.000000 0.293459 0.342621 
0.395701 0.000310 0.252234 0.351755 
0.368937 0.000002 0.270194 0.360867 
0.367997 0.000000 0.293502 0.338501 
0.423130 0.031476 0.223959 0.321435 
0.404119 0.000063 0.280030 0.315788 
0.394048 0.000051 0.270939 0.334962 
0.389904 0.000003 0.321879 0.288214 
0.392519 0.000603 0.359285 0.247593 
0.396703 0.002482 0.358562 0.242252 
0.409063 0.009384 0.339290 0.242262 
0.414771 0.251015 0.330207 0.004007 
0.397459 0.231687 0.367216 0.003638 
0.378276 0.218370 0.401355 0.002000 
0.346699 0.072637 0.489239 0.091426 
0.345906 0.143098 0.481192 0.029804 
0.332707 0.144533 0.505657 0.017103 
0.285130 0.000179 0.557635 0.157056 
0.341520 0.000002 0.415983 0.242496 
0.308902 0.000533 0.506560 0.184005 
0.347620 0.000145 0.432214 0.220022 
0.409154 0.038232 0.335097 0.217518 
0.376730 0.213900 0.405401 0.003969 
0.346125 0.188887 0.462673 0.002314 
0.331562 0.172244 0.489773 0.006422 
0.409589 0.278152 0.312120 0.000139 
0.416581 0.290386 0.292847 0.000186 
0.407660 0.346380 0.049892 0.196068 
0.420076 0.347330 0.139281 0.093314 
0.420989 0.344269 0.164307 0.070435 
0.422416 0.329106 0.229412 0.019067 
0.411916 0.297674 0.290327 0.000083 
0.420630 0.318060 0.249238 0.012072 
0.418551 0.297642 0.283569 0.000237 
0.404805 0.353683 0.231508 0.010004 
0.385434 0.377501 0.235142 0.001923 
0.404905 0.348669 0.242820 0.003606 
0.380663 0.384572 0.234207 0.000558 
0.401045 0.347421 0.002165 0.249370 
0.390512 0.317629 0.000002 0.291858 
0.368131 0.245597 0.000035 0.386238 
0.193294 0.147301 0.000000 0.659405 
0.212612 0.215452 0.000000 0.571936 
0.203495 0.212452 0.000000 0.584053 
0.223274 0.266809 0.000000 0.509916 
0.297886 0.366979 0.000000 0.335135 
0.181534 0.230715 0.000000 0.587751 
0.242291 0.252847 0.000000 0.504861 
0.270249 0.204085 0.000000 0.525666 
0.213500 0.244031 0.000000 0.542469 
0.222556 0.366026 0.000000 0.411418 
0.292829 0.430384 0.000000 0.276787 
0.286495 0.458164 0.000000 0.255341 
0.167212 0.385552 0.000000 0.447236 
0.155067 0.548852 0.000000 0.296081 
0.202203 0.449473 0.000000 0.348323 
0.282494 0.436340 0.000000 0.281166 
0.356920 0.358886 0.000000 0.284194 
0.388023 0.346994 0.000103 0.264881 
0.421238 0.329582 0.031440 0.217740 
0.432065 0.317988 0.203100 0.046847 
0.432082 0.305672 0.248100 0.014146 
0.420119 0.309724 0.267432 0.002725 
0.446849 0.235832 0.089749 0.227570 
0.455574 0.151468 0.248141 0.144817 
0.451780 0.228355 0.079838 0.240027 
0.457559 0.186244 0.161235 0.194962 
0.456739 0.155670 0.229839 0.157752 
0.453686 0.147346 0.134388 0.264581 
0.453058 0.263172 0.176221 0.107549 
0.436381 0.267559 0.027157 0.268903 
0.432948 0.194397 0.055112 0.317543 
0.436042 0.133869 0.110925 0.319164 
0.444646 0.050603 0.214342 0.290410 
0.457441 0.176598 0.159072 0.206888 
0.454534 0.136893 0.253066 0.155508 
0.448403 0.146225 0.289526 0.115846 
0.440867 0.074213 0.293985 0.190934 
0.437975 0.021355 0.297693 0.242977 
0.434939 0.177149 0.316476 0.071436 
0.437664 0.115266 0.312875 0.134195 
0.430115 0.011269 0.306713 0.251903 
0.439556 0.030535 0.296410 0.233500 
0.450094 0.118994 0.282603 0.148309 
0.416221 0.011211 0.236480 0.336089 
0.414758 0.017735 0.335923 0.231583 
0.437202 0.105793 0.310726 0.146279 
0.430331 0.197484 0.320385 0.051799 
0.432151 0.039878 0.310590 0.217381 
0.428569 0.003788 0.298305 0.269338 
0.437572 0.010229 0.278250 0.273948 
0.452331 0.133139 0.268861 0.145669 
0.453646 0.108046 0.211878 0.226429 
0.448885 0.073873 0.277885 0.199357 
0.456342 0.135622 0.199886 0.208150 
0.444873 0.110870 0.147191 0.297065 
0.443549 0.129275 0.126151 0.301025 
0.441671 0.076056 0.184396 0.297878 
0.433179 0.006683 0.262896 0.297242 
0.437286 0.072121 0.311485 0.179107 
0.445248 0.199769 0.262989 0.091994 
0.443646 0.238714 0.284183 0.033457 
0.437543 0.237533 0.297271 0.027653 
0.438965 0.260678 0.283267 0.017090 
0.437901 0.168891 0.301341 0.091868 
0.439930 0.222452 0.297435 0.040184 
0.419347 0.245011 0.327908 0.007734 
0.413660 0.157135 0.353628 0.075577 
0.419323 0.148919 0.348276 0.083482 
0.409353 0.176649 0.366484 0.047514 
0.403258 0.184217 0.375982 0.036543 
0.417005 0.209080 0.345414 0.028501 
0.398590 0.003895 0.362563 0.234951 
0.409864 0.103051 0.369685 0.117400 
0.407979 0.150035 0.363922 0.078064 
0.397880 0.190479 0.384749 0.026892 
0.409619 0.216019 0.351867 0.022495 
0.409408 0.242266 0.343413 0.004913 
0.399897 0.217901 0.371914 0.010289 
0.391677 0.204777 0.389740 0.013806 
0.395845 0.218477 0.372579 0.013099 
0.387376 0.239091 0.372652 0.000881 
0.383853 0.242270 0.373523 0.000353 
0.387307 0.224998 0.384906 0.002790 
0.399821 0.230311 0.364808 0.005059 
0.407922 0.258521 0.332708 0.000849 
0.388512 0.274874 0.336582 0.000032 
0.392841 0.264575 0.341098 0.001487 
0.396569 0.271097 0.329406 0.002927 
0.398082 0.000815 0.326470 0.274633 
0.401472 0.002197 0.347579 0.248752 
0.413012 0.056130 0.350344 0.180514 
0.424415 0.007464 0.307232 0.260889 
0.441549 0.154736 0.304411 0.099305 
0.446763 0.191822 0.286581 0.074834 
0.424747 0.037128 0.230907 0.307218 
0.429537 0.260257 0.303754 0.006452 
0.435433 0.181345 0.314142 0.069080 
0.435313 0.178355 0.313793 0.072539 
0.436126 0.049899 0.298306 0.215669 
0.442103 0.161774 0.302922 0.093200 
0.434513 0.095253 0.320672 0.149561 
0.436826 0.130620 0.317160 0.115394 
0.427594 0.017519 0.318696 0.236190 
0.441094 0.150687 0.303351 0.104867 
0.423621 0.009362 0.250053 0.316965 
0.439721 0.010583 0.281738 0.267958 
0.436993 0.117565 0.316374 0.129069 
0.447736 0.185112 0.283558 0.083594 
0.440131 0.010552 0.273493 0.275823 
0.451358 0.159794 0.260001 0.128847 
0.450237 0.080862 0.275501 0.193400 
0.455594 0.146916 0.173920 0.223570 
0.447664 0.163948 0.103287 0.285101 
0.445700 0.131195 0.124961 0.298145 
0.430664 0.102305 0.143190 0.323841 
0.422721 0.263992 0.002673 0.310614 
0.424318 0.235062 0.015960 0.324660 
0.412382 0.237319 0.008197 0.342101 
0.422298 0.211460 0.035014 0.331228 
0.398259 0.242867 0.004283 0.354591 
0.391944 0.233435 0.002632 0.371988 
0.395921 0.124077 0.085420 0.394583 
0.395479 0.135915 0.072332 0.396274 
0.379659 0.000331 0.238701 0.381310 
0.387922 0.007606 0.215716 0.388756 
0.399366 0.120390 0.092661 0.387583 
0.405274 0.025749 0.214843 0.354134 
0.399757 0.236075 0.003334 0.360834 
0.388844 0.242657 0.001332 0.367168 
0.403722 0.151824 0.065028 0.379426 
0.422488 0.130786 0.103065 0.343661 
0.421146 0.117035 0.114663 0.347156 
0.415978 0.171401 0.062463 0.350158 
0.424863 0.122219 0.115177 0.337741 
0.410136 0.126041 0.102100 0.361722 
0.417753 0.031260 0.214073 0.336913 
0.401078 0.004593 0.239312 0.355017 
0.412843 0.068231 0.171057 0.347869 
0.406431 0.064732 0.164476 0.364361 
0.397290 0.101908 0.108009 0.392793 
0.394326 0.113066 0.095677 0.396932 
0.393432 0.068796 0.141971 0.395801 
0.394240 0.062325 0.147631 0.395804 
0.408341 0.070128 0.153095 0.368436 
0.416258 0.104518 0.124209 0.355015 
0.401697 0.234160 0.006538 0.357605 
0.409733 0.038494 0.210372 0.341402 
0.377974 0.000000 0.320265 0.301760 
0.370535 0.000000 0.332013 0.297452 
0.377897 0.000000 0.303945 0.318158 
0.392158 0.001002 0.248015 0.358825 
0.413541 0.002347 0.261564 0.322548 
0.423378 0.101162 0.139034 0.336426 
0.420683 0.087953 0.151497 0.339867 
0.412356 0.170208 0.065985 0.351452 
0.423146 0.156994 0.084775 0.335085 
0.392079 0.003655 0.235828 0.368438 
0.399085 0.210605 0.019931 0.370379 
0.402222 0.113509 0.105934 0.378335 
0.392859 0.106742 0.103553 0.396846 
0.389985 0.099769 0.109394 0.400852 
0.385103 0.025403 0.192045 0.397450 
0.383342 0.013072 0.210805 0.392781 
0.384919 0.026367 0.191667 0.397046 
0.400700 0.158155 0.072905 0.368240 
0.405883 0.124699 0.103052 0.366367 
0.360256 0.000000 0.291363 0.348381 
0.395513 0.035397 0.203424 0.365666 
0.416040 0.155332 0.086785 0.341842 
0.411577 0.028318 0.219863 0.340241 
0.421795 0.017659 0.246649 0.313897 
0.422398 0.018089 0.249616 0.309897 
0.416730 0.190634 0.054888 0.337748 
0.413344 0.148084 0.096161 0.342410 
0.413587 0.295570 0.000229 0.290615 
0.417555 0.230446 0.022793 0.329206 
0.447382 0.101084 0.235731 0.215803 
0.437846 0.132911 0.306815 0.122428 
0.429187 0.015922 0.299540 0.255351 
0.396702 0.002128 0.247837 0.353333 
0.441767 0.029436 0.265029 0.263767 
0.426551 0.014985 0.245206 0.313259 
0.448829 0.087320 0.241891 0.221960 
0.445748 0.134453 0.136647 0.283152 
0.378859 0.178361 0.026289 0.416490 
0.390740 0.199181 0.020512 0.389567 
0.398870 0.238768 0.006192 0.356170 
0.445024 0.275875 0.099157 0.179944 
0.440200 0.306326 0.126002 0.127472 
0.399635 0.301460 0.000013 0.298893 
0.403922 0.308980 0.000029 0.287069 
0.410146 0.336548 0.003453 0.249853 
0.390295 0.288835 0.000013 0.320857 
0.356900 0.296188 0.000000 0.346912 
0.426477 0.314144 0.015390 0.243989 
0.406776 0.341926 0.003225 0.248072 
0.414756 0.338984 0.020528 0.225733 
0.393665 0.376446 0.218197 0.011692 
0.425660 0.329993 0.181484 0.062862 
0.428079 0.306096 0.033707 0.232118 
0.447428 0.284322 0.132681 0.135569 
0.446375 0.277479 0.114851 0.161295 
0.446216 0.290385 0.130086 0.133313 
0.444584 0.281911 0.189701 0.083803 
0.435444 0.311822 0.170438 0.082297 
0.440439 0.303941 0.113507 0.142114 
0.426045 0.335786 0.112324 0.125844 
0.424276 0.338335 0.104839 0.132550 
0.427435 0.333562 0.117498 0.121505 
0.424338 0.333326 0.104369 0.137967 
0.423805 0.312446 0.255724 0.008024 
0.426050 0.263406 0.301685 0.008859 
0.442457 0.281392 0.214447 0.061704 
0.443282 0.120741 0.156828 0.279149 
0.450154 0.121893 0.166676 0.261276 
0.446490 0.221384 0.060266 0.271860 
0.444013 0.186112 0.084636 0.285238 
0.448096 0.123290 0.259185 0.169429 
0.451757 0.180371 0.255587 0.112285 
0.435216 0.160198 0.101185 0.303402 
0.435752 0.173220 0.078137 0.312891 
0.447419 0.120975 0.145270 0.286336 
0.454401 0.162473 0.220429 0.162696 
0.440415 0.060775 0.293309 0.205501 
0.424481 0.001166 0.296352 0.278000 
0.426800 0.009263 0.306488 0.257449 
0.444628 0.061702 0.286682 0.206989 
0.447119 0.130603 0.284419 0.137859 
0.450345 0.111232 0.271844 0.166578 
0.454961 0.205679 0.154139 0.185221 
0.453434 0.163001 0.214643 0.168922 
0.453043 0.166607 0.164937 0.215413 
0.436520 0.066170 0.308762 0.188549 
0.432368 0.202335 0.316119 0.049177 
0.424786 0.083904 0.323350 0.167960 
0.386766 0.180753 0.403939 0.028542 
0.405002 0.179693 0.363508 0.051796 
0.416918 0.123510 0.356235 0.103337 
0.352437 0.000000 0.346479 0.301084 
0.391647 0.008767 0.377299 0.222287 
0.372936 0.033593 0.418398 0.175072 
0.366644 0.052915 0.436877 0.143563 
0.290470 0.000098 0.533414 0.176018 
0.238422 0.000000 0.442808 0.318770 
0.259051 0.000000 0.426574 0.314374 
0.193296 0.000000 0.510432 0.296272 
0.245104 0.000000 0.324719 0.430177 
0.247098 0.000000 0.181145 0.571757 
0.352402 0.000023 0.234667 0.412909 
0.373587 0.034811 0.162245 0.429357 
0.344201 0.000077 0.218380 0.437342 
0.341124 0.000005 0.237654 0.421217 
0.346550 0.003824 0.189282 0.460344 
0.383989 0.001174 0.238816 0.376021 
0.346325 0.000000 0.308733 0.344941 
0.314069 0.000000 0.435971 0.249960 
0.362079 0.053827 0.447238 0.136855 
0.325458 0.081059 0.519541 0.073941 
0.419363 0.113526 0.343790 0.123320 
0.344023 0.023863 0.478482 0.153632 
0.317002 0.009214 0.518593 0.155191 
0.287555 0.062920 0.582032 0.067493 
0.291679 0.140755 0.558834 0.008732 
0.277676 0.004565 0.566632 0.151127 
0.318752 0.031229 0.515254 0.134765 
0.336963 0.186378 0.472647 0.004012 
0.321803 0.001634 0.473132 0.203432 
0.332331 0.020449 0.479726 0.167495 
0.313865 0.171464 0.511736 0.002935 
0.274660 0.000046 0.550685 0.174609 
0.266022 0.000075 0.566429 0.167473 
0.239841 0.000003 0.598282 0.161874 
0.300347 0.000027 0.502442 0.197184 
0.312328 0.000015 0.475629 0.212028 
0.325978 0.006613 0.497360 0.170049 
0.376323 0.000096 0.367019 0.256562 
0.436228 0.116886 0.288017 0.158870 
0.445165 0.110515 0.230398 0.213923 
0.441497 0.135173 0.286842 0.136487 
0.437458 0.112897 0.294390 0.155255 
0.433397 0.138816 0.307628 0.120158 
0.414398 0.125702 0.346294 0.113606 
0.435026 0.144196 0.299207 0.121571 
0.440623 0.213594 0.258918 0.086865 
0.429687 0.089106 0.317306 0.163901 
0.447477 0.244734 0.172653 0.135137 
0.450356 0.173795 0.187998 0.187851 
0.445518 0.130091 0.155848 0.268543 
0.445962 0.196203 0.130086 0.227749 
0.432276 0.079648 0.306083 0.181993 
0.420525 0.000655 0.282239 0.296581 
0.393716 0.000442 0.349183 0.256658 
0.398292 0.000037 0.309881 0.291790 
0.419397 0.025920 0.329226 0.225457 
0.415087 0.121038 0.351943 0.111933 
0.408813 0.123662 0.364725 0.102801 
0.394703 0.117901 0.389925 0.097471 
0.392547 0.131746 0.393132 0.082576 
0.391978 0.015458 0.374842 0.217722 
0.386725 0.001933 0.368541 0.242801 
0.398681 0.000295 0.332100 0.268924 
0.405698 0.002477 0.332700 0.259125 
0.405090 0.070438 0.352544 0.171927 
0.374943 0.000072 0.361875 0.263111 
0.381288 0.004292 0.374489 0.239930 
0.394709 0.079869 0.383869 0.141553 
0.395239 0.198461 0.370864 0.035436 
0.393862 0.191223 0.377959 0.036956 
0.389951 0.215311 0.375128 0.019610 
0.393712 0.149463 0.373032 0.083794 
0.385377 0.244207 0.369113 0.001303 
0.379146 0.243349 0.377005 0.000500 
0.371182 0.249096 0.374229 0.005492 
0.371013 0.262215 0.366341 0.000431 
0.363419 0.278250 0.358326 0.000006 
0.364827 0.274754 0.360415 0.000004 
0.352925 0.284129 0.362939 0.000008 
0.356077 0.277646 0.366276 0.000001 
0.357867 0.280134 0.361997 0.000001 
0.365955 0.282072 0.350917 0.001056 
0.377173 0.246552 0.376147 0.000128 
0.388921 0.227223 0.359875 0.023981 
0.391361 0.229978 0.374887 0.003774 
0.386955 0.019050 0.373413 0.220582 
0.392827 0.050919 0.393519 0.162735 
0.395899 0.035635 0.385175 0.183292 
0.390143 0.012661 0.385774 0.211422 
0.397390 0.094175 0.394055 0.114380 
0.397954 0.108182 0.392391 0.101473 
0.401301 0.118820 0.381630 0.098249 
0.403224 0.068629 0.373607 0.154540 
0.391883 0.208345 0.379003 0.020769 
0.379659 0.000041 0.361806 0.258494 
0.294156 0.000000 0.285659 0.420186 
0.344981 0.000000 0.308835 0.346185 
0.369469 0.000002 0.357435 0.273094 
0.310226 0.000000 0.287876 0.401898 
0.348282 0.000000 0.314804 0.336913 
0.324425 0.000000 0.280345 0.395231 
0.324641 0.000000 0.288421 0.386938 
0.334378 0.000000 0.299792 0.365830 
0.400578 0.015769 0.367232 0.216421 
0.410466 0.069371 0.354876 0.165287 
0.409902 0.057163 0.358396 0.174540 
0.428002 0.154668 0.325684 0.091646 
0.413198 0.002844 0.321767 0.262191 
0.399527 0.000029 0.290992 0.309452 
0.399382 0.004191 0.245936 0.350492 
0.392927 0.036045 0.185397 0.385632 
0.399665 0.046304 0.179357 0.374674 
0.393514 0.089653 0.123818 0.393015 
0.446217 0.102053 0.182433 0.269297 
0.432958 0.185956 0.071935 0.309151 
0.430592 0.081771 0.171090 0.316547 
0.393246 0.108175 0.099037 0.399542 
0.407749 0.026058 0.208679 0.357513 
0.434029 0.049333 0.308151 0.208488 
0.444242 0.204049 0.067082 0.284627 
0.450536 0.216113 0.109810 0.223540 
0.448592 0.275445 0.167910 0.108053 
0.426552 0.253764 0.009795 0.309890 
0.437199 0.177561 0.079462 0.305778 
0.418111 0.112039 0.119435 0.350415 
0.239833 0.063386 0.035523 0.661257 
0.182693 0.031211 0.042730 0.743367 
0.153493 0.036575 0.026161 0.783771 
0.156884 0.027929 0.035268 0.779919 
0.179643 0.034860 0.037017 0.748480 
0.232254 0.053852 0.042182 0.671712 
0.280824 0.060410 0.060196 0.598569 
0.332439 0.000239 0.198346 0.468976 
0.299457 0.007342 0.141487 0.551714 
0.252774 0.079156 0.031661 0.636410 
0.287967 0.047314 0.082250 0.582468 
0.304717 0.044467 0.100376 0.550440 
0.364938 0.076946 0.115754 0.442361 
0.409376 0.154194 0.074163 0.362266 
0.452752 0.174840 0.170086 0.202321 
0.451333 0.207266 0.155772 0.185628 
0.451336 0.164133 0.199118 0.185413 
0.452520 0.224596 0.178995 0.143889 
0.445574 0.231978 0.218159 0.104289 
0.441054 0.234957 0.282929 0.041061 
0.447449 0.166795 0.123967 0.261790 
0.434425 0.137545 0.124858 0.303173 
0.448874 0.258936 0.146205 0.145985 
0.447370 0.244494 0.136396 0.171740 
0.434391 0.165029 0.306858 0.093722 
0.435436 0.068162 0.265614 0.230787 
0.421947 0.020966 0.246864 0.310222 
0.417218 0.001237 0.295948 0.285597 
0.432083 0.149927 0.309291 0.108699 
0.349778 0.077158 0.476308 0.096756 
0.327042 0.008613 0.499392 0.164953 
0.309334 0.029355 0.538527 0.122784 
0.226507 0.040886 0.674752 0.057855 
0.299874 0.046233 0.561791 0.092103 
0.291317 0.007922 0.563587 0.137174 
0.217199 0.048219 0.691587 0.042995 
0.256606 0.062086 0.634083 0.047224 
0.241555 0.011969 0.649711 0.096765 
0.282452 0.078341 0.592620 0.046587 
0.393194 0.063977 0.391831 0.150998 
0.420715 0.157014 0.343086 0.079185 
0.365235 0.000052 0.393674 0.241039 
0.344919 0.002003 0.461244 0.191834 
0.339145 0.000004 0.424115 0.236736 
0.363393 0.012253 0.439763 0.184592 
0.418241 0.115321 0.353134 0.113305 
0.431802 0.067934 0.319612 0.180652 
0.430682 0.010888 0.297596 0.260834 
0.421811 0.066782 0.171862 0.339545 
0.431871 0.110261 0.147025 0.310843 
0.446895 0.262419 0.208485 0.082201 
0.431337 0.255992 0.011143 0.301528 
0.423886 0.227721 0.024632 0.323762 
0.427322 0.060963 0.193700 0.318015 
0.403168 0.166627 0.061348 0.368857 
0.389162 0.198849 0.033119 0.378870 
