0.250829 0.248486 0.249785 0.250900 
0.296033 0.283219 0.143736 0.277012 
0.333831 0.332292 0.001129 0.332749 
0.336180 0.327686 0.000021 0.336113 
0.336139 0.327969 0.000004 0.335887 
0.335630 0.328789 0.000000 0.335581 
0.339574 0.331304 0.000000 0.329122 
0.338357 0.331544 0.000000 0.330099 
0.340634 0.330806 0.000000 0.328560 
0.341305 0.332313 0.000000 0.326382 
0.347060 0.334026 0.000000 0.318914 
0.347975 0.333908 0.000000 0.318116 
0.351977 0.342488 0.000002 0.305534 
0.354093 0.348009 0.000114 0.297785 
0.361866 0.352089 0.002340 0.283705 
0.360762 0.351488 0.001977 0.285773 
0.363593 0.354921 0.006816 0.274670 
0.368995 0.365197 0.190875 0.074932 
0.368627 0.362370 0.176923 0.092079 
0.366665 0.359339 0.216117 0.057879 
0.366579 0.357471 0.226256 0.049694 
0.366992 0.364961 0.125234 0.142814 
0.369646 0.368669 0.116530 0.145155 
0.368834 0.369010 0.193074 0.069081 
0.368380 0.368656 0.030138 0.232826 
0.369723 0.369839 0.087559 0.172879 
0.370502 0.370774 0.087226 0.171498 
0.371347 0.371505 0.134172 0.122976 
0.366213 0.366411 0.244412 0.022964 
0.361326 0.360891 0.001442 0.276341 
0.355408 0.353105 0.000049 0.291438 
0.337973 0.327832 0.000000 0.334196 
0.353832 0.353134 0.000018 0.293016 
0.328704 0.325762 0.000000 0.345533 
0.320039 0.320465 0.000000 0.359496 
0.316244 0.318841 0.000000 0.364915 
0.317620 0.314479 0.000000 0.367901 
0.322272 0.319307 0.000000 0.358420 
0.335825 0.333869 0.000000 0.330306 
0.342367 0.341374 0.000000 0.316260 
0.371003 0.370442 0.120615 0.137940 
0.368100 0.366881 0.231784 0.033235 
0.366849 0.366825 0.250896 0.015430 
0.371610 0.371727 0.122923 0.133740 
0.367268 0.367486 0.248043 0.017203 
0.371691 0.371889 0.111562 0.144859 
0.371555 0.371719 0.108024 0.148701 
0.369511 0.369633 0.075225 0.185631 
0.356236 0.356635 0.000048 0.287082 
0.357735 0.357840 0.000150 0.284274 
0.360524 0.360719 0.016767 0.261989 
0.359718 0.359900 0.000505 0.279878 
0.364166 0.364238 0.003578 0.268017 
0.369605 0.369716 0.064608 0.196071 
0.368315 0.368312 0.026982 0.236391 
0.344306 0.341081 0.314613 0.000000 
0.351696 0.349772 0.298530 0.000003 
0.352931 0.348260 0.298776 0.000034 
0.363107 0.358513 0.111384 0.166997 
0.358441 0.348763 0.002642 0.290154 
0.361333 0.352543 0.004288 0.281836 
0.361337 0.349387 0.002182 0.287094 
0.364280 0.356492 0.072928 0.206300 
0.365651 0.358399 0.251829 0.024121 
0.364021 0.355655 0.158035 0.122289 
0.364760 0.358603 0.247605 0.029032 
0.361198 0.353431 0.002157 0.283214 
0.365141 0.358404 0.016452 0.260003 
0.368208 0.362302 0.175423 0.094067 
0.367268 0.357731 0.191245 0.083756 
0.365920 0.352439 0.234605 0.047037 
0.343649 0.307023 0.349328 0.000000 
0.341572 0.305402 0.353025 0.000000 
0.349696 0.289805 0.330938 0.029561 
0.352988 0.317752 0.000124 0.329136 
0.350202 0.314273 0.000003 0.335522 
0.349351 0.308152 0.000001 0.342497 
0.351602 0.298065 0.000028 0.350305 
0.347367 0.307032 0.000000 0.345601 
0.345639 0.309016 0.000000 0.345345 
0.348775 0.302383 0.000015 0.348827 
0.345233 0.309430 0.000000 0.345338 
0.347985 0.328614 0.000000 0.323401 
0.354494 0.331011 0.000002 0.314493 
0.360080 0.330226 0.000205 0.309489 
0.363793 0.337079 0.045680 0.253448 
0.365496 0.340412 0.136324 0.157767 
0.366767 0.350202 0.088541 0.194490 
0.364913 0.344623 0.100848 0.189616 
0.365542 0.335420 0.039542 0.259495 
0.363406 0.321965 0.018636 0.295993 
0.365257 0.337290 0.133694 0.163760 
0.365936 0.341293 0.076370 0.216401 
0.366467 0.339848 0.145930 0.147756 
0.364421 0.336889 0.023431 0.275260 
0.364406 0.340001 0.025728 0.269865 
0.364240 0.340062 0.260252 0.035445 
0.362931 0.326662 0.307837 0.002570 
0.365348 0.335588 0.253192 0.045872 
0.365883 0.334711 0.156393 0.143013 
0.365333 0.334819 0.199168 0.100680 
0.363579 0.311323 0.007138 0.317960 
0.365207 0.327792 0.167768 0.139234 
0.364611 0.328986 0.243170 0.063233 
0.363887 0.328136 0.014648 0.293329 
0.363600 0.326928 0.276300 0.033172 
0.361717 0.327853 0.309095 0.001335 
0.363820 0.335195 0.287053 0.013931 
0.363949 0.322232 0.058389 0.255430 
0.364951 0.332370 0.219222 0.083457 
0.363918 0.331590 0.278917 0.025574 
0.365268 0.333182 0.209426 0.092125 
0.365807 0.335968 0.227308 0.070918 
0.366058 0.323744 0.210025 0.100172 
0.365593 0.290178 0.235783 0.108446 
0.362466 0.292645 0.338896 0.005993 
0.365337 0.252590 0.330564 0.051510 
0.365566 0.073429 0.348165 0.212841 
0.366642 0.122179 0.343309 0.167870 
0.366465 0.151691 0.341237 0.140606 
0.366408 0.206364 0.288203 0.139024 
0.364808 0.270484 0.330948 0.033760 
0.367647 0.156917 0.355832 0.119604 
0.367174 0.067897 0.356270 0.208660 
0.361790 0.007848 0.345548 0.284815 
0.363711 0.158343 0.342567 0.135379 
0.362765 0.302816 0.330739 0.003679 
0.365344 0.254762 0.343617 0.036277 
0.364811 0.253662 0.341480 0.040048 
0.363372 0.200758 0.342860 0.093009 
0.361678 0.006809 0.342500 0.289013 
0.365210 0.255602 0.331911 0.047277 
0.363548 0.283676 0.343647 0.009129 
0.362641 0.315446 0.319558 0.002355 
0.364691 0.311061 0.233864 0.090384 
0.365321 0.294506 0.057673 0.282500 
0.363819 0.307979 0.007722 0.320480 
0.362840 0.299006 0.004358 0.333796 
0.368101 0.106910 0.154589 0.370401 
0.360647 0.051727 0.230010 0.357617 
0.379605 0.000029 0.264304 0.356062 
0.418073 0.001404 0.255052 0.325472 
0.450886 0.000840 0.268970 0.279304 
0.474125 0.071165 0.172751 0.281958 
0.472731 0.043226 0.199637 0.284406 
0.456362 0.000397 0.279318 0.263924 
0.396963 0.000019 0.262284 0.340734 
0.373656 0.000005 0.265005 0.361334 
0.350405 0.000004 0.287391 0.362201 
0.352460 0.000001 0.275599 0.371940 
0.366485 0.001404 0.258738 0.373372 
0.351327 0.000000 0.321974 0.326698 
0.349814 0.000000 0.310888 0.339298 
0.347059 0.000000 0.289514 0.363427 
0.342904 0.000000 0.290273 0.366823 
0.343153 0.000000 0.288045 0.368803 
0.355478 0.000009 0.335968 0.308545 
0.353812 0.000001 0.326085 0.320102 
0.357500 0.000029 0.331370 0.311101 
0.350326 0.000006 0.283847 0.365821 
0.370338 0.000609 0.252534 0.376520 
0.372411 0.001019 0.250007 0.376563 
0.373219 0.002964 0.246291 0.377526 
0.365320 0.002214 0.261108 0.371359 
0.396167 0.034424 0.196425 0.372984 
0.373025 0.021401 0.228280 0.377294 
0.376905 0.061110 0.182476 0.379508 
0.366290 0.025570 0.246227 0.361913 
0.364041 0.005465 0.306074 0.324421 
0.365659 0.056736 0.328689 0.248916 
0.366512 0.180512 0.322169 0.130807 
0.366358 0.207043 0.103800 0.322798 
0.366614 0.110452 0.312710 0.210224 
0.366521 0.129510 0.173405 0.330565 
0.365355 0.114374 0.186499 0.333772 
0.364789 0.154814 0.143430 0.336966 
0.365367 0.041241 0.270917 0.322475 
0.366612 0.119557 0.171908 0.341923 
0.365898 0.215651 0.087926 0.330524 
0.365100 0.263208 0.028458 0.343234 
0.366672 0.123690 0.154225 0.355413 
0.365833 0.045718 0.235322 0.353127 
0.369631 0.141279 0.123005 0.366084 
0.366501 0.202068 0.081527 0.349904 
0.365572 0.246510 0.041236 0.346681 
0.365199 0.254860 0.036204 0.343737 
0.362254 0.295210 0.002760 0.339776 
0.365256 0.249674 0.039908 0.345162 
0.363039 0.293133 0.005766 0.338062 
0.364486 0.271353 0.025169 0.338992 
0.366862 0.245526 0.127958 0.259654 
0.367111 0.222123 0.248591 0.162175 
0.365342 0.293917 0.023009 0.317732 
0.366861 0.345590 0.142449 0.145099 
0.369350 0.366744 0.166183 0.097724 
0.367374 0.367317 0.016849 0.248460 
0.363935 0.361139 0.257449 0.017478 
0.351179 0.324296 0.324523 0.000001 
0.363962 0.351704 0.273307 0.011027 
0.368582 0.365415 0.054958 0.211046 
0.366427 0.359495 0.060203 0.213875 
0.373242 0.375649 0.075045 0.176064 
0.365173 0.367001 0.245303 0.022523 
0.360279 0.346505 0.289495 0.003720 
0.360450 0.306988 0.331903 0.000658 
0.360808 0.312019 0.326870 0.000303 
0.353893 0.311600 0.334492 0.000015 
0.345757 0.322814 0.331429 0.000000 
0.342795 0.327408 0.329797 0.000000 
0.341631 0.339765 0.318604 0.000000 
0.343587 0.334901 0.320488 0.001024 
0.338349 0.346568 0.315083 0.000000 
0.333609 0.355666 0.310725 0.000000 
0.338801 0.360648 0.300551 0.000000 
0.335308 0.359518 0.305174 0.000000 
0.342692 0.368718 0.288551 0.000038 
0.341165 0.370120 0.288715 0.000000 
0.362104 0.374081 0.001771 0.262045 
0.371452 0.376870 0.011887 0.239791 
0.374414 0.377224 0.143216 0.105145 
0.362583 0.349517 0.277927 0.009973 
0.364541 0.339821 0.256059 0.039579 
0.362648 0.337920 0.294962 0.004470 
0.361013 0.309339 0.328841 0.000806 
0.361009 0.325997 0.310300 0.002694 
0.355349 0.351212 0.288229 0.005210 
0.352473 0.368893 0.278250 0.000384 
0.350180 0.356108 0.293708 0.000005 
0.357924 0.331855 0.310086 0.000136 
0.362464 0.355099 0.279044 0.003393 
0.366837 0.360567 0.189474 0.083122 
0.367566 0.368058 0.151440 0.112936 
0.371500 0.376244 0.024962 0.227294 
0.383033 0.381406 0.115924 0.119637 
0.366977 0.366265 0.041284 0.225475 
0.365643 0.351105 0.203077 0.080176 
0.362713 0.362170 0.267149 0.007967 
0.367900 0.375186 0.250434 0.006480 
0.373273 0.377804 0.213434 0.035489 
0.364180 0.364637 0.150245 0.120938 
0.366766 0.362480 0.165489 0.105265 
0.364573 0.328349 0.235762 0.071316 
0.365035 0.342650 0.114114 0.178201 
0.364286 0.347543 0.079356 0.208816 
0.363405 0.327719 0.019523 0.289353 
0.358656 0.315638 0.001243 0.324462 
0.353952 0.325575 0.000026 0.320446 
0.355020 0.325706 0.000022 0.319251 
0.343998 0.333440 0.000000 0.322562 
0.339472 0.318753 0.000000 0.341774 
0.334188 0.330628 0.000000 0.335184 
0.319388 0.353538 0.000000 0.327074 
0.326899 0.339999 0.000000 0.333102 
0.338592 0.319186 0.000000 0.342222 
0.350360 0.308881 0.000007 0.340752 
0.358308 0.278537 0.001908 0.361247 
0.353912 0.146161 0.140646 0.359281 
0.345394 0.308007 0.000001 0.346598 
0.344882 0.304956 0.000015 0.350147 
0.344725 0.314132 0.000011 0.341132 
0.335078 0.326707 0.000000 0.338215 
0.334542 0.331450 0.000000 0.334007 
0.345449 0.327806 0.000009 0.326736 
0.355729 0.358255 0.004673 0.281342 
0.363201 0.349829 0.048020 0.238950 
0.361185 0.318134 0.001922 0.318759 
0.357923 0.330250 0.000539 0.311287 
0.357848 0.337491 0.002689 0.301972 
0.356597 0.348136 0.002964 0.292303 
0.356512 0.339323 0.005120 0.299046 
0.354471 0.341776 0.000211 0.303542 
0.359874 0.344017 0.013003 0.283106 
0.358213 0.336761 0.001310 0.303716 
0.362568 0.344125 0.166492 0.126815 
0.360979 0.347591 0.033459 0.257970 
0.363599 0.359895 0.210502 0.066005 
0.364459 0.352243 0.130295 0.153002 
0.362534 0.346427 0.176771 0.114268 
0.362109 0.340241 0.254340 0.043309 
0.361262 0.345682 0.059800 0.233257 
0.361492 0.334937 0.033893 0.269678 
0.364712 0.312688 0.157723 0.164877 
0.363607 0.323713 0.215443 0.097236 
0.360944 0.344976 0.095133 0.198947 
0.360628 0.346022 0.023039 0.270311 
0.356623 0.346658 0.003944 0.292776 
0.346956 0.331874 0.000012 0.321158 
0.356254 0.351818 0.003856 0.288072 
0.350695 0.330166 0.000010 0.319129 
0.347771 0.343450 0.000014 0.308765 
0.352456 0.325148 0.000037 0.322359 
0.352776 0.337498 0.000450 0.309275 
0.358547 0.302529 0.015620 0.323304 
0.358270 0.328819 0.005158 0.307753 
0.360999 0.250613 0.134065 0.254323 
0.360926 0.103085 0.344593 0.191396 
0.359918 0.254837 0.344376 0.040869 
0.354400 0.302320 0.337229 0.006051 
0.352018 0.000130 0.328062 0.319790 
0.344711 0.000000 0.326288 0.329001 
0.355192 0.000115 0.324122 0.320572 
0.350619 0.000047 0.329512 0.319823 
0.350283 0.000019 0.324569 0.325129 
0.350994 0.000275 0.303974 0.344757 
0.356585 0.015362 0.337922 0.290130 
0.358012 0.011011 0.335925 0.295051 
0.359069 0.030952 0.344760 0.265218 
0.356538 0.006180 0.336284 0.300998 
0.354710 0.001484 0.336768 0.307039 
0.355002 0.000239 0.326950 0.317809 
0.359506 0.006317 0.325379 0.308799 
0.362280 0.078842 0.330020 0.228858 
0.361712 0.103919 0.330374 0.203995 
0.362701 0.203451 0.310692 0.123156 
0.361304 0.331657 0.270721 0.036319 
0.361569 0.327933 0.282038 0.028460 
0.361861 0.328151 0.287497 0.022491 
0.361447 0.314347 0.313754 0.010452 
0.364544 0.229902 0.314158 0.091396 
0.364163 0.309014 0.313124 0.013699 
0.365499 0.302322 0.230276 0.101903 
0.364711 0.268991 0.042520 0.323777 
0.366297 0.256087 0.081450 0.296166 
0.366228 0.278539 0.095516 0.259718 
0.366396 0.325968 0.135375 0.172261 
0.365198 0.333230 0.199335 0.102238 
0.361833 0.323761 0.085580 0.228826 
0.359697 0.325832 0.003211 0.311260 
0.356070 0.340520 0.000124 0.303286 
0.345934 0.336040 0.000000 0.318026 
0.339356 0.365238 0.000000 0.295406 
0.336979 0.369111 0.000000 0.293910 
0.375319 0.366501 0.000408 0.257772 
0.378653 0.345428 0.000002 0.275916 
0.382804 0.352111 0.000093 0.264992 
0.381501 0.356224 0.000042 0.262233 
0.370167 0.364080 0.000013 0.265740 
0.355245 0.345663 0.000000 0.299091 
0.371874 0.346254 0.000000 0.281872 
0.390997 0.341205 0.000062 0.267736 
0.369590 0.368480 0.000025 0.261906 
0.370960 0.363736 0.000010 0.265293 
0.369918 0.352472 0.000005 0.277606 
0.394853 0.342697 0.000038 0.262413 
0.412897 0.345829 0.003014 0.238259 
0.385090 0.340690 0.000005 0.274215 
0.386588 0.371795 0.003012 0.238604 
0.379321 0.378784 0.039546 0.202349 
0.381542 0.379715 0.057085 0.181658 
0.390789 0.379427 0.104809 0.124975 
0.374198 0.378323 0.020898 0.226582 
0.359753 0.370929 0.000937 0.268382 
0.364859 0.363614 0.037014 0.234513 
0.364652 0.354734 0.086470 0.194144 
0.364596 0.342431 0.135057 0.157916 
0.363559 0.339291 0.050744 0.246406 
0.364655 0.341686 0.139696 0.153963 
0.363661 0.342810 0.143372 0.150157 
0.362672 0.353941 0.193822 0.089566 
0.363667 0.324302 0.112026 0.200005 
0.362776 0.335354 0.036682 0.265188 
0.365186 0.357842 0.126217 0.150755 
0.364634 0.359012 0.106704 0.169650 
0.360788 0.345638 0.014623 0.278952 
0.344108 0.309397 0.000001 0.346495 
0.340316 0.302040 0.000000 0.357644 
0.345457 0.284749 0.000001 0.369793 
0.330842 0.337492 0.000000 0.331666 
0.352493 0.334208 0.000011 0.313288 
0.338840 0.301001 0.000000 0.360159 
0.350509 0.316682 0.000001 0.332808 
0.359105 0.323928 0.000146 0.316821 
0.355452 0.334752 0.001315 0.308481 
0.364626 0.358590 0.103990 0.172794 
0.365256 0.336488 0.148567 0.149689 
0.365135 0.325942 0.139705 0.169218 
0.365230 0.329568 0.112585 0.192617 
0.359923 0.331462 0.003570 0.305045 
0.355318 0.316802 0.003077 0.324802 
0.354156 0.294512 0.000044 0.351289 
0.360306 0.295055 0.001538 0.343101 
0.365090 0.179030 0.102416 0.353465 
0.365209 0.242387 0.037354 0.355049 
0.366562 0.079215 0.190501 0.363721 
0.363930 0.032393 0.238918 0.364760 
0.357349 0.000247 0.284182 0.358222 
0.356497 0.000122 0.286392 0.356989 
0.356507 0.000104 0.286760 0.356629 
0.355182 0.000085 0.288339 0.356394 
0.350706 0.000005 0.297802 0.351487 
0.343639 0.000000 0.311148 0.345213 
0.343132 0.000000 0.312271 0.344598 
0.344140 0.000000 0.312094 0.343766 
0.336930 0.000000 0.327554 0.335517 
0.335647 0.000000 0.332505 0.331848 
0.332880 0.000000 0.334027 0.333093 
0.333788 0.000000 0.333148 0.333063 
0.335782 0.000000 0.327085 0.337133 
0.331938 0.000000 0.333162 0.334900 
0.334003 0.000000 0.331132 0.334865 
0.331547 0.000000 0.333522 0.334930 
0.336340 0.000000 0.329949 0.333711 
0.342894 0.000000 0.328966 0.328140 
0.347382 0.000000 0.337824 0.314793 
0.355348 0.000011 0.329964 0.314676 
0.359584 0.000193 0.324624 0.315600 
0.351974 0.000004 0.306847 0.341175 
0.349238 0.000000 0.327566 0.323196 
0.347685 0.000000 0.324824 0.327491 
0.350317 0.000000 0.316800 0.332882 
0.356122 0.000222 0.297449 0.346207 
0.355841 0.000207 0.296739 0.347214 
0.357741 0.000325 0.292468 0.349466 
0.365325 0.024124 0.248571 0.361981 
0.359011 0.000582 0.283300 0.357107 
0.351983 0.000016 0.299530 0.348471 
0.358897 0.001704 0.285861 0.353539 
0.353119 0.000072 0.292042 0.354767 
0.347447 0.000003 0.302901 0.349649 
0.356240 0.001374 0.286069 0.356316 
0.356312 0.000781 0.284626 0.358281 
0.360617 0.001561 0.276643 0.361178 
0.366235 0.015159 0.252487 0.366118 
0.365943 0.235322 0.032294 0.366441 
0.369248 0.102265 0.159912 0.368574 
0.365187 0.012016 0.258803 0.363993 
0.361178 0.006829 0.270611 0.361382 
0.355527 0.000862 0.287994 0.355616 
0.344282 0.000000 0.310618 0.345100 
0.342952 0.000000 0.313411 0.343636 
0.347302 0.000000 0.324901 0.327797 
0.344863 0.000000 0.328371 0.326766 
0.351021 0.000000 0.319278 0.329701 
0.350522 0.000000 0.323605 0.325873 
0.348941 0.000000 0.334101 0.316958 
0.353348 0.000001 0.327773 0.318877 
0.350280 0.000000 0.325649 0.324071 
0.352603 0.000001 0.325635 0.321762 
0.350522 0.000000 0.332467 0.317011 
0.366090 0.124336 0.360098 0.149476 
0.366495 0.085755 0.357032 0.190718 
0.365963 0.137843 0.352335 0.143859 
0.364006 0.276281 0.348774 0.010940 
0.365803 0.059096 0.343999 0.231102 
0.366375 0.069707 0.349516 0.214401 
0.367248 0.141665 0.349944 0.141143 
0.361830 0.001653 0.346183 0.290334 
0.366873 0.092589 0.349455 0.191082 
0.368141 0.128306 0.357572 0.145981 
0.367111 0.136839 0.347306 0.148744 
0.366822 0.131477 0.343481 0.158220 
0.366556 0.157343 0.332166 0.143935 
0.366747 0.149355 0.339989 0.143909 
0.366579 0.082792 0.346885 0.203744 
0.367925 0.104119 0.358563 0.169394 
0.362736 0.002915 0.354042 0.280308 
0.353931 0.000001 0.329730 0.316339 
0.354976 0.000030 0.345308 0.299686 
0.356853 0.000400 0.352540 0.290208 
0.353929 0.000013 0.345940 0.300118 
0.355292 0.000002 0.322327 0.322379 
0.355557 0.000012 0.308714 0.335717 
0.354697 0.000007 0.305143 0.340152 
0.359009 0.000168 0.297158 0.343665 
0.360453 0.000179 0.308729 0.330639 
0.358374 0.000019 0.317479 0.324129 
0.358438 0.000046 0.308376 0.333140 
0.357063 0.000007 0.325147 0.317783 
0.350263 0.000000 0.314046 0.335691 
0.351008 0.000000 0.324616 0.324376 
0.358555 0.000020 0.315784 0.325642 
0.361545 0.000354 0.315158 0.322943 
0.362626 0.000855 0.324359 0.312160 
0.359407 0.000032 0.320087 0.320475 
0.358595 0.000016 0.321001 0.320388 
0.356891 0.000019 0.312859 0.330231 
0.359994 0.000268 0.324745 0.314993 
0.364405 0.034756 0.330872 0.269966 
0.361168 0.003577 0.336972 0.298284 
0.360615 0.001913 0.352809 0.284664 
0.358547 0.000298 0.344355 0.296800 
0.357393 0.000019 0.331777 0.310811 
0.357291 0.000023 0.323469 0.319218 
0.360176 0.001313 0.352738 0.285773 
0.366036 0.041600 0.356693 0.235671 
0.364615 0.009479 0.358317 0.267588 
0.368187 0.029250 0.367765 0.234798 
0.369427 0.078420 0.368766 0.183386 
0.370143 0.187671 0.369266 0.072919 
0.364804 0.249264 0.364282 0.021650 
0.366148 0.244233 0.366130 0.023489 
0.366611 0.256084 0.366591 0.010715 
0.366203 0.258810 0.366186 0.008801 
0.360629 0.281457 0.357143 0.000771 
0.364065 0.272239 0.358298 0.005398 
0.365285 0.260516 0.360758 0.013441 
0.367912 0.207901 0.365262 0.058925 
0.369748 0.127093 0.369422 0.133737 
0.364726 0.019497 0.357560 0.258216 
0.364444 0.270591 0.355885 0.009080 
0.367432 0.195865 0.360349 0.076355 
0.367975 0.119170 0.357368 0.155488 
0.366267 0.049753 0.350824 0.233156 
0.365417 0.025804 0.359525 0.249254 
0.368069 0.175543 0.360268 0.096120 
0.364699 0.023375 0.337615 0.274311 
0.366556 0.131359 0.332698 0.169388 
0.364596 0.012712 0.329371 0.293321 
0.358914 0.000060 0.308763 0.332263 
0.363452 0.002695 0.325503 0.308350 
0.366365 0.123979 0.335981 0.173675 
0.366240 0.068512 0.343381 0.221867 
0.361772 0.000726 0.331944 0.305557 
0.364438 0.021215 0.336010 0.278338 
0.365845 0.077315 0.320849 0.235991 
0.365322 0.052478 0.299224 0.282976 
0.366506 0.126358 0.278223 0.228913 
0.366627 0.306481 0.110728 0.216163 
0.366680 0.189775 0.148110 0.295435 
0.365521 0.072678 0.241938 0.319864 
0.366579 0.174294 0.199527 0.259601 
0.366741 0.162301 0.345659 0.125299 
0.366109 0.040122 0.301726 0.292043 
0.366641 0.196104 0.138810 0.298445 
0.369550 0.147862 0.116888 0.365700 
0.366330 0.175084 0.124636 0.333950 
0.366444 0.107671 0.172910 0.352975 
0.361112 0.000793 0.303703 0.334393 
0.366368 0.096616 0.217099 0.319917 
0.367224 0.263900 0.179140 0.189737 
0.366431 0.290792 0.058519 0.284259 
0.366351 0.268803 0.055523 0.309323 
0.366900 0.310467 0.127548 0.195085 
0.366863 0.326276 0.153325 0.153536 
0.366653 0.338553 0.117961 0.176833 
0.366785 0.323309 0.127138 0.182768 
0.366989 0.312501 0.161862 0.158648 
0.367105 0.275154 0.211622 0.146119 
0.366309 0.108168 0.199647 0.325876 
0.363255 0.283944 0.005446 0.347356 
0.368248 0.156047 0.108511 0.367194 
0.366237 0.291661 0.091585 0.250517 
0.363648 0.330385 0.007955 0.298012 
0.364489 0.294041 0.012069 0.329401 
0.359685 0.028424 0.281641 0.330251 
0.363389 0.060557 0.253559 0.322495 
0.365094 0.077403 0.207603 0.349900 
0.373535 0.149480 0.100752 0.376233 
0.367475 0.162069 0.112060 0.358395 
0.368849 0.092931 0.170621 0.367599 
0.363284 0.013006 0.280817 0.342893 
0.367484 0.073376 0.194905 0.364235 
0.363199 0.003925 0.310456 0.322420 
0.351089 0.000000 0.323523 0.325387 
0.352514 0.000015 0.290165 0.357307 
0.353275 0.000019 0.295226 0.351480 
0.369815 0.001093 0.252991 0.376101 
0.369215 0.004150 0.250253 0.376382 
0.352869 0.000056 0.278223 0.368852 
0.347508 0.000001 0.299474 0.353017 
0.353357 0.000007 0.330089 0.316547 
0.358774 0.000100 0.315443 0.325684 
0.354327 0.000016 0.309980 0.335677 
0.350760 0.000003 0.340145 0.309092 
0.330876 0.000000 0.327787 0.341337 
0.310059 0.000000 0.322060 0.367881 
0.322028 0.000000 0.337659 0.340313 
0.312607 0.000000 0.319920 0.367473 
0.353912 0.001372 0.352833 0.291883 
0.359513 0.003057 0.352459 0.284971 
0.361343 0.018726 0.352845 0.267086 
0.356284 0.000196 0.348912 0.294607 
0.349567 0.000000 0.325849 0.324584 
0.364679 0.064485 0.364034 0.206802 
0.366199 0.207428 0.361630 0.064743 
0.365774 0.198924 0.358407 0.076895 
0.367349 0.054220 0.367895 0.210536 
0.369210 0.132588 0.370009 0.128193 
0.369015 0.120798 0.370340 0.139846 
0.365245 0.046639 0.363857 0.224259 
0.367268 0.122981 0.365432 0.144320 
0.367126 0.191038 0.366543 0.075292 
0.364394 0.254551 0.364292 0.016763 
0.359888 0.003110 0.361164 0.275839 
0.359117 0.001128 0.358141 0.281614 
0.369413 0.100006 0.370371 0.160210 
0.367932 0.071008 0.368300 0.192760 
0.356350 0.000183 0.351449 0.292017 
0.352249 0.000009 0.340399 0.307343 
0.327647 0.000000 0.303598 0.368756 
0.346495 0.000000 0.320949 0.332556 
0.357739 0.000601 0.338765 0.302895 
0.352352 0.000019 0.340495 0.307134 
0.355719 0.000288 0.344011 0.299982 
0.363861 0.224242 0.352308 0.059589 
0.363607 0.235579 0.352681 0.048133 
0.364874 0.138429 0.352155 0.144542 
0.364456 0.121859 0.337473 0.176212 
0.360952 0.009564 0.337962 0.291521 
0.352673 0.000008 0.322931 0.324388 
0.364395 0.117706 0.354032 0.163868 
0.361389 0.012385 0.343068 0.283157 
0.360422 0.000765 0.315505 0.323307 
0.360353 0.004463 0.341966 0.293217 
0.356057 0.000185 0.341438 0.302319 
0.355102 0.000014 0.328164 0.316720 
0.356998 0.000236 0.342934 0.299832 
0.357416 0.000076 0.327215 0.315293 
0.365277 0.102618 0.353522 0.178583 
0.362759 0.018834 0.357438 0.260970 
0.358596 0.052235 0.348996 0.240173 
0.362893 0.094742 0.357673 0.184693 
0.366123 0.136096 0.364937 0.132844 
0.364857 0.050988 0.363494 0.220661 
0.358247 0.001687 0.355549 0.284517 
0.365753 0.144528 0.364537 0.125182 
0.366934 0.147028 0.367208 0.118830 
0.365853 0.205507 0.368107 0.060533 
0.368329 0.117981 0.370514 0.143175 
0.365617 0.164364 0.368287 0.101732 
0.367953 0.130305 0.370116 0.131626 
0.368145 0.082900 0.370143 0.178812 
0.367532 0.105126 0.369714 0.157627 
0.362982 0.258382 0.365068 0.013568 
0.356280 0.282895 0.360299 0.000526 
0.364765 0.238548 0.367252 0.029435 
0.363663 0.042907 0.364863 0.228568 
0.367128 0.144061 0.367657 0.121154 
0.363825 0.055921 0.359941 0.220313 
0.364867 0.079751 0.360268 0.195114 
0.367833 0.142226 0.368478 0.121463 
0.364925 0.114944 0.359780 0.160352 
0.365225 0.194703 0.353522 0.086549 
0.364421 0.049524 0.352336 0.233718 
0.364150 0.247456 0.352050 0.036344 
0.357194 0.000403 0.342909 0.299493 
0.357193 0.000765 0.343962 0.298080 
0.358558 0.000671 0.342859 0.297913 
0.356190 0.000064 0.338211 0.305535 
0.359026 0.000661 0.340975 0.299339 
0.365087 0.057225 0.350223 0.227465 
0.362414 0.013689 0.338325 0.285572 
0.363861 0.088501 0.345602 0.202036 
0.366139 0.217574 0.359685 0.056602 
0.364271 0.051012 0.348958 0.235759 
0.363547 0.020898 0.346198 0.269357 
0.365485 0.056641 0.353003 0.224871 
0.362710 0.008287 0.356575 0.272429 
0.367004 0.152483 0.359203 0.121310 
0.360549 0.003527 0.347371 0.288553 
0.353217 0.000003 0.331022 0.315758 
0.332265 0.000000 0.314403 0.353331 
0.325461 0.000000 0.316510 0.358029 
0.351799 0.000004 0.331837 0.316360 
0.353120 0.000006 0.331927 0.314947 
0.341380 0.000000 0.289518 0.369102 
0.325400 0.000000 0.306098 0.368502 
0.323648 0.000000 0.314979 0.361373 
0.327221 0.000000 0.315120 0.357659 
0.364665 0.033931 0.360784 0.240620 
0.356198 0.000436 0.352534 0.290832 
0.355903 0.001105 0.351547 0.291445 
0.345458 0.000000 0.338185 0.316357 
0.358894 0.007280 0.344194 0.289632 
0.364071 0.057422 0.357098 0.221409 
0.357251 0.002843 0.340038 0.299868 
0.363455 0.146902 0.333543 0.156100 
0.360841 0.320223 0.316246 0.002690 
0.353993 0.339835 0.306090 0.000081 
0.358828 0.342557 0.280546 0.018069 
0.369880 0.375224 0.250836 0.004059 
0.389351 0.361028 0.241648 0.007972 
0.385029 0.365932 0.235908 0.013131 
0.378199 0.367703 0.248715 0.005383 
0.366061 0.375356 0.251383 0.007201 
0.360659 0.360330 0.235526 0.043485 
0.362983 0.365482 0.249000 0.022535 
0.357275 0.345372 0.028102 0.269250 
0.367454 0.372565 0.187987 0.071995 
0.368854 0.375948 0.213496 0.041701 
0.354354 0.366718 0.278690 0.000238 
0.368965 0.374285 0.088852 0.167898 
0.367788 0.371145 0.131564 0.129503 
0.364473 0.359871 0.144999 0.130657 
0.374049 0.378200 0.125823 0.121928 
0.386246 0.376191 0.050460 0.187103 
0.382193 0.378362 0.051269 0.188177 
0.385230 0.375971 0.047580 0.191219 
0.389121 0.367724 0.150383 0.092773 
0.378480 0.352662 0.268836 0.000023 
0.389597 0.348025 0.148522 0.113855 
0.365434 0.372539 0.000145 0.261882 
0.349309 0.371339 0.000003 0.279350 
0.356463 0.372727 0.000040 0.270770 
0.363153 0.371438 0.012854 0.252555 
0.362594 0.359231 0.000006 0.278169 
0.364582 0.369126 0.000025 0.266267 
0.337106 0.351284 0.000000 0.311609 
0.330376 0.369216 0.000000 0.300408 
0.328091 0.353954 0.000000 0.317955 
0.313886 0.361713 0.000000 0.324400 
0.317400 0.363571 0.000000 0.319029 
0.316788 0.366726 0.000000 0.316486 
0.314304 0.357974 0.000000 0.327722 
0.319315 0.352383 0.000000 0.328302 
0.312500 0.368204 0.000000 0.319296 
0.312559 0.364479 0.000000 0.322962 
0.329287 0.338449 0.000000 0.332264 
0.346055 0.305420 0.000001 0.348524 
0.349169 0.302983 0.000006 0.347843 
0.351633 0.295897 0.000070 0.352400 
0.347360 0.299307 0.000015 0.353318 
0.362036 0.249327 0.023708 0.364930 
0.363019 0.236131 0.039867 0.360984 
0.362344 0.268571 0.006156 0.362929 
0.361523 0.202266 0.076015 0.360196 
0.361602 0.265745 0.014074 0.358579 
0.361092 0.267315 0.009136 0.362457 
0.364871 0.125852 0.143504 0.365773 
0.362476 0.038666 0.234061 0.364797 
0.360428 0.015652 0.260892 0.363028 
0.353194 0.000083 0.290523 0.356200 
0.355321 0.000263 0.292441 0.351975 
0.352122 0.000028 0.301712 0.346138 
0.357101 0.000393 0.302119 0.340387 
0.362701 0.011786 0.296386 0.329128 
0.365781 0.120899 0.243974 0.269345 
0.364290 0.034378 0.277637 0.323695 
0.365228 0.072393 0.256990 0.305390 
0.365597 0.196102 0.159795 0.278506 
0.364613 0.283805 0.294105 0.057478 
0.365366 0.281321 0.160702 0.192611 
0.365738 0.241374 0.187365 0.205522 
0.365560 0.164930 0.294380 0.175131 
0.361910 0.006044 0.321520 0.310526 
0.362749 0.072540 0.342843 0.221867 
0.364379 0.117409 0.359682 0.158530 
0.359464 0.005881 0.336682 0.297974 
0.364001 0.064436 0.328068 0.243494 
0.364394 0.140584 0.350264 0.144757 
0.361447 0.008852 0.341154 0.288546 
0.364642 0.090685 0.233304 0.311370 
0.365038 0.143954 0.156047 0.334961 
0.360478 0.001142 0.312505 0.325875 
0.346761 0.000000 0.332129 0.321110 
0.360507 0.007801 0.294649 0.337043 
0.364580 0.074634 0.202584 0.358202 
0.363041 0.185200 0.097412 0.354347 
0.361907 0.225689 0.054340 0.358063 
0.353939 0.000173 0.293179 0.352709 
0.358310 0.001255 0.281012 0.359423 
0.357759 0.001114 0.281301 0.359826 
0.354332 0.000136 0.291060 0.354472 
0.355214 0.000068 0.293547 0.351171 
0.363722 0.011668 0.264426 0.360184 
0.365354 0.247924 0.022058 0.364664 
0.363186 0.272275 0.010488 0.354050 
0.364327 0.259382 0.020363 0.355928 
0.365351 0.062273 0.219552 0.352824 
0.365995 0.133629 0.149718 0.350658 
0.365062 0.032438 0.240627 0.361873 
0.359108 0.006339 0.283035 0.351518 
0.358490 0.012001 0.281795 0.347714 
0.363156 0.133886 0.143239 0.359719 
0.366786 0.117038 0.154730 0.361447 
0.367078 0.167298 0.103475 0.362149 
0.366711 0.227384 0.038985 0.366920 
0.367730 0.180727 0.083261 0.368282 
0.368390 0.128091 0.134882 0.368637 
0.369251 0.178052 0.082222 0.370475 
0.367874 0.177493 0.086666 0.367968 
0.361435 0.253681 0.024864 0.360020 
0.349514 0.304419 0.000001 0.346066 
0.339963 0.323583 0.000000 0.336454 
0.341847 0.334783 0.000000 0.323370 
0.322725 0.356196 0.000000 0.321079 
0.312116 0.367868 0.000000 0.320016 
0.312457 0.368181 0.000000 0.319362 
0.313661 0.365217 0.000000 0.321122 
0.324798 0.356206 0.000000 0.318996 
0.318715 0.353515 0.000000 0.327770 
0.313738 0.367073 0.000000 0.319189 
0.313621 0.366462 0.000000 0.319916 
0.332510 0.362561 0.000000 0.304929 
0.316630 0.368489 0.000000 0.314881 
0.317457 0.364873 0.000000 0.317670 
0.314648 0.363158 0.000000 0.322194 
0.334261 0.326125 0.000000 0.339614 
0.322606 0.346440 0.000000 0.330954 
0.314336 0.363692 0.000000 0.321973 
0.333661 0.341437 0.000000 0.324903 
0.349726 0.324900 0.000000 0.325373 
0.360200 0.297557 0.001672 0.340571 
0.363243 0.241015 0.055546 0.340196 
0.365572 0.312909 0.086830 0.234689 
0.364409 0.273786 0.074695 0.287110 
0.363576 0.280004 0.335278 0.021142 
0.364125 0.318960 0.292976 0.023939 
0.365359 0.328977 0.125973 0.179691 
0.364954 0.321259 0.234563 0.079223 
0.365057 0.344881 0.182220 0.107842 
0.361554 0.334613 0.299394 0.004439 
0.344994 0.345387 0.309618 0.000001 
0.341288 0.349593 0.309117 0.000002 
0.319551 0.315904 0.364545 0.000000 
0.314735 0.337847 0.347418 0.000000 
0.335353 0.316011 0.348636 0.000000 
0.344500 0.354564 0.300933 0.000003 
0.332314 0.352241 0.315445 0.000000 
0.360939 0.371615 0.174119 0.093326 
0.332399 0.359763 0.307837 0.000000 
0.357137 0.371100 0.219243 0.052519 
0.343756 0.364949 0.289218 0.002077 
0.326049 0.354333 0.319618 0.000000 
0.319649 0.313470 0.366880 0.000000 
0.343966 0.294645 0.361370 0.000019 
0.348527 0.282559 0.368805 0.000109 
0.349737 0.151551 0.369343 0.129370 
0.357473 0.270498 0.371529 0.000500 
0.329626 0.000001 0.367240 0.303134 
0.358385 0.084198 0.367151 0.190266 
0.361798 0.185868 0.373683 0.078651 
0.357915 0.131429 0.363407 0.147250 
0.357025 0.031990 0.332556 0.278429 
0.358815 0.211081 0.304079 0.126025 
0.358347 0.159111 0.324231 0.158310 
0.357212 0.200766 0.318395 0.123627 
0.357415 0.317771 0.214838 0.109977 
0.353518 0.140380 0.332751 0.173352 
0.355408 0.339688 0.089832 0.215072 
0.356395 0.346906 0.140450 0.156250 
0.358226 0.368851 0.137941 0.134983 
0.358000 0.371337 0.141618 0.129045 
0.360303 0.373711 0.131628 0.134358 
0.355025 0.370627 0.216364 0.057983 
0.347649 0.349696 0.038679 0.263976 
0.349138 0.351211 0.009814 0.289836 
0.339320 0.368325 0.001595 0.290760 
0.329908 0.335004 0.000000 0.335088 
0.325552 0.332488 0.000001 0.341959 
0.329815 0.331574 0.000002 0.338609 
0.308919 0.347500 0.000001 0.343580 
0.320513 0.327883 0.000001 0.351603 
0.318400 0.334471 0.000001 0.347129 
0.319393 0.335324 0.002797 0.342486 
0.318588 0.341334 0.000003 0.340075 
0.307593 0.358149 0.000003 0.334255 
0.304643 0.354050 0.000005 0.341302 
0.305759 0.353061 0.000002 0.341178 
0.322728 0.340851 0.000034 0.336388 
0.316949 0.332411 0.000003 0.350637 
0.307673 0.342351 0.000008 0.349968 
0.300462 0.349738 0.000006 0.349794 
0.312815 0.334592 0.000009 0.352585 
0.307017 0.344481 0.000002 0.348500 
0.306921 0.340555 0.000005 0.352519 
0.312014 0.341759 0.000008 0.346219 
0.286397 0.364166 0.000019 0.349417 
0.303276 0.342719 0.000009 0.353997 
0.300355 0.344973 0.000012 0.354660 
0.310657 0.333193 0.000052 0.356098 
0.317579 0.329748 0.000023 0.352649 
0.322004 0.322397 0.000024 0.355576 
0.331467 0.309094 0.000226 0.359214 
0.341843 0.254232 0.039138 0.364787 
0.324939 0.004637 0.312431 0.357993 
0.339024 0.018160 0.279140 0.363676 
0.338783 0.025160 0.275760 0.360297 
0.339047 0.026700 0.281797 0.352457 
0.330604 0.000062 0.328616 0.340717 
0.325813 0.000173 0.319254 0.354761 
0.321406 0.000305 0.320213 0.358076 
0.331609 0.002749 0.305350 0.360292 
0.326440 0.000621 0.315841 0.357098 
0.331945 0.002403 0.315972 0.349679 
0.330375 0.000629 0.330537 0.338459 
0.320920 0.000069 0.346221 0.332791 
0.321538 0.000046 0.349477 0.328939 
0.327413 0.000021 0.344176 0.328390 
0.309579 0.000008 0.343203 0.347211 
0.312727 0.000026 0.342540 0.344706 
0.314105 0.000057 0.353439 0.332399 
0.309119 0.000224 0.348581 0.342076 
0.332253 0.003573 0.351376 0.312798 
0.314568 0.000013 0.345445 0.339975 
0.324592 0.000104 0.357776 0.317528 
0.312103 0.000115 0.353799 0.333983 
0.309425 0.000075 0.355637 0.334863 
0.307722 0.000030 0.356055 0.336193 
0.299516 0.000084 0.356869 0.343531 
0.299206 0.000066 0.356582 0.344146 
0.300847 0.000037 0.355035 0.344082 
0.301219 0.000055 0.355688 0.343038 
0.309996 0.000051 0.358866 0.331088 
0.308336 0.000036 0.356633 0.334995 
0.292819 0.000018 0.354724 0.352439 
0.291491 0.000022 0.354810 0.353678 
0.288461 0.000304 0.355095 0.356140 
0.287113 0.000057 0.356000 0.356830 
0.285886 0.000096 0.356761 0.357256 
0.292262 0.001314 0.351837 0.354586 
0.294457 0.000023 0.354395 0.351126 
0.292840 0.000066 0.351586 0.355508 
0.303034 0.000136 0.338273 0.358557 
0.290628 0.000115 0.351435 0.357821 
0.307601 0.000136 0.336894 0.355369 
0.317235 0.000107 0.327424 0.355233 
0.325490 0.001950 0.312478 0.360082 
0.329792 0.014011 0.292432 0.363766 
0.323891 0.003192 0.310630 0.362287 
0.325131 0.011242 0.302390 0.361237 
0.325014 0.002000 0.315871 0.357115 
0.323549 0.000914 0.317992 0.357544 
0.330914 0.010854 0.297957 0.360275 
0.340754 0.151854 0.142338 0.365054 
0.337143 0.219488 0.079473 0.363896 
0.338337 0.146611 0.149181 0.365871 
0.339684 0.137151 0.157598 0.365567 
0.339102 0.144196 0.151054 0.365648 
0.339019 0.149819 0.145836 0.365327 
0.339981 0.140096 0.154393 0.365530 
0.340140 0.087542 0.207396 0.364922 
0.342547 0.151892 0.144732 0.360828 
0.341826 0.120800 0.175168 0.362206 
0.342666 0.121990 0.181902 0.353442 
0.333415 0.019128 0.290010 0.357446 
0.329737 0.001194 0.316301 0.352768 
0.326550 0.001496 0.311134 0.360821 
0.332038 0.012334 0.291439 0.364189 
0.333461 0.030333 0.271264 0.364942 
0.331007 0.010058 0.301509 0.357426 
0.329979 0.012920 0.296456 0.360645 
0.307522 0.000218 0.337408 0.354852 
0.310461 0.000440 0.338263 0.350836 
0.319484 0.000411 0.325586 0.354519 
0.318794 0.000285 0.334608 0.346313 
0.319902 0.000745 0.327546 0.351807 
0.320644 0.000639 0.330688 0.348029 
0.315132 0.000404 0.327038 0.357426 
0.299147 0.001795 0.340124 0.358933 
0.306842 0.002467 0.330730 0.359961 
0.310792 0.000384 0.329635 0.359190 
0.322465 0.000589 0.316796 0.360149 
0.331346 0.006295 0.300241 0.362117 
0.342369 0.144603 0.147029 0.366000 
0.343679 0.134516 0.156023 0.365782 
0.343184 0.142152 0.148827 0.365837 
0.338774 0.152423 0.150777 0.358027 
0.343960 0.284981 0.028216 0.342842 
0.347946 0.248978 0.070034 0.333042 
0.345950 0.289391 0.029634 0.335025 
0.345292 0.185558 0.123509 0.345641 
0.345755 0.231258 0.087610 0.335377 
0.341756 0.330075 0.006632 0.321536 
0.343115 0.345560 0.096734 0.214592 
0.340727 0.344612 0.123513 0.191148 
0.338713 0.337413 0.005302 0.318573 
0.339799 0.338844 0.011601 0.309755 
0.342204 0.338662 0.218348 0.100786 
0.346118 0.292293 0.114233 0.247356 
0.344303 0.308334 0.041947 0.305416 
0.342598 0.350655 0.164864 0.141884 
0.339692 0.346206 0.240271 0.073831 
0.339996 0.357853 0.034817 0.267334 
0.335494 0.357795 0.300063 0.006648 
0.335354 0.356184 0.304677 0.003785 
0.336191 0.362301 0.147618 0.153889 
0.344017 0.360742 0.125474 0.169768 
0.343823 0.358931 0.198663 0.098583 
0.334105 0.364618 0.293710 0.007567 
0.334070 0.365816 0.013027 0.287086 
0.335280 0.369461 0.262365 0.032894 
0.342396 0.369417 0.157103 0.131084 
0.341075 0.358040 0.234087 0.066799 
0.343528 0.348175 0.082963 0.225334 
0.341616 0.348975 0.149399 0.160010 
0.331345 0.348557 0.293793 0.026305 
0.331906 0.333519 0.319052 0.015522 
0.311056 0.347450 0.340960 0.000534 
0.321402 0.349329 0.328999 0.000270 
0.323771 0.361861 0.310670 0.003697 
0.298287 0.368845 0.331883 0.000985 
0.304621 0.368226 0.324312 0.002842 
0.288630 0.348782 0.348576 0.014012 
0.311884 0.343567 0.344148 0.000402 
0.321747 0.341515 0.305382 0.031356 
0.306139 0.343732 0.288560 0.061569 
0.341536 0.335177 0.126090 0.197198 
0.337561 0.342765 0.262111 0.057563 
0.328400 0.348012 0.045752 0.277836 
0.323959 0.335591 0.005246 0.335203 
0.335925 0.329744 0.009462 0.324868 
0.329635 0.343962 0.008557 0.317846 
0.327230 0.349584 0.029289 0.293897 
0.326410 0.348263 0.040468 0.284859 
0.327761 0.343801 0.016847 0.311592 
0.333764 0.341127 0.178727 0.146382 
0.329051 0.334014 0.149883 0.187052 
0.326565 0.356052 0.173487 0.143896 
0.139486 0.365310 0.156687 0.338517 
