0.250164 0.249380 0.251752 0.248704 
0.187401 0.276494 0.349902 0.186204 
0.088870 0.091340 0.110447 0.709343 
0.014243 0.014050 0.019068 0.952639 
0.000496 0.000509 0.000654 0.998341 
0.001730 0.002003 0.004997 0.991270 
0.000000 0.000000 0.000000 1.000000 
0.000000 0.000000 0.000000 1.000000 
0.000000 0.000000 0.000000 1.000000 
0.000000 0.000000 0.000000 1.000000 
0.000000 0.000000 0.000003 0.999997 
0.000000 0.000000 0.000000 1.000000 
0.000000 0.000000 0.000000 1.000000 
0.000000 0.000000 0.000000 1.000000 
0.000000 0.000000 0.000000 1.000000 
0.000000 0.000000 0.000000 1.000000 
0.000000 0.000000 0.000000 1.000000 
0.000000 0.000000 0.000000 1.000000 
0.000000 0.000000 0.000000 1.000000 
0.000000 0.000000 0.000000 1.000000 
0.000000 0.000000 0.000000 1.000000 
0.000000 0.000000 0.000000 1.000000 
0.000000 0.000000 0.000000 1.000000 
0.000000 0.000000 0.000000 1.000000 
0.000000 0.000000 0.000000 1.000000 
0.000000 0.000000 0.000000 1.000000 
0.000000 0.000000 0.000000 1.000000 
0.000000 0.000000 0.000000 1.000000 
0.000000 0.000000 0.000000 1.000000 
0.000000 0.000000 0.000000 1.000000 
0.000000 0.000000 0.000000 1.000000 
0.000000 0.000000 0.000000 1.000000 
0.000000 0.000000 0.000000 1.000000 
0.000000 0.000000 0.000000 1.000000 
0.000000 0.000000 0.000000 1.000000 
0.000000 0.000000 0.000009 0.999991 
0.000000 0.000000 0.000175 0.999825 
0.000000 0.000008 0.112972 0.887020 
0.000000 0.000000 0.120836 0.879164 
0.000000 0.000000 0.000028 0.999972 
0.000000 0.000000 0.000440 0.999560 
0.000000 0.000000 0.003636 0.996364 
0.000000 0.000000 0.006024 0.993976 
0.000000 0.000001 0.001356 0.998643 
0.000000 0.000000 0.000027 0.999973 
0.000000 0.000000 0.000000 1.000000 
0.000000 0.000000 0.000000 1.000000 
0.000000 0.000000 0.000000 1.000000 
0.000000 0.000000 0.000001 0.999999 
0.000000 0.000000 0.000225 0.999775 
0.000000 0.000000 0.001781 0.998219 
0.000000 0.000000 0.019935 0.980065 
0.000000 0.000000 0.416743 0.583257 
0.000000 0.000000 0.519701 0.480299 
0.000000 0.000000 0.179704 0.820296 
0.000000 0.000000 0.677922 0.322078 
0.000000 0.000000 0.639983 0.360017 
0.000000 0.000000 0.539918 0.460082 
0.000000 0.000000 0.092059 0.907941 
0.000000 0.000000 0.785592 0.214407 
0.000000 0.000000 0.604414 0.395586 
0.000000 0.000000 0.227860 0.772139 
0.000000 0.000000 0.933101 0.066898 
0.000000 0.000000 0.496895 0.503105 
0.000000 0.000000 0.150197 0.849803 
0.000000 0.000000 0.963429 0.036571 
0.000000 0.000000 0.997820 0.002180 
0.000000 0.000000 0.999850 0.000150 
0.000000 0.000019 0.999981 0.000000 
0.000000 0.000017 0.999983 0.000000 
0.000000 0.000008 0.999950 0.000042 
0.000000 0.000039 0.999948 0.000014 
0.000000 0.000088 0.998734 0.001178 
0.000000 0.000072 0.999928 0.000000 
0.000000 0.000103 0.999897 0.000000 
0.000000 0.001517 0.998482 0.000000 
0.000000 0.001617 0.991060 0.007324 
0.000000 0.000452 0.998431 0.001117 
0.000000 0.003353 0.996637 0.000010 
0.000000 0.042354 0.043047 0.914599 
0.000000 0.001263 0.998698 0.000039 
0.000000 0.000253 0.999742 0.000005 
0.000000 0.000177 0.999823 0.000000 
0.000000 0.008168 0.991832 0.000000 
0.000000 0.119225 0.880775 0.000000 
0.000000 0.070661 0.929339 0.000000 
0.000000 0.318885 0.681115 0.000000 
0.000000 0.145379 0.854621 0.000000 
0.000000 0.212058 0.787942 0.000000 
0.000000 0.090552 0.909448 0.000000 
0.000000 0.274582 0.725418 0.000000 
0.000000 0.009462 0.990538 0.000000 
0.000000 0.038624 0.961376 0.000000 
0.000000 0.976140 0.023860 0.000000 
0.000000 0.160371 0.839629 0.000000 
0.000000 0.144484 0.855516 0.000000 
0.000000 0.313338 0.686662 0.000000 
0.000000 0.306632 0.693368 0.000000 
0.000000 0.557156 0.442830 0.000013 
0.000000 0.376311 0.623689 0.000000 
0.000000 0.999471 0.000529 0.000000 
0.000000 0.552375 0.447602 0.000024 
0.000000 0.422551 0.576664 0.000785 
0.000000 0.963142 0.035758 0.001100 
0.000000 0.597089 0.387983 0.014928 
0.000000 0.488303 0.510573 0.001124 
0.000000 0.535386 0.464610 0.000004 
0.000000 0.189253 0.810715 0.000033 
0.000000 0.528018 0.471350 0.000632 
0.000000 0.506681 0.493248 0.000071 
0.000000 0.781423 0.186746 0.031830 
0.000000 0.996627 0.000657 0.002716 
0.000000 0.991516 0.008465 0.000019 
0.000000 0.994095 0.005866 0.000039 
0.000000 0.979238 0.020704 0.000058 
0.000000 0.914712 0.085284 0.000003 
0.000000 0.902798 0.097201 0.000002 
0.000000 0.987450 0.011451 0.001099 
0.000000 0.849939 0.001322 0.148739 
0.000000 0.299362 0.000466 0.700173 
0.000000 0.601823 0.000932 0.397246 
0.000000 0.178224 0.000017 0.821759 
0.000000 0.139673 0.000000 0.860326 
0.000000 0.939807 0.000000 0.060193 
0.000000 0.923605 0.000000 0.076395 
0.000000 1.000000 0.000000 0.000000 
0.000000 1.000000 0.000000 0.000000 
0.000000 0.999856 0.000143 0.000002 
0.000000 0.958639 0.041361 0.000000 
0.000000 0.971962 0.028038 0.000000 
0.000000 0.619595 0.380405 0.000000 
0.000000 0.927837 0.072155 0.000008 
0.000000 0.385823 0.538078 0.076099 
0.000000 0.713551 0.284208 0.002242 
0.000000 0.591984 0.402474 0.005542 
0.000000 0.434339 0.562840 0.002821 
0.000000 0.735448 0.264545 0.000007 
0.000000 0.285869 0.714131 0.000000 
0.000000 0.469035 0.530965 0.000000 
0.000000 0.476318 0.523682 0.000000 
0.000000 0.388986 0.611014 0.000000 
0.000000 0.979839 0.020161 0.000000 
0.000000 0.996285 0.003715 0.000000 
0.000000 0.998018 0.001982 0.000000 
0.000000 0.998201 0.001799 0.000000 
0.000000 0.970491 0.014259 0.015250 
0.000000 0.621986 0.081442 0.296572 
0.000000 0.118867 0.081832 0.799301 
0.000000 0.399079 0.429737 0.171184 
0.000000 0.968243 0.023364 0.008393 
0.000000 0.980352 0.000031 0.019617 
0.000000 0.997460 0.000000 0.002540 
0.000000 0.999795 0.000000 0.000205 
0.000000 0.999634 0.000000 0.000366 
0.000000 0.999999 0.000000 0.000001 
0.000000 0.999978 0.000000 0.000022 
0.000000 0.999999 0.000000 0.000001 
0.000000 1.000000 0.000000 0.000000 
0.000000 1.000000 0.000000 0.000000 
0.000000 1.000000 0.000000 0.000000 
0.000000 1.000000 0.000000 0.000000 
0.000000 1.000000 0.000000 0.000000 
0.000000 1.000000 0.000000 0.000000 
0.000000 1.000000 0.000000 0.000000 
0.000000 1.000000 0.000000 0.000000 
0.000000 1.000000 0.000000 0.000000 
0.000000 1.000000 0.000000 0.000000 
0.000000 1.000000 0.000000 0.000000 
0.000000 1.000000 0.000000 0.000000 
0.000000 1.000000 0.000000 0.000000 
0.000000 1.000000 0.000000 0.000000 
0.000000 1.000000 0.000000 0.000000 
0.000000 1.000000 0.000000 0.000000 
0.000000 0.999990 0.000000 0.000010 
0.000000 0.999998 0.000000 0.000002 
0.000000 1.000000 0.000000 0.000000 
0.000000 1.000000 0.000000 0.000000 
0.000000 0.999997 0.000000 0.000002 
0.000000 0.999435 0.000000 0.000565 
0.000000 0.999901 0.000000 0.000098 
0.000000 0.995360 0.000000 0.004640 
0.000000 0.742866 0.000000 0.257134 
0.000000 0.653467 0.000000 0.346533 
0.000000 0.244567 0.000000 0.755433 
0.000000 0.114651 0.000005 0.885344 
0.000000 0.015142 0.000009 0.984849 
0.000000 0.561955 0.000007 0.438038 
0.000000 0.025205 0.000000 0.974795 
0.000000 0.003829 0.000000 0.996170 
0.000000 0.043478 0.000003 0.956519 
0.000000 0.703299 0.012172 0.284529 
0.000000 0.582900 0.075411 0.341688 
0.000000 0.430365 0.027698 0.541937 
0.000000 0.359429 0.233615 0.406956 
0.000000 0.787400 0.092171 0.120429 
0.000000 0.488430 0.511570 0.000000 
0.000000 0.337441 0.662559 0.000000 
0.000000 0.027955 0.971705 0.000340 
0.000000 0.000002 0.919876 0.080123 
0.000000 0.005431 0.994569 0.000000 
0.000000 0.005877 0.993535 0.000588 
0.000000 0.000703 0.999297 0.000000 
0.000000 0.000592 0.999077 0.000331 
0.000000 0.011643 0.905715 0.082642 
0.000000 0.000147 0.417089 0.582764 
0.000000 0.019432 0.352250 0.628318 
0.000000 0.000013 0.001913 0.998074 
0.000000 0.000001 0.382757 0.617242 
0.000000 0.000042 0.886187 0.113771 
0.000000 0.000017 0.947212 0.052771 
0.000000 0.000013 0.998586 0.001401 
0.000000 0.001483 0.998517 0.000000 
0.000000 0.852799 0.147006 0.000194 
0.000000 0.049973 0.939174 0.010853 
0.000000 0.395779 0.579636 0.024586 
0.000000 0.377388 0.617588 0.005024 
0.000000 0.343057 0.648157 0.008786 
0.000000 0.506880 0.493104 0.000016 
0.000000 0.391451 0.608549 0.000000 
0.000000 0.109441 0.890559 0.000000 
0.000000 0.323911 0.676089 0.000000 
0.000000 0.471879 0.528121 0.000000 
0.000000 0.498455 0.501545 0.000000 
0.000000 0.868168 0.131832 0.000000 
0.000000 0.886022 0.113978 0.000000 
0.000000 0.698014 0.301986 0.000000 
0.000000 0.915605 0.084395 0.000000 
0.000000 0.703619 0.296381 0.000000 
0.000000 0.979507 0.020493 0.000000 
0.000000 1.000000 0.000000 0.000000 
0.000000 1.000000 0.000000 0.000000 
0.000000 1.000000 0.000000 0.000000 
0.000000 1.000000 0.000000 0.000000 
0.000000 1.000000 0.000000 0.000000 
0.000000 1.000000 0.000000 0.000000 
0.000000 1.000000 0.000000 0.000000 
0.000000 1.000000 0.000000 0.000000 
0.000000 1.000000 0.000000 0.000000 
0.000000 1.000000 0.000000 0.000000 
0.000000 1.000000 0.000000 0.000000 
0.000000 1.000000 0.000000 0.000000 
0.000000 1.000000 0.000000 0.000000 
0.000000 0.999876 0.000001 0.000124 
0.000000 1.000000 0.000000 0.000000 
0.000000 0.998755 0.001245 0.000000 
0.000000 0.999999 0.000001 0.000000 
0.000000 0.994961 0.005035 0.000004 
0.000000 0.995209 0.004791 0.000000 
0.000000 0.814115 0.178862 0.007023 
0.000000 0.097402 0.901564 0.001035 
0.000000 0.121776 0.877817 0.000407 
0.000000 0.048129 0.951871 0.000000 
0.000000 0.240999 0.759001 0.000000 
0.000000 0.062707 0.937293 0.000000 
0.000000 0.012991 0.987009 0.000000 
0.000000 0.046769 0.953231 0.000000 
0.000000 0.024314 0.975686 0.000000 
0.000000 0.005628 0.994337 0.000036 
0.000000 0.002646 0.997354 0.000000 
0.000000 0.048665 0.951335 0.000000 
0.000000 0.010153 0.989804 0.000044 
0.000000 0.046834 0.167884 0.785283 
0.000000 0.000929 0.193532 0.805539 
0.000000 0.232101 0.263531 0.504368 
0.000000 0.781575 0.000047 0.218379 
0.000000 0.901457 0.000000 0.098543 
0.000000 0.998808 0.000000 0.001192 
0.000000 0.993919 0.000000 0.006081 
0.000000 0.999429 0.000000 0.000571 
0.000000 0.991544 0.000052 0.008404 
0.000000 0.842295 0.157705 0.000000 
0.000000 0.494596 0.505404 0.000000 
0.000000 0.343981 0.656019 0.000000 
0.000000 0.538540 0.461458 0.000002 
0.000000 0.586864 0.413132 0.000004 
0.000000 0.371325 0.134484 0.494192 
0.000000 0.163467 0.305232 0.531301 
0.000000 0.186652 0.311260 0.502088 
0.000000 0.040895 0.185727 0.773378 
0.000000 0.002467 0.173549 0.823984 
0.000000 0.000000 0.965136 0.034864 
0.000000 0.000000 0.301160 0.698840 
0.000000 0.000000 0.382560 0.617440 
0.000000 0.000000 0.241321 0.758679 
0.000000 0.000000 0.906739 0.093261 
0.000000 0.000000 0.503602 0.496398 
0.000000 0.000000 0.689616 0.310384 
0.000000 0.000000 0.734075 0.265925 
0.000000 0.000001 0.691918 0.308081 
0.000000 0.000541 0.998950 0.000509 
0.000000 0.000015 0.999922 0.000063 
0.000000 0.000000 0.998001 0.001999 
0.000000 0.000000 0.575805 0.424195 
0.000000 0.000000 0.147481 0.852519 
0.000000 0.000000 0.034861 0.965139 
0.000000 0.000026 0.006681 0.993293 
0.000000 0.000656 0.005877 0.993467 
0.000000 0.000007 0.000043 0.999950 
0.000000 0.017178 0.000001 0.982821 
0.000000 0.240995 0.000000 0.759005 
0.000000 0.165062 0.000000 0.834937 
0.000000 0.694690 0.000000 0.305310 
0.000000 0.530554 0.000001 0.469445 
0.000000 0.983151 0.000000 0.016849 
0.000000 0.993666 0.000000 0.006334 
0.000000 0.997319 0.000000 0.002681 
0.000000 0.999952 0.000000 0.000048 
0.000000 0.999892 0.000000 0.000108 
0.000000 0.999968 0.000000 0.000032 
0.000000 1.000000 0.000000 0.000000 
0.000000 1.000000 0.000000 0.000000 
0.000000 0.999994 0.000006 0.000000 
0.000000 0.999906 0.000094 0.000000 
0.000000 1.000000 0.000000 0.000000 
0.000000 0.999997 0.000003 0.000000 
0.000000 0.999536 0.000464 0.000000 
0.000000 0.999897 0.000103 0.000000 
0.000000 1.000000 0.000000 0.000000 
0.000000 1.000000 0.000000 0.000000 
0.000000 1.000000 0.000000 0.000000 
0.000000 1.000000 0.000000 0.000000 
0.000000 0.999994 0.000006 0.000000 
0.000000 1.000000 0.000000 0.000000 
0.000000 1.000000 0.000000 0.000000 
0.000000 1.000000 0.000000 0.000000 
0.000000 1.000000 0.000000 0.000000 
0.000000 0.999421 0.000018 0.000561 
0.000000 0.998965 0.000000 0.001035 
0.000000 0.999824 0.000000 0.000176 
0.000000 0.999935 0.000059 0.000007 
0.000000 0.999985 0.000003 0.000012 
0.000000 1.000000 0.000000 0.000000 
0.000000 1.000000 0.000000 0.000000 
0.000000 1.000000 0.000000 0.000000 
0.000000 1.000000 0.000000 0.000000 
0.000000 1.000000 0.000000 0.000000 
0.000000 1.000000 0.000000 0.000000 
0.000000 1.000000 0.000000 0.000000 
0.000000 1.000000 0.000000 0.000000 
0.000000 1.000000 0.000000 0.000000 
0.000000 1.000000 0.000000 0.000000 
0.000000 1.000000 0.000000 0.000000 
0.000000 0.999997 0.000000 0.000003 
0.000000 0.999223 0.000000 0.000777 
0.000000 0.969890 0.000000 0.030110 
0.000000 0.952344 0.000000 0.047656 
0.000000 0.390343 0.000000 0.609657 
0.000000 0.210367 0.000000 0.789633 
0.000000 0.095548 0.000000 0.904452 
0.000000 0.583712 0.000000 0.416288 
0.000000 1.000000 0.000000 0.000000 
0.000000 1.000000 0.000000 0.000000 
0.000000 0.999621 0.000000 0.000379 
0.000000 0.983918 0.000000 0.016082 
0.000000 0.499076 0.000002 0.500922 
0.000000 0.998318 0.000001 0.001681 
0.000000 0.999983 0.000000 0.000017 
0.000000 0.997876 0.000000 0.002124 
0.000000 0.999381 0.000001 0.000619 
0.000000 0.798836 0.002473 0.198691 
0.000000 0.578618 0.280848 0.140534 
0.000000 0.452962 0.035443 0.511595 
0.000000 0.651277 0.230950 0.117773 
0.000000 0.441446 0.523875 0.034679 
0.000000 0.495038 0.504368 0.000594 
0.000000 0.116426 0.883416 0.000159 
0.000000 0.017778 0.982206 0.000017 
0.000000 0.125527 0.874473 0.000000 
0.000000 0.076033 0.923967 0.000000 
0.000000 0.033162 0.966838 0.000000 
0.000000 0.169875 0.830119 0.000006 
0.000000 0.312488 0.686792 0.000720 
0.000000 0.036295 0.963704 0.000000 
0.000000 0.226228 0.773659 0.000112 
0.000000 0.939054 0.060938 0.000008 
0.000000 0.984136 0.015362 0.000501 
0.000000 0.976664 0.023306 0.000030 
0.000000 0.773887 0.224652 0.001461 
0.000000 0.446387 0.552918 0.000695 
0.000000 0.758426 0.121090 0.120484 
0.000000 0.231037 0.492759 0.276204 
0.000000 0.106409 0.517373 0.376218 
0.000000 0.358612 0.352791 0.288596 
0.000000 0.500559 0.113872 0.385569 
0.000000 0.094744 0.476892 0.428363 
0.000000 0.464318 0.031165 0.504517 
0.000000 0.520229 0.467772 0.011999 
0.000000 0.511113 0.488887 0.000000 
0.000000 0.627168 0.372832 0.000001 
0.000000 0.868389 0.131611 0.000000 
0.000000 0.976406 0.022837 0.000757 
0.000000 0.997340 0.000132 0.002529 
0.000000 0.501130 0.000006 0.498864 
0.000000 0.709225 0.001089 0.289685 
0.000000 0.904801 0.002154 0.093045 
0.000000 0.949661 0.047792 0.002547 
0.000000 0.952395 0.027932 0.019673 
0.000000 0.285509 0.671551 0.042940 
0.000000 0.598510 0.068219 0.333272 
0.000000 0.216349 0.004135 0.779516 
0.000000 0.751983 0.148176 0.099841 
0.000000 0.836933 0.162438 0.000629 
0.000000 0.752900 0.241406 0.005694 
0.000000 0.886321 0.113637 0.000042 
0.000000 0.461345 0.538655 0.000000 
0.000000 0.101278 0.898722 0.000000 
0.000000 0.194546 0.805454 0.000000 
0.000000 0.370189 0.629810 0.000001 
0.000000 0.093095 0.906905 0.000000 
0.000000 0.006758 0.993242 0.000000 
0.000000 0.019118 0.980882 0.000000 
0.000000 0.075823 0.924177 0.000000 
0.000000 0.051048 0.948952 0.000000 
0.000000 0.007622 0.992378 0.000000 
0.000000 0.016668 0.983332 0.000000 
0.000000 0.009677 0.990323 0.000000 
0.000000 0.169356 0.830644 0.000000 
0.000000 0.063443 0.936557 0.000000 
0.000000 0.618029 0.381971 0.000000 
0.000000 0.524085 0.475915 0.000000 
0.000000 0.563895 0.436105 0.000000 
0.000000 0.328168 0.671832 0.000000 
0.000000 0.968160 0.031840 0.000000 
0.000000 0.686753 0.313247 0.000000 
0.000000 0.808695 0.191305 0.000000 
0.000000 0.986405 0.013595 0.000000 
0.000000 0.979205 0.020795 0.000000 
0.000000 0.886872 0.113128 0.000000 
0.000000 0.517763 0.482237 0.000000 
0.000000 0.159101 0.840899 0.000000 
0.000000 0.558849 0.441151 0.000000 
0.000000 0.276550 0.723450 0.000000 
0.000000 0.126666 0.873334 0.000000 
0.000000 0.679198 0.320802 0.000000 
0.000000 0.983660 0.016340 0.000000 
0.000000 0.999875 0.000125 0.000000 
0.000000 0.971640 0.028360 0.000000 
0.000000 0.947978 0.052022 0.000000 
0.000000 0.420916 0.579084 0.000000 
0.000000 0.409483 0.590517 0.000000 
0.000000 0.477480 0.522520 0.000000 
0.000000 0.868382 0.131618 0.000000 
0.000000 0.570213 0.429787 0.000000 
0.000000 0.593346 0.406654 0.000000 
0.000000 0.586192 0.413808 0.000000 
0.000000 0.165064 0.834936 0.000000 
0.000000 0.623781 0.376219 0.000000 
0.000000 0.999990 0.000010 0.000000 
0.000000 1.000000 0.000000 0.000000 
0.000000 1.000000 0.000000 0.000000 
0.000000 0.999999 0.000001 0.000000 
0.000000 0.999987 0.000013 0.000000 
0.000000 0.989738 0.010262 0.000000 
0.000000 0.983989 0.016009 0.000001 
0.000000 0.999805 0.000000 0.000195 
0.000000 0.999902 0.000000 0.000098 
0.000000 0.998464 0.001461 0.000075 
0.000000 0.999998 0.000000 0.000002 
0.000000 0.991390 0.008605 0.000005 
0.000000 0.999948 0.000052 0.000000 
0.000000 0.997135 0.000233 0.002632 
0.000000 0.984352 0.000000 0.015648 
0.000000 0.735477 0.000000 0.264523 
0.000000 0.440110 0.000002 0.559888 
0.000000 0.159835 0.386214 0.453951 
0.000000 0.052279 0.821124 0.126597 
0.000000 0.003438 0.227556 0.769005 
0.000000 0.000358 0.933884 0.065758 
0.000000 0.000135 0.981432 0.018433 
0.000000 0.000004 0.999828 0.000169 
0.000000 0.000070 0.999928 0.000002 
0.000000 0.000025 0.999974 0.000001 
0.000000 0.000001 0.999999 0.000000 
0.000000 0.000001 0.999999 0.000000 
0.000000 0.000005 0.999986 0.000010 
0.000000 0.000001 0.999858 0.000141 
0.000000 0.000000 0.999581 0.000418 
0.000000 0.000000 0.997744 0.002256 
0.000000 0.000000 0.938036 0.061964 
0.000000 0.000000 0.413330 0.586670 
0.000000 0.000000 0.290614 0.709386 
0.000000 0.000000 0.007080 0.992919 
0.000000 0.000007 0.493816 0.506178 
0.000000 0.001717 0.083450 0.914833 
0.000000 0.005210 0.962200 0.032590 
0.000000 0.000509 0.997050 0.002441 
0.000000 0.002834 0.938774 0.058392 
0.000000 0.000062 0.000120 0.999818 
0.000000 0.004425 0.583227 0.412348 
0.000000 0.000205 0.533690 0.466105 
0.000000 0.001389 0.502898 0.495712 
0.000000 0.724336 0.227906 0.047759 
0.000000 0.053651 0.035675 0.910674 
0.000000 0.031101 0.423221 0.545677 
0.000000 0.051235 0.732675 0.216090 
0.000000 0.005634 0.497723 0.496643 
0.000000 0.000148 0.531653 0.468199 
0.000000 0.000013 0.466469 0.533518 
0.000000 0.000044 0.284148 0.715808 
0.000000 0.000239 0.765178 0.234583 
0.000000 0.001581 0.067928 0.930492 
0.000000 0.000463 0.999390 0.000146 
0.000000 0.002201 0.952964 0.044835 
0.000000 0.051532 0.948468 0.000000 
0.000000 0.399148 0.598302 0.002550 
0.000000 0.591569 0.408429 0.000001 
0.000000 0.034470 0.965489 0.000041 
0.000000 0.171918 0.662955 0.165126 
0.000000 0.072996 0.759726 0.167278 
0.000000 0.231210 0.252624 0.516166 
0.000000 0.497744 0.009932 0.492324 
0.000000 0.689402 0.001602 0.308996 
0.000000 0.774804 0.007874 0.217322 
0.000000 0.766746 0.021318 0.211936 
0.000000 0.955661 0.031792 0.012547 
0.000000 0.405537 0.594397 0.000066 
0.000000 0.736277 0.263723 0.000000 
0.000000 0.381967 0.618033 0.000000 
0.000000 0.622279 0.377721 0.000000 
0.000000 0.527148 0.472852 0.000000 
0.000000 0.489469 0.510527 0.000004 
0.000000 0.561695 0.438305 0.000000 
0.000000 0.625339 0.374661 0.000000 
0.000000 0.496112 0.503888 0.000000 
0.000000 0.291780 0.708220 0.000000 
0.000000 0.368491 0.631509 0.000000 
0.000000 0.561727 0.438273 0.000000 
0.000000 0.991782 0.008215 0.000002 
0.000000 0.999999 0.000001 0.000000 
0.000000 0.998637 0.000000 0.001363 
0.000000 1.000000 0.000000 0.000000 
0.000000 1.000000 0.000000 0.000000 
0.000000 0.999951 0.000049 0.000000 
0.000000 0.999999 0.000001 0.000000 
0.000000 1.000000 0.000000 0.000000 
0.000000 1.000000 0.000000 0.000000 
0.000000 1.000000 0.000000 0.000000 
0.000000 0.999858 0.000142 0.000000 
0.000000 0.999651 0.000335 0.000013 
0.000000 0.364637 0.000000 0.635363 
0.000000 0.500570 0.000000 0.499430 
0.000000 0.513048 0.000000 0.486952 
0.000000 0.486060 0.000000 0.513940 
0.000000 0.530790 0.000000 0.469210 
0.000000 0.956702 0.000000 0.043298 
0.000000 0.848128 0.000000 0.151872 
0.000000 0.486955 0.000000 0.513045 
0.000000 0.503718 0.000000 0.496282 
0.000000 0.999470 0.000000 0.000530 
0.000000 0.557710 0.000000 0.442290 
0.000000 0.513783 0.000011 0.486206 
0.000000 0.588413 0.000232 0.411355 
0.000000 0.483081 0.000001 0.516919 
0.000000 0.889909 0.005628 0.104463 
0.000000 0.026829 0.566088 0.407083 
0.000000 0.069080 0.043209 0.887711 
0.000000 0.935216 0.001974 0.062810 
0.000000 0.516754 0.483074 0.000172 
0.000000 0.442044 0.556354 0.001602 
0.000000 0.954547 0.034226 0.011227 
0.000000 0.936157 0.063498 0.000346 
0.000000 0.406285 0.593711 0.000004 
0.000000 0.999907 0.000083 0.000010 
0.000000 0.997787 0.002206 0.000007 
0.000000 0.937203 0.062796 0.000001 
0.000000 0.380862 0.619138 0.000000 
0.000000 0.803165 0.196810 0.000025 
0.000000 0.010277 0.989696 0.000026 
0.000000 0.022001 0.977723 0.000276 
0.000000 0.038781 0.961219 0.000000 
0.000000 0.000413 0.999587 0.000000 
0.000000 0.000001 0.999999 0.000000 
0.000000 0.025059 0.974941 0.000000 
0.000000 0.073711 0.926289 0.000000 
0.000000 0.050435 0.949565 0.000000 
0.000000 0.073521 0.926479 0.000000 
0.000000 0.000349 0.999651 0.000000 
0.000000 0.004261 0.995739 0.000000 
0.000000 0.309228 0.690772 0.000000 
0.000000 0.503179 0.496821 0.000000 
0.000000 0.970116 0.029884 0.000000 
0.000000 0.962933 0.036900 0.000168 
0.000000 0.996697 0.003175 0.000128 
0.000000 0.734762 0.108279 0.156959 
0.000000 0.408101 0.557955 0.033943 
0.000000 0.563220 0.044450 0.392330 
0.000000 0.561039 0.019259 0.419702 
0.000000 0.330634 0.122732 0.546634 
0.000000 0.696411 0.303211 0.000378 
0.000000 0.469411 0.530589 0.000000 
0.000000 0.604888 0.395109 0.000002 
0.000000 0.316076 0.683924 0.000000 
0.000000 0.411190 0.588393 0.000416 
0.000000 0.316283 0.655983 0.027734 
0.000000 0.492420 0.396416 0.111164 
0.000000 0.350664 0.343472 0.305863 
0.000000 0.058230 0.511145 0.430624 
0.000000 0.249459 0.227968 0.522573 
0.000000 0.423217 0.313445 0.263338 
0.000000 0.383406 0.294823 0.321771 
0.000000 0.660371 0.301062 0.038567 
0.000000 0.320212 0.437714 0.242074 
0.000000 0.613048 0.189665 0.197287 
0.000000 0.410901 0.211087 0.378012 
0.000000 0.504948 0.351701 0.143351 
0.000000 0.806491 0.185713 0.007796 
0.000000 0.801189 0.140034 0.058777 
0.000000 0.560658 0.416097 0.023245 
0.000000 0.993533 0.004307 0.002160 
0.000000 0.992531 0.000004 0.007465 
0.000000 0.989782 0.000000 0.010218 
0.000000 0.999835 0.000000 0.000165 
0.000000 0.999455 0.000226 0.000318 
0.000000 0.943576 0.000716 0.055708 
0.000000 0.118080 0.189894 0.692026 
0.000000 0.084008 0.511330 0.404662 
0.000000 0.745837 0.229884 0.024279 
0.000000 0.507696 0.488985 0.003319 
0.000000 0.518474 0.080963 0.400563 
0.000000 0.371359 0.186773 0.441868 
0.000000 0.506817 0.017120 0.476063 
0.000000 0.468547 0.000034 0.531419 
0.000000 0.529404 0.000002 0.470593 
0.000000 0.288184 0.000000 0.711816 
0.000000 0.231294 0.000030 0.768676 
0.000000 0.047114 0.000000 0.952886 
0.000000 0.293344 0.005350 0.701306 
0.000000 0.439071 0.448866 0.112062 
0.000000 0.394514 0.352627 0.252859 
0.000000 0.980438 0.018739 0.000823 
0.000000 0.535275 0.000000 0.464725 
0.000000 0.334925 0.000000 0.665075 
0.000000 0.991526 0.000000 0.008474 
0.000000 0.999929 0.000000 0.000071 
0.000000 0.995191 0.004508 0.000301 
0.000000 0.465940 0.534060 0.000000 
0.000000 0.651131 0.348869 0.000000 
0.000000 0.481963 0.518037 0.000000 
0.000000 0.200114 0.799096 0.000790 
0.000000 0.002276 0.532663 0.465061 
0.000000 0.018446 0.981554 0.000000 
0.000000 0.003239 0.996680 0.000081 
0.000000 0.109005 0.890995 0.000000 
0.000000 0.000029 0.999971 0.000000 
0.000000 0.001471 0.998529 0.000000 
0.000000 0.051833 0.948167 0.000000 
0.000000 0.222037 0.777963 0.000000 
0.000000 0.282414 0.717586 0.000000 
0.000000 0.957624 0.042376 0.000000 
0.000000 0.870302 0.129698 0.000000 
0.000000 0.947423 0.045435 0.007141 
0.000000 0.693532 0.284955 0.021513 
0.000000 0.460250 0.521998 0.017752 
0.000000 0.341725 0.649624 0.008650 
0.000000 0.320637 0.210037 0.469326 
0.000000 0.745949 0.201885 0.052166 
0.000000 0.699727 0.130245 0.170028 
0.000000 0.174586 0.335127 0.490287 
0.000000 0.259403 0.609230 0.131367 
0.000000 0.195408 0.392043 0.412549 
0.000000 0.495627 0.216255 0.288119 
0.000000 0.578989 0.023095 0.397916 
0.000000 0.332519 0.000000 0.667480 
0.000000 0.566676 0.000335 0.432988 
0.000000 0.624582 0.000001 0.375417 
0.000000 0.687626 0.000001 0.312373 
0.000000 0.103969 0.000001 0.896031 
0.000000 0.355775 0.180245 0.463980 
0.000000 0.189245 0.000003 0.810752 
0.000000 0.927744 0.000004 0.072252 
0.000000 0.995797 0.000018 0.004186 
0.000000 0.998555 0.000000 0.001445 
0.000000 0.948532 0.000000 0.051468 
0.000000 0.997571 0.000000 0.002429 
0.000000 0.628224 0.000000 0.371776 
0.000000 0.462232 0.000000 0.537768 
0.000000 0.991157 0.000000 0.008843 
0.000000 0.479215 0.000000 0.520785 
0.000000 1.000000 0.000000 0.000000 
0.000000 1.000000 0.000000 0.000000 
0.000000 1.000000 0.000000 0.000000 
0.000000 1.000000 0.000000 0.000000 
0.000000 1.000000 0.000000 0.000000 
0.000000 1.000000 0.000000 0.000000 
0.000000 1.000000 0.000000 0.000000 
0.000000 0.999958 0.000000 0.000042 
0.000000 0.721223 0.000397 0.278381 
0.000000 0.517918 0.000238 0.481844 
0.000000 0.933088 0.000001 0.066912 
0.000000 0.482166 0.000000 0.517834 
0.000000 0.722361 0.000000 0.277639 
0.000000 0.634961 0.000000 0.365039 
0.000000 0.497265 0.000000 0.502735 
0.000000 0.440867 0.000000 0.559133 
0.000000 0.996576 0.000000 0.003424 
0.000000 0.654958 0.000000 0.345042 
0.000000 0.783689 0.000000 0.216311 
0.000000 0.567104 0.000000 0.432896 
0.000000 0.556677 0.000000 0.443323 
0.000000 0.546260 0.000000 0.453740 
0.000000 0.847581 0.000000 0.152419 
0.000000 0.836629 0.000000 0.163371 
0.000000 0.541170 0.000000 0.458830 
0.000000 0.583471 0.000000 0.416529 
0.000000 0.512521 0.000000 0.487479 
0.000000 0.389652 0.000000 0.610348 
0.000000 0.512739 0.000000 0.487261 
0.000000 0.868032 0.000000 0.131968 
0.000000 0.633451 0.000000 0.366549 
0.000000 0.442052 0.000000 0.557948 
0.000000 0.863536 0.000000 0.136464 
0.000000 0.515726 0.001002 0.483272 
0.000000 0.032996 0.504551 0.462453 
0.000000 0.126476 0.380547 0.492977 
0.000000 0.042792 0.136307 0.820900 
0.000000 0.525801 0.194901 0.279298 
0.000000 0.376231 0.616190 0.007579 
0.000000 0.285180 0.714558 0.000262 
0.000000 0.316090 0.669052 0.014859 
0.000000 0.497097 0.497252 0.005651 
0.000000 0.281659 0.715804 0.002537 
0.000000 0.237030 0.042730 0.720239 
0.000000 0.048063 0.838721 0.113216 
0.000000 0.056776 0.458832 0.484392 
0.000000 0.117704 0.648472 0.233824 
0.000000 0.117026 0.405020 0.477954 
0.000000 0.034282 0.132236 0.833482 
0.000000 0.147119 0.000369 0.852512 
0.000000 0.175061 0.078401 0.746538 
0.000000 0.973836 0.002597 0.023567 
0.000000 0.371132 0.007918 0.620950 
0.000000 0.008217 0.004574 0.987209 
0.000000 0.025730 0.135199 0.839071 
0.000000 0.057535 0.094197 0.848268 
0.000000 0.031993 0.000440 0.967568 
0.000000 0.070808 0.000057 0.929135 
0.000000 0.013564 0.004019 0.982417 
0.000000 0.039755 0.015566 0.944680 
0.000000 0.006813 0.512118 0.481069 
0.000000 0.014372 0.964492 0.021136 
0.000000 0.103624 0.650027 0.246349 
0.000000 0.213348 0.577024 0.209628 
0.000000 0.039477 0.716442 0.244080 
0.000000 0.014507 0.841063 0.144429 
0.000000 0.001579 0.245580 0.752841 
0.000000 0.000197 0.110980 0.888823 
0.000000 0.001225 0.196900 0.801875 
0.000000 0.000096 0.841749 0.158155 
0.000000 0.004481 0.497575 0.497944 
0.000000 0.002012 0.450017 0.547971 
0.000000 0.000738 0.996391 0.002871 
0.000000 0.000777 0.968151 0.031072 
0.000000 0.005526 0.701701 0.292773 
0.000000 0.002981 0.485757 0.511262 
0.000000 0.080062 0.550472 0.369467 
0.000000 0.040871 0.467500 0.491629 
0.000000 0.158866 0.841128 0.000006 
0.000000 0.215218 0.784618 0.000165 
0.000000 0.401821 0.598179 0.000000 
0.000000 0.334611 0.665389 0.000000 
0.000000 0.980854 0.000499 0.018647 
0.000000 0.967258 0.000184 0.032558 
0.000000 0.912092 0.000191 0.087717 
0.000000 0.785145 0.000333 0.214522 
0.000000 0.460168 0.001307 0.538525 
0.000000 0.995874 0.002664 0.001462 
0.000000 0.993648 0.004193 0.002159 
0.000000 0.646964 0.024013 0.329023 
0.000000 0.642426 0.354353 0.003221 
0.000000 0.737559 0.208108 0.054333 
0.000000 0.995978 0.003905 0.000117 
0.000000 0.996769 0.003222 0.000009 
0.000000 0.696683 0.144760 0.158557 
0.000000 0.140032 0.456593 0.403376 
0.000000 0.095033 0.796059 0.108908 
0.000000 0.048448 0.038334 0.913219 
0.000000 0.788396 0.114133 0.097472 
0.000000 0.814421 0.183765 0.001814 
0.000000 0.956031 0.000527 0.043442 
0.000000 0.974522 0.018960 0.006517 
0.000000 0.999911 0.000085 0.000003 
0.000000 0.999988 0.000002 0.000009 
0.000000 0.999969 0.000031 0.000000 
0.000000 0.999999 0.000001 0.000000 
0.000000 0.999999 0.000001 0.000000 
0.000000 0.999965 0.000035 0.000000 
0.000000 0.999950 0.000001 0.000050 
0.000000 0.999999 0.000000 0.000000 
0.000000 0.999999 0.000000 0.000000 
0.000000 0.999983 0.000017 0.000000 
0.000000 0.999979 0.000021 0.000000 
0.000000 0.990576 0.009424 0.000000 
0.000000 0.441552 0.558448 0.000000 
0.000000 0.743123 0.256877 0.000000 
0.000000 0.580007 0.419993 0.000000 
0.000000 0.040823 0.959177 0.000000 
0.000000 0.512259 0.487741 0.000000 
0.000000 0.462599 0.537401 0.000000 
0.000000 0.502228 0.497772 0.000000 
0.000000 0.575044 0.424956 0.000000 
0.000000 0.599637 0.400363 0.000000 
0.000000 0.506272 0.493728 0.000000 
0.000000 0.841357 0.158643 0.000000 
0.000000 0.648014 0.351986 0.000000 
0.000000 0.534374 0.465626 0.000000 
0.000000 0.546418 0.453582 0.000000 
0.000000 0.635561 0.364439 0.000000 
0.000000 0.534021 0.465979 0.000000 
0.000000 0.500534 0.499466 0.000000 
0.000000 0.472288 0.527712 0.000000 
0.000000 0.780650 0.219347 0.000003 
0.000000 0.424088 0.575912 0.000000 
0.000000 0.519149 0.480851 0.000000 
0.000000 0.677546 0.322454 0.000000 
0.000000 0.607680 0.392320 0.000000 
0.000000 0.269032 0.730963 0.000005 
0.000000 0.255051 0.744949 0.000000 
0.000000 0.382567 0.617433 0.000000 
0.000000 0.379047 0.620950 0.000003 
0.000000 0.951909 0.048091 0.000000 
0.000000 0.570101 0.429899 0.000000 
0.000000 0.905414 0.094581 0.000005 
0.000000 0.737697 0.262301 0.000001 
0.000000 0.640784 0.359216 0.000000 
0.000000 0.530394 0.469606 0.000000 
0.000000 0.889867 0.110133 0.000000 
0.000000 0.969796 0.030204 0.000000 
0.000000 0.553377 0.446623 0.000000 
0.000000 0.251101 0.748899 0.000000 
0.000000 0.258434 0.741566 0.000000 
0.000000 0.935438 0.064562 0.000000 
0.000000 0.904405 0.095595 0.000000 
0.000000 0.521375 0.478625 0.000000 
0.000000 0.490108 0.509892 0.000000 
0.000000 0.970454 0.029546 0.000000 
0.000000 0.515552 0.484448 0.000000 
0.000000 0.971673 0.028327 0.000000 
0.000000 0.480712 0.519209 0.000079 
0.000000 0.449118 0.550395 0.000487 
0.000000 0.220822 0.779178 0.000000 
0.000000 0.155771 0.844220 0.000009 
0.000000 0.692780 0.307048 0.000172 
0.000000 0.976345 0.023606 0.000049 
0.000000 0.988075 0.000051 0.011874 
0.000000 0.999583 0.000382 0.000035 
0.000000 0.999725 0.000167 0.000108 
0.000000 0.999995 0.000005 0.000000 
0.000000 0.999998 0.000000 0.000002 
0.000000 1.000000 0.000000 0.000000 
0.000000 1.000000 0.000000 0.000000 
0.000000 1.000000 0.000000 0.000000 
0.000000 0.999999 0.000001 0.000000 
0.000000 0.999987 0.000013 0.000000 
0.000000 0.997858 0.002142 0.000000 
0.000000 0.984232 0.015768 0.000000 
0.000000 0.386720 0.613280 0.000000 
0.000000 0.886161 0.113839 0.000000 
0.000000 0.991525 0.008475 0.000000 
0.000000 0.733867 0.266133 0.000000 
0.000000 0.926923 0.073077 0.000000 
0.000000 0.999858 0.000133 0.000009 
0.000000 0.999953 0.000044 0.000003 
0.000000 0.981374 0.018625 0.000001 
0.000000 0.651900 0.348100 0.000000 
0.000000 0.552613 0.447387 0.000000 
0.000000 0.182461 0.817539 0.000000 
0.000000 0.933396 0.066604 0.000000 
0.000000 0.769894 0.230106 0.000000 
0.000000 0.999963 0.000037 0.000000 
0.000000 0.752148 0.247852 0.000000 
0.000000 0.997358 0.002642 0.000000 
0.000000 0.849595 0.150392 0.000013 
0.000000 0.486441 0.511325 0.002233 
0.000000 0.446897 0.553102 0.000002 
0.000000 0.279897 0.720102 0.000002 
0.000000 0.259413 0.740587 0.000000 
0.000000 0.999994 0.000006 0.000000 
0.000000 1.000000 0.000000 0.000000 
0.000000 1.000000 0.000000 0.000000 
0.000000 1.000000 0.000000 0.000000 
0.000000 0.999925 0.000071 0.000004 
0.000000 0.979243 0.020580 0.000178 
0.000000 0.998521 0.000031 0.001448 
0.000000 0.556589 0.440948 0.002463 
0.000000 0.836293 0.112605 0.051102 
0.000000 0.998615 0.000000 0.001385 
0.000000 0.990936 0.000000 0.009064 
0.000000 0.999076 0.000703 0.000221 
0.000000 0.989206 0.009290 0.001504 
0.000000 0.796903 0.192029 0.011068 
0.000000 0.808112 0.190357 0.001532 
0.000000 0.243270 0.756721 0.000009 
0.000000 0.149282 0.850561 0.000157 
0.000000 0.332019 0.663833 0.004147 
0.000000 0.175149 0.586391 0.238460 
0.000000 0.240108 0.424546 0.335346 
0.000000 0.281866 0.395032 0.323102 
0.000000 0.606452 0.392377 0.001170 
0.000000 0.494412 0.016300 0.489288 
0.000000 0.305372 0.360913 0.333715 
0.000000 0.432906 0.370901 0.196193 
0.000000 0.428794 0.000229 0.570977 
0.000000 0.930742 0.000010 0.069247 
0.000000 0.837086 0.000003 0.162911 
0.000000 0.571771 0.000828 0.427401 
0.000000 0.968759 0.000058 0.031183 
0.000000 0.999824 0.000000 0.000175 
0.000000 0.794020 0.000000 0.205980 
0.000000 0.526677 0.000001 0.473322 
0.000000 0.255530 0.000000 0.744470 
0.000000 0.972497 0.000089 0.027414 
0.000000 0.996840 0.000355 0.002804 
0.000000 0.256307 0.001086 0.742607 
0.000000 0.994352 0.005648 0.000000 
0.000000 1.000000 0.000000 0.000000 
0.000000 1.000000 0.000000 0.000000 
0.000000 1.000000 0.000000 0.000000 
0.000000 1.000000 0.000000 0.000000 
0.000000 1.000000 0.000000 0.000000 
0.000000 1.000000 0.000000 0.000000 
0.000000 1.000000 0.000000 0.000000 
0.000000 1.000000 0.000000 0.000000 
0.000000 1.000000 0.000000 0.000000 
0.000000 1.000000 0.000000 0.000000 
0.000000 1.000000 0.000000 0.000000 
0.000000 0.999884 0.000043 0.000073 
0.000000 0.984669 0.015282 0.000049 
0.000000 0.926295 0.072036 0.001669 
0.000000 0.921612 0.078388 0.000000 
0.000000 0.459424 0.537134 0.003442 
0.000000 0.925332 0.027864 0.046804 
0.000000 0.409875 0.051410 0.538714 
0.000000 0.300505 0.514794 0.184701 
0.000000 0.491893 0.435848 0.072259 
0.000000 0.799117 0.015274 0.185609 
0.000000 0.205668 0.043853 0.750480 
0.000000 0.291925 0.686863 0.021212 
0.000000 0.151985 0.397589 0.450426 
0.000000 0.031118 0.957542 0.011339 
0.000000 0.001438 0.964038 0.034524 
0.000000 0.031013 0.794508 0.174479 
0.000000 0.003455 0.827937 0.168608 
0.000000 0.000141 0.996883 0.002976 
0.000000 0.001032 0.034156 0.964812 
0.000000 0.013790 0.024671 0.961539 
0.000000 0.903374 0.038352 0.058274 
0.000000 0.998592 0.001405 0.000003 
0.000000 0.463635 0.536365 0.000000 
0.000000 0.986850 0.013150 0.000000 
0.000000 0.416901 0.583099 0.000000 
0.000000 0.158016 0.841976 0.000007 
0.000000 0.435754 0.564246 0.000001 
0.000000 0.442153 0.557789 0.000059 
0.000000 0.841413 0.158565 0.000022 
0.000000 0.540188 0.459810 0.000002 
0.000000 0.849767 0.150233 0.000000 
0.000000 0.067506 0.932491 0.000003 
0.000000 0.689309 0.310474 0.000217 
0.000000 0.171133 0.828867 0.000000 
0.000000 0.280665 0.719335 0.000000 
0.000000 0.042597 0.957403 0.000000 
0.000000 0.069309 0.930691 0.000000 
0.000000 0.325639 0.674358 0.000002 
0.000000 0.034661 0.965338 0.000001 
0.000000 0.042731 0.957098 0.000171 
0.000000 0.041988 0.927617 0.030394 
0.000000 0.004887 0.271116 0.723997 
0.000000 0.000096 0.683530 0.316375 
0.000000 0.000098 0.533025 0.466877 
0.000000 0.001322 0.439608 0.559070 
0.000000 0.000160 0.804219 0.195621 
0.000000 0.000084 0.825595 0.174320 
0.000000 0.000441 0.456619 0.542940 
0.000000 0.002831 0.006345 0.990825 
0.000000 0.000035 0.231041 0.768924 
0.000000 0.000006 0.999380 0.000613 
0.000000 0.000001 0.963659 0.036340 
0.000000 0.000001 0.999339 0.000661 
0.000000 0.000000 0.999991 0.000009 
0.000000 0.000008 0.999988 0.000005 
0.000000 0.000999 0.999001 0.000000 
0.000000 0.004202 0.995798 0.000000 
0.000000 0.000755 0.999243 0.000002 
0.000000 0.000014 0.999982 0.000003 
0.000000 0.000013 0.998990 0.000997 
0.000000 0.000003 0.999996 0.000001 
0.000000 0.000006 0.999984 0.000009 
0.000000 0.000004 0.999996 0.000000 
0.000000 0.000042 0.999753 0.000205 
0.000000 0.000164 0.999835 0.000001 
0.000000 0.000067 0.999933 0.000000 
0.000000 0.000636 0.999364 0.000000 
0.000000 0.002436 0.997564 0.000000 
0.000000 0.006937 0.993063 0.000000 
0.000000 0.007123 0.992877 0.000000 
0.000000 0.014926 0.985072 0.000001 
0.000000 0.039003 0.960996 0.000001 
0.000000 0.169244 0.830740 0.000016 
0.000000 0.529176 0.470823 0.000001 
0.000000 0.648141 0.351859 0.000000 
