0.255337 0.251274 0.237775 0.255613 
0.289146 0.248761 0.277278 0.184816 
0.324166 0.297768 0.314916 0.063150 
0.334754 0.329967 0.330639 0.004640 
0.335530 0.329879 0.334583 0.000009 
0.338884 0.328267 0.332849 0.000000 
0.343640 0.337907 0.318453 0.000000 
0.347895 0.342519 0.309586 0.000000 
0.345139 0.331573 0.323288 0.000000 
0.343772 0.324321 0.331907 0.000000 
0.343194 0.326194 0.330612 0.000000 
0.343352 0.321601 0.335047 0.000000 
0.340057 0.323721 0.336222 0.000000 
0.340262 0.321007 0.338731 0.000000 
0.336320 0.328040 0.335639 0.000000 
0.335832 0.328366 0.335802 0.000000 
0.336720 0.328466 0.334813 0.000001 
0.335700 0.328577 0.335723 0.000000 
0.337179 0.326456 0.336365 0.000000 
0.337378 0.325971 0.336652 0.000000 
0.337729 0.324548 0.337723 0.000000 
0.337178 0.328768 0.334054 0.000000 
0.337089 0.328669 0.334206 0.000036 
0.340287 0.322498 0.337200 0.000016 
0.346894 0.306169 0.346937 0.000000 
0.344763 0.312693 0.342542 0.000002 
0.340815 0.319495 0.339690 0.000000 
0.339648 0.323493 0.336859 0.000000 
0.339425 0.323454 0.337121 0.000000 
0.340503 0.330353 0.329143 0.000000 
0.337115 0.330676 0.332208 0.000000 
0.336760 0.334538 0.328702 0.000000 
0.339511 0.328553 0.331936 0.000000 
0.341068 0.328241 0.330691 0.000000 
0.346853 0.341367 0.311751 0.000029 
0.343623 0.335268 0.321109 0.000000 
0.346038 0.335901 0.318061 0.000000 
0.356963 0.348580 0.294407 0.000050 
0.347098 0.341676 0.311225 0.000001 
0.351119 0.345531 0.303064 0.000286 
0.348926 0.341580 0.308396 0.001099 
0.344160 0.335922 0.319916 0.000002 
0.362684 0.360612 0.274968 0.001736 
0.370817 0.369402 0.155717 0.104064 
0.371163 0.370049 0.135995 0.122793 
0.367217 0.366174 0.018962 0.247647 
0.370954 0.369856 0.116237 0.142953 
0.369589 0.367484 0.149441 0.113486 
0.368732 0.368000 0.208826 0.054442 
0.363330 0.362369 0.271471 0.002829 
0.356894 0.351640 0.291413 0.000053 
0.336921 0.319375 0.343705 0.000000 
0.338560 0.327189 0.334252 0.000000 
0.326336 0.312108 0.361556 0.000000 
0.325403 0.316855 0.357742 0.000000 
0.339442 0.333891 0.326661 0.000007 
0.321191 0.312613 0.366196 0.000000 
0.329360 0.310650 0.359989 0.000000 
0.351411 0.340235 0.308353 0.000002 
0.356539 0.349844 0.293553 0.000064 
0.356568 0.351725 0.291406 0.000301 
0.360741 0.357503 0.002840 0.278916 
0.366864 0.365965 0.014073 0.253098 
0.364085 0.364148 0.013267 0.258500 
0.359827 0.358967 0.001493 0.279713 
0.366221 0.364300 0.014642 0.254837 
0.366225 0.365293 0.187983 0.080499 
0.371186 0.370639 0.095273 0.162902 
0.370023 0.369844 0.065147 0.194986 
0.363173 0.361840 0.229276 0.045711 
0.354989 0.352607 0.292383 0.000021 
0.349135 0.344283 0.306581 0.000000 
0.362360 0.360723 0.275279 0.001638 
0.349514 0.346499 0.303986 0.000001 
0.348737 0.342688 0.308571 0.000003 
0.350949 0.342469 0.306570 0.000012 
0.351523 0.339948 0.308528 0.000001 
0.353101 0.340012 0.306884 0.000003 
0.357011 0.331657 0.311157 0.000175 
0.358366 0.337527 0.064568 0.239539 
0.357389 0.323591 0.000019 0.319000 
0.363379 0.344967 0.008189 0.283465 
0.365832 0.352208 0.112398 0.169562 
0.366760 0.350446 0.149548 0.133246 
0.368228 0.360271 0.173197 0.098305 
0.363840 0.351983 0.006756 0.277421 
0.360628 0.349196 0.000757 0.289419 
0.352396 0.334533 0.000003 0.313068 
0.355925 0.335881 0.000010 0.308185 
0.355599 0.335495 0.000013 0.308893 
0.357543 0.331253 0.000020 0.311184 
0.358001 0.335358 0.000094 0.306547 
0.354563 0.309112 0.000009 0.336316 
0.349259 0.312914 0.000000 0.337827 
0.350528 0.312188 0.000000 0.337283 
0.356553 0.327399 0.000010 0.316038 
0.360823 0.315348 0.000122 0.323707 
0.357001 0.322147 0.000005 0.320847 
0.357903 0.331806 0.000030 0.310262 
0.361670 0.343351 0.012801 0.282178 
0.364447 0.345112 0.015351 0.275091 
0.364438 0.344706 0.017235 0.273621 
0.366381 0.338239 0.115636 0.179744 
0.365732 0.329171 0.178444 0.126653 
0.365723 0.332705 0.062957 0.238615 
0.365899 0.330005 0.229566 0.074530 
0.365125 0.317312 0.286842 0.030721 
0.364313 0.215541 0.098462 0.321684 
0.362525 0.284758 0.009672 0.343045 
0.359824 0.295300 0.000501 0.344375 
0.358841 0.306104 0.000427 0.334629 
0.353975 0.318489 0.000013 0.327523 
0.352258 0.313537 0.000001 0.334204 
0.348537 0.318182 0.000000 0.333281 
0.350878 0.324600 0.000000 0.324522 
0.349834 0.330281 0.000000 0.319886 
0.345206 0.323508 0.000000 0.331286 
0.343840 0.330342 0.000004 0.325815 
0.343090 0.334985 0.000000 0.321925 
0.345029 0.332414 0.000000 0.322557 
0.338212 0.327763 0.000000 0.334024 
0.341421 0.334798 0.000000 0.323782 
0.341922 0.334700 0.000000 0.323378 
0.345980 0.337332 0.000000 0.316688 
0.353869 0.346801 0.000009 0.299320 
0.355303 0.351531 0.000039 0.293127 
0.355709 0.351422 0.000028 0.292840 
0.350149 0.347701 0.000001 0.302149 
0.357714 0.355120 0.000392 0.286774 
0.370592 0.368817 0.129347 0.131244 
0.370051 0.367579 0.139458 0.122913 
0.364715 0.358463 0.008494 0.268327 
0.361989 0.352599 0.004278 0.281134 
0.369216 0.365313 0.084609 0.180861 
0.367572 0.359604 0.059234 0.213590 
0.356573 0.341002 0.000025 0.302400 
0.336887 0.313229 0.000000 0.349884 
0.333548 0.300718 0.000000 0.365734 
0.355041 0.298857 0.000000 0.346101 
0.354033 0.315638 0.000025 0.330304 
0.353493 0.289503 0.000073 0.356931 
0.393783 0.311871 0.000000 0.294346 
0.336666 0.293794 0.000000 0.369540 
0.367551 0.309168 0.000000 0.323281 
0.388293 0.310172 0.000000 0.301535 
0.346984 0.286818 0.000000 0.366198 
0.400172 0.304155 0.000000 0.295673 
0.345634 0.293655 0.000000 0.360711 
0.361320 0.285483 0.000000 0.353198 
0.373630 0.306012 0.000000 0.320357 
0.351969 0.305509 0.000000 0.342521 
0.344582 0.300803 0.000000 0.354616 
0.327015 0.306081 0.000000 0.366905 
0.349764 0.343650 0.000001 0.306585 
0.368734 0.363614 0.115355 0.152298 
0.368100 0.361468 0.176999 0.093434 
0.366234 0.358368 0.084107 0.191290 
0.369642 0.367394 0.071327 0.191636 
0.362602 0.359601 0.001768 0.276028 
0.369441 0.367522 0.063945 0.199092 
0.371321 0.369947 0.131297 0.127435 
0.370426 0.367616 0.118815 0.143143 
0.364078 0.361624 0.260576 0.013722 
0.364950 0.364567 0.259863 0.010620 
0.369285 0.369068 0.208678 0.052968 
0.366844 0.366838 0.251006 0.015313 
0.367461 0.367408 0.247982 0.017148 
0.361447 0.361449 0.000936 0.276168 
0.347369 0.347310 0.000001 0.305321 
0.365533 0.365407 0.031225 0.237834 
0.346634 0.344585 0.000000 0.308781 
0.324434 0.322275 0.000000 0.353291 
0.329101 0.328790 0.000000 0.342109 
0.337821 0.337840 0.000000 0.324339 
0.354564 0.354408 0.000015 0.291013 
0.339347 0.337913 0.000000 0.322740 
0.345894 0.340894 0.000000 0.313212 
0.355856 0.353975 0.000031 0.290138 
0.358923 0.358243 0.001905 0.280929 
0.347909 0.344122 0.000000 0.307969 
0.364701 0.359734 0.009178 0.266387 
0.368367 0.362899 0.146547 0.122187 
0.365213 0.359169 0.040219 0.235399 
0.365962 0.359178 0.049027 0.225834 
0.363641 0.354634 0.005982 0.275743 
0.361068 0.341774 0.003410 0.293747 
0.362894 0.333042 0.002365 0.301698 
0.359387 0.333823 0.000201 0.306589 
0.361934 0.336027 0.001149 0.300889 
0.366257 0.339606 0.097000 0.197137 
0.364571 0.343139 0.041760 0.250530 
0.365895 0.346589 0.223736 0.063780 
0.366952 0.351553 0.177081 0.104415 
0.364501 0.346710 0.272157 0.016632 
0.360504 0.337825 0.000772 0.300899 
0.365524 0.347061 0.169456 0.117958 
0.367087 0.346110 0.142792 0.144011 
0.365499 0.339355 0.047784 0.247362 
0.366569 0.346175 0.128094 0.159162 
0.365969 0.347906 0.113418 0.172707 
0.364388 0.335788 0.014346 0.285478 
0.364566 0.339233 0.066523 0.229678 
0.365477 0.352527 0.060046 0.221950 
0.360441 0.343639 0.002115 0.293805 
0.356724 0.342979 0.000095 0.300202 
0.346536 0.310525 0.000000 0.342939 
0.374458 0.283862 0.000000 0.341681 
0.363628 0.289714 0.000000 0.346657 
0.336482 0.297369 0.000000 0.366148 
0.344909 0.284449 0.000000 0.370643 
0.343753 0.304069 0.000000 0.352178 
0.345456 0.311828 0.000000 0.342716 
0.351748 0.315558 0.000000 0.332693 
0.366589 0.350536 0.066534 0.216341 
0.366462 0.342234 0.161336 0.129967 
0.364630 0.338199 0.121315 0.175857 
0.366275 0.341177 0.214097 0.078450 
0.366531 0.350215 0.214949 0.068304 
0.366115 0.344169 0.059269 0.230447 
0.366436 0.344932 0.127918 0.160715 
0.365709 0.345100 0.047105 0.242087 
0.365601 0.349589 0.031710 0.253100 
0.367763 0.354312 0.132614 0.145310 
0.367603 0.354907 0.127890 0.149600 
0.366274 0.348727 0.192186 0.092813 
0.368184 0.357531 0.134965 0.139320 
0.365681 0.354765 0.214773 0.064781 
0.364216 0.349521 0.276391 0.009872 
0.363181 0.352870 0.262424 0.021526 
0.364402 0.356687 0.253455 0.025455 
0.365593 0.348347 0.108429 0.177631 
0.361426 0.330805 0.000811 0.306958 
0.366908 0.344098 0.137658 0.151336 
0.366521 0.327370 0.114714 0.191395 
0.366642 0.321212 0.175461 0.136684 
0.366983 0.312956 0.167264 0.152797 
0.364912 0.292561 0.016665 0.325862 
0.364433 0.283878 0.015753 0.335936 
0.365823 0.123197 0.169069 0.341911 
0.368890 0.133565 0.134726 0.362819 
0.368983 0.138380 0.130745 0.361892 
0.367192 0.085833 0.192497 0.354478 
0.366528 0.143150 0.158045 0.332277 
0.364862 0.067252 0.240156 0.327729 
0.366787 0.320271 0.118355 0.194586 
0.367045 0.282199 0.226306 0.124450 
0.366465 0.227051 0.243641 0.162842 
0.365857 0.132314 0.318233 0.183597 
0.362810 0.176931 0.255741 0.204518 
0.363643 0.316354 0.318153 0.001849 
0.363981 0.249451 0.353306 0.033262 
0.364328 0.138241 0.342549 0.154882 
0.365450 0.105631 0.351544 0.177375 
0.365799 0.157331 0.265973 0.210897 
0.371237 0.159525 0.371443 0.097795 
0.381733 0.122773 0.381905 0.113589 
0.378475 0.120014 0.380371 0.121140 
0.370172 0.050650 0.372627 0.206552 
0.392312 0.141619 0.380792 0.085277 
0.373642 0.000431 0.374750 0.251178 
0.368010 0.066639 0.363052 0.202299 
0.375136 0.122246 0.377383 0.125235 
0.365444 0.012431 0.361886 0.260238 
0.370508 0.000005 0.364356 0.265130 
0.414362 0.003637 0.349169 0.232832 
0.351980 0.000000 0.347204 0.300816 
0.374984 0.011105 0.378674 0.235238 
0.343374 0.000000 0.318247 0.338379 
0.363738 0.002081 0.318211 0.315970 
0.364773 0.017751 0.290261 0.327214 
0.366321 0.107365 0.188058 0.338256 
0.367075 0.223864 0.262026 0.147035 
0.367155 0.241409 0.245235 0.146201 
0.366327 0.149903 0.263302 0.220467 
0.363947 0.002611 0.321141 0.312301 
0.365144 0.021752 0.281609 0.331495 
0.367771 0.182064 0.090355 0.359810 
0.360761 0.000752 0.304235 0.334252 
0.362553 0.004869 0.284027 0.348551 
0.367166 0.093503 0.183922 0.355408 
0.366005 0.033660 0.245817 0.354519 
0.356131 0.000012 0.312636 0.331221 
0.357409 0.000025 0.309862 0.332705 
0.362956 0.013433 0.277546 0.346064 
0.366116 0.064577 0.215472 0.353835 
0.364238 0.015799 0.286732 0.333231 
0.364492 0.293127 0.012268 0.330112 
0.364407 0.270068 0.018959 0.346566 
0.363729 0.276175 0.006825 0.353271 
0.366641 0.138329 0.142432 0.352598 
0.366564 0.233248 0.042870 0.357318 
0.357573 0.300728 0.000084 0.341615 
0.354868 0.306348 0.000013 0.338771 
0.356110 0.309711 0.000014 0.334165 
0.344747 0.349128 0.000000 0.306125 
0.348070 0.358579 0.000001 0.293350 
0.360148 0.367994 0.000249 0.271609 
0.359942 0.335886 0.000232 0.303940 
0.373942 0.376616 0.188146 0.061297 
0.360133 0.348323 0.000838 0.290706 
0.362913 0.343870 0.010045 0.283173 
0.367549 0.354749 0.118985 0.158717 
0.368264 0.361472 0.170255 0.100009 
0.371329 0.371216 0.117495 0.139961 
0.370759 0.368707 0.131875 0.128659 
0.362015 0.335637 0.002560 0.299788 
0.366045 0.327206 0.176770 0.129978 
0.365564 0.333210 0.168858 0.132368 
0.366162 0.348548 0.232301 0.052989 
0.360450 0.359210 0.000995 0.279345 
0.360308 0.359267 0.001752 0.278673 
0.358459 0.340612 0.000091 0.300837 
0.361360 0.321774 0.000187 0.316679 
0.364055 0.326597 0.023067 0.286280 
0.363999 0.315932 0.002687 0.317382 
0.363451 0.289006 0.013962 0.333581 
0.360105 0.291280 0.000472 0.348143 
0.367065 0.243390 0.024194 0.365351 
0.366670 0.239457 0.027378 0.366496 
0.365421 0.254858 0.014407 0.365314 
0.368192 0.239834 0.024335 0.367639 
0.366720 0.247485 0.020932 0.364862 
0.368471 0.176134 0.093522 0.361873 
0.369924 0.133676 0.129799 0.366601 
0.366518 0.093765 0.178499 0.361218 
0.368979 0.156887 0.110587 0.363547 
0.366103 0.102041 0.177884 0.353973 
0.368782 0.186849 0.079323 0.365045 
0.370672 0.114974 0.145501 0.368852 
0.369936 0.123393 0.139472 0.367199 
0.367295 0.144259 0.137032 0.351414 
0.368684 0.150027 0.119768 0.361521 
0.370145 0.133433 0.129634 0.366788 
0.367953 0.199463 0.071922 0.360661 
0.368741 0.127210 0.142966 0.361084 
0.366483 0.062984 0.219318 0.351214 
0.366094 0.058855 0.226655 0.348396 
0.366724 0.145961 0.151181 0.336134 
0.366649 0.170684 0.129041 0.333626 
0.367651 0.132659 0.146192 0.353497 
0.366942 0.142788 0.146948 0.343322 
0.366228 0.086221 0.209029 0.338522 
0.368699 0.147350 0.122845 0.361105 
0.367371 0.150978 0.130254 0.351397 
0.366912 0.144841 0.145334 0.342913 
0.365147 0.028471 0.265897 0.340485 
0.367803 0.184994 0.088714 0.358488 
0.365866 0.249457 0.028448 0.356228 
0.366629 0.166180 0.125201 0.341990 
0.369915 0.132720 0.131534 0.365831 
0.365721 0.041892 0.247318 0.345069 
0.366753 0.169378 0.121052 0.342818 
0.365033 0.203526 0.087169 0.344271 
0.364308 0.267057 0.019502 0.349132 
0.357958 0.000022 0.313357 0.328663 
0.358334 0.000021 0.318877 0.322769 
0.360560 0.000473 0.339169 0.299798 
0.363285 0.001911 0.309504 0.325300 
0.366896 0.164550 0.152608 0.315947 
0.366732 0.154745 0.155770 0.322753 
0.365932 0.155116 0.133135 0.345816 
0.366631 0.149266 0.136240 0.347863 
0.366551 0.150925 0.151166 0.331358 
0.366304 0.176277 0.120116 0.337303 
0.366047 0.206753 0.084118 0.343082 
0.366172 0.184768 0.108857 0.340204 
0.366287 0.143703 0.156139 0.333871 
0.366221 0.152686 0.142516 0.338578 
0.366218 0.215099 0.144230 0.274453 
0.365463 0.152060 0.150122 0.332355 
0.365560 0.164145 0.148555 0.321739 
0.366543 0.205419 0.146080 0.281958 
0.366875 0.230357 0.201225 0.201543 
0.366644 0.271218 0.156914 0.205224 
0.366629 0.214540 0.242610 0.176222 
0.366520 0.228447 0.207130 0.197903 
0.366009 0.152072 0.317733 0.164187 
0.364871 0.026940 0.299078 0.309111 
0.366007 0.129663 0.176889 0.327441 
0.365544 0.162192 0.135143 0.337122 
0.365436 0.190963 0.106909 0.336692 
0.362407 0.010735 0.280043 0.346815 
0.364545 0.054755 0.227631 0.353068 
0.362590 0.014613 0.278098 0.344700 
0.363921 0.029959 0.277326 0.328794 
0.365678 0.104647 0.261904 0.267770 
0.364640 0.212238 0.334138 0.088984 
0.362717 0.280888 0.337999 0.018396 
0.363716 0.104765 0.330272 0.201247 
0.364717 0.188869 0.332904 0.113511 
0.364744 0.098781 0.196175 0.340301 
0.365705 0.197599 0.319432 0.117264 
0.365810 0.103245 0.286021 0.244924 
0.365090 0.156780 0.178368 0.299763 
0.365413 0.316713 0.159686 0.158188 
0.365323 0.273736 0.115366 0.245576 
0.365105 0.293519 0.167812 0.173564 
0.364542 0.295166 0.051746 0.288545 
0.364544 0.327522 0.122550 0.185385 
0.361838 0.319323 0.313989 0.004850 
0.360787 0.283545 0.338535 0.017132 
0.357480 0.302383 0.338103 0.002034 
0.360939 0.234129 0.357038 0.047894 
0.362489 0.135328 0.358715 0.143467 
0.361098 0.220695 0.348212 0.069994 
0.360283 0.082235 0.351981 0.205500 
0.356868 0.008178 0.354344 0.280610 
0.360867 0.176272 0.358064 0.104797 
0.359269 0.072297 0.358102 0.210332 
0.361689 0.178731 0.363062 0.096517 
0.356616 0.259946 0.360777 0.022661 
0.352185 0.283411 0.359294 0.005111 
0.338465 0.311454 0.350076 0.000006 
0.339243 0.316507 0.344249 0.000001 
0.335293 0.322389 0.342318 0.000000 
0.325952 0.335106 0.338942 0.000000 
0.309633 0.358197 0.332170 0.000000 
0.307725 0.368881 0.323394 0.000000 
0.316944 0.365501 0.317555 0.000000 
0.324489 0.356137 0.319374 0.000000 
0.326180 0.358229 0.315591 0.000000 
0.326971 0.348928 0.324101 0.000000 
0.325640 0.358851 0.315510 0.000000 
0.325895 0.357666 0.316439 0.000000 
0.340823 0.348568 0.310607 0.000002 
0.335871 0.347240 0.316889 0.000000 
0.343075 0.351151 0.305735 0.000038 
0.346414 0.327813 0.325773 0.000001 
0.345621 0.322663 0.331715 0.000001 
0.342911 0.314508 0.342578 0.000003 
0.357063 0.285381 0.350786 0.006770 
0.356040 0.285716 0.345565 0.012680 
0.357570 0.297124 0.339530 0.005775 
0.360982 0.262937 0.333642 0.042439 
0.360203 0.048056 0.344015 0.247727 
0.361896 0.142651 0.342536 0.152917 
0.361582 0.172747 0.335453 0.130218 
0.361828 0.145569 0.334102 0.158502 
0.361939 0.146609 0.339426 0.152026 
0.360741 0.205694 0.343277 0.090288 
0.362590 0.080967 0.268872 0.287572 
0.363796 0.147769 0.197269 0.291166 
0.364252 0.194309 0.208597 0.232842 
0.363773 0.188575 0.253312 0.194340 
0.362564 0.160132 0.330511 0.146794 
0.361320 0.138168 0.354569 0.145943 
0.361778 0.147877 0.345757 0.144588 
0.360189 0.081106 0.353826 0.204878 
0.363362 0.119991 0.366258 0.150388 
0.375601 0.035856 0.376306 0.212237 
0.358130 0.006193 0.357777 0.277900 
0.356487 0.005968 0.367625 0.269920 
0.362721 0.108827 0.366254 0.162198 
0.362748 0.142580 0.356524 0.138148 
0.361126 0.061369 0.346448 0.231057 
0.363723 0.143790 0.367817 0.124670 
0.360261 0.137220 0.354487 0.148032 
0.358187 0.029633 0.349351 0.262829 
0.360941 0.088632 0.364486 0.185942 
0.360733 0.125727 0.352016 0.161524 
0.359335 0.036830 0.347255 0.256579 
0.374980 0.106029 0.377205 0.141785 
0.369653 0.108125 0.376512 0.145709 
0.365222 0.001662 0.371771 0.261345 
0.361672 0.191975 0.369981 0.076372 
0.369820 0.004574 0.373417 0.252189 
0.375245 0.005096 0.367405 0.252254 
0.381432 0.069629 0.375063 0.173876 
0.362964 0.120095 0.363951 0.152990 
0.363415 0.079079 0.367221 0.190285 
0.363971 0.121164 0.368568 0.146298 
0.361137 0.090906 0.353519 0.194438 
0.373443 0.122823 0.376617 0.127118 
0.389186 0.061149 0.365348 0.184316 
0.375333 0.118114 0.377230 0.129323 
0.363180 0.103014 0.359179 0.174627 
0.359985 0.287304 0.343860 0.008851 
0.362654 0.257978 0.072690 0.306677 
0.364119 0.168417 0.135722 0.331743 
0.363925 0.194977 0.110369 0.330729 
0.362217 0.226913 0.083802 0.327069 
0.358651 0.291866 0.006290 0.343192 
0.358716 0.322816 0.000477 0.317992 
0.361385 0.341303 0.284837 0.012475 
0.362059 0.356026 0.266074 0.015841 
0.358159 0.333184 0.017772 0.290885 
0.356514 0.329798 0.312462 0.001226 
0.346559 0.313136 0.340266 0.000039 
0.357701 0.335576 0.269352 0.037370 
0.353409 0.365598 0.280596 0.000398 
0.348650 0.342658 0.308688 0.000005 
0.346831 0.363645 0.289513 0.000011 
0.308560 0.366116 0.325324 0.000000 
0.322650 0.367641 0.309708 0.000001 
0.357141 0.370785 0.250130 0.021944 
0.374815 0.378590 0.170981 0.075615 
0.370912 0.376192 0.096849 0.156046 
0.367416 0.373786 0.234644 0.024153 
0.370294 0.373760 0.159541 0.096404 
0.367523 0.365417 0.122831 0.144229 
0.368343 0.367956 0.126006 0.137694 
0.363271 0.339803 0.030213 0.266713 
0.364655 0.329503 0.088985 0.216858 
0.366113 0.262268 0.216179 0.155439 
0.365808 0.217396 0.289137 0.127659 
0.362878 0.013712 0.308993 0.314417 
0.364862 0.060813 0.252308 0.322018 
0.362749 0.020822 0.270023 0.346406 
0.362232 0.009849 0.334083 0.293835 
0.365293 0.100984 0.336303 0.197419 
0.365691 0.120016 0.299706 0.214586 
0.364950 0.191655 0.337749 0.105646 
0.361263 0.005790 0.296982 0.335964 
0.363664 0.061261 0.348197 0.226878 
0.365910 0.090161 0.350846 0.193082 
0.365606 0.088952 0.335347 0.210095 
0.365325 0.056993 0.325574 0.252108 
0.366407 0.217503 0.182479 0.233610 
0.366655 0.257327 0.172231 0.203788 
0.366563 0.297945 0.155266 0.180226 
0.366788 0.287433 0.189160 0.156620 
0.366554 0.231211 0.255160 0.147075 
0.366104 0.136216 0.164972 0.332707 
0.366311 0.075639 0.239484 0.318566 
0.362687 0.001012 0.315383 0.320917 
0.364511 0.028039 0.260166 0.347284 
0.366809 0.024291 0.246058 0.362842 
0.370533 0.084410 0.175177 0.369881 
0.369712 0.060144 0.200889 0.369255 
0.365746 0.012274 0.256152 0.365828 
0.356838 0.000129 0.286377 0.356656 
0.337801 0.000000 0.325228 0.336971 
0.355142 0.000076 0.289943 0.354839 
0.358985 0.000757 0.285743 0.354515 
0.362511 0.003186 0.274494 0.359808 
0.359139 0.000610 0.281965 0.358286 
0.351440 0.000001 0.309748 0.338811 
0.351443 0.000002 0.300861 0.347693 
0.367879 0.027949 0.236802 0.367370 
0.355594 0.000121 0.291228 0.353056 
0.328800 0.000000 0.358662 0.312539 
0.351992 0.000000 0.315082 0.332926 
0.344412 0.000000 0.313752 0.341836 
0.349040 0.000000 0.303465 0.347495 
0.347360 0.000000 0.305042 0.347598 
0.352908 0.000009 0.302860 0.344222 
0.351933 0.000006 0.298168 0.349892 
0.318126 0.000000 0.362519 0.319355 
0.333032 0.000000 0.333326 0.333642 
0.344611 0.000000 0.330865 0.324524 
0.344392 0.000000 0.321870 0.333738 
0.347447 0.000000 0.336482 0.316070 
0.358075 0.000064 0.367623 0.274238 
0.367147 0.001134 0.374789 0.256930 
0.356191 0.000025 0.371296 0.272488 
0.361773 0.001204 0.361749 0.275275 
0.365990 0.132521 0.339029 0.162459 
0.362483 0.289573 0.344536 0.003408 
0.362464 0.277291 0.353690 0.006555 
0.360638 0.328829 0.310028 0.000506 
0.358357 0.306060 0.000088 0.335495 
0.350321 0.300451 0.000002 0.349225 
0.359328 0.288433 0.000366 0.351873 
0.357381 0.291046 0.000836 0.350737 
0.360157 0.341698 0.000529 0.297616 
0.354031 0.348997 0.000010 0.296962 
0.351329 0.300369 0.000013 0.348289 
0.352873 0.294708 0.000007 0.352412 
0.369163 0.282439 0.000000 0.348398 
0.372565 0.277607 0.000000 0.349828 
0.416917 0.259057 0.000095 0.323931 
0.593236 0.302332 0.011564 0.092868 
0.630342 0.218085 0.088326 0.063247 
0.627511 0.101496 0.206816 0.064176 
0.585583 0.025273 0.272895 0.116248 
0.419588 0.001784 0.243913 0.334714 
0.607249 0.177506 0.127675 0.087570 
0.515307 0.235330 0.026092 0.223272 
0.480830 0.264134 0.002102 0.252934 
0.463091 0.257675 0.001446 0.277788 
0.431841 0.250709 0.002202 0.315249 
0.481324 0.276835 0.000644 0.241198 
0.417972 0.248876 0.000579 0.332574 
0.364231 0.261615 0.000049 0.374105 
0.362202 0.263811 0.000169 0.373818 
0.412349 0.217581 0.025535 0.344534 
0.396145 0.040599 0.201782 0.361474 
0.367011 0.016252 0.241135 0.375601 
0.352207 0.000006 0.275847 0.371940 
0.360701 0.000044 0.265644 0.373611 
0.356024 0.000002 0.271663 0.372311 
0.345856 0.000000 0.289374 0.364770 
0.340989 0.000000 0.296554 0.362457 
0.340841 0.000000 0.299969 0.359190 
0.450422 0.001111 0.255988 0.292479 
0.442247 0.019740 0.212502 0.325511 
0.439626 0.112418 0.107645 0.340310 
0.405816 0.111139 0.113925 0.369120 
0.398448 0.000154 0.253510 0.347888 
0.351373 0.000007 0.285446 0.363174 
0.365010 0.008706 0.361682 0.264602 
0.368620 0.015994 0.371130 0.244256 
0.361288 0.000196 0.370943 0.267573 
0.355557 0.000022 0.344484 0.299938 
0.365847 0.007847 0.366990 0.259316 
0.405075 0.163501 0.370284 0.061140 
0.404338 0.081749 0.370772 0.143141 
0.291110 0.000000 0.367600 0.341290 
0.389864 0.000810 0.362041 0.247284 
0.375721 0.070750 0.378539 0.174991 
0.386882 0.210492 0.377931 0.024694 
0.373607 0.020533 0.377898 0.227962 
0.377255 0.112888 0.379588 0.130268 
0.364896 0.026585 0.352019 0.256499 
0.369228 0.155505 0.367251 0.108016 
0.373288 0.115420 0.375368 0.135923 
0.366224 0.068614 0.355009 0.210154 
0.364627 0.006003 0.365847 0.263523 
0.359736 0.001038 0.350031 0.289196 
0.365255 0.098823 0.346622 0.189300 
0.366136 0.089718 0.315723 0.228424 
0.365478 0.089801 0.199470 0.345250 
0.364618 0.265182 0.036694 0.333506 
0.362963 0.297827 0.003623 0.335587 
0.365301 0.254038 0.021780 0.358881 
0.364405 0.265993 0.011590 0.358012 
0.361769 0.282809 0.011349 0.344074 
0.361707 0.292469 0.002625 0.343199 
0.364767 0.292685 0.014938 0.327610 
0.366740 0.137803 0.204926 0.290531 
0.365699 0.023343 0.308733 0.302225 
0.363333 0.003856 0.304328 0.328484 
0.359547 0.000337 0.344875 0.295242 
0.365687 0.052588 0.342434 0.239291 
0.366404 0.063909 0.273815 0.295871 
0.366908 0.154092 0.300569 0.178431 
0.366980 0.174722 0.290150 0.168149 
0.364784 0.018019 0.289174 0.328023 
0.366040 0.228706 0.069296 0.335957 
0.367126 0.155104 0.127941 0.349829 
0.366987 0.147908 0.192740 0.292366 
0.366565 0.115243 0.180881 0.337312 
0.366593 0.078068 0.308190 0.247150 
0.366496 0.065432 0.263283 0.304789 
0.366119 0.093206 0.294382 0.246292 
0.366521 0.161992 0.279375 0.192113 
0.366317 0.112081 0.332832 0.188770 
0.366065 0.196137 0.339218 0.098580 
0.366637 0.155197 0.327202 0.150963 
0.366804 0.276683 0.235006 0.121508 
0.367056 0.294742 0.181696 0.156507 
0.365823 0.293332 0.045439 0.295406 
0.366925 0.320778 0.162411 0.149886 
0.366601 0.220714 0.113792 0.298893 
0.367014 0.139171 0.147437 0.346379 
0.371987 0.140884 0.114396 0.372732 
0.390812 0.057856 0.171258 0.380074 
0.346894 0.000000 0.282141 0.370965 
0.196224 0.000000 0.431783 0.371993 
0.159991 0.000000 0.442547 0.397463 
0.183954 0.000000 0.427047 0.388998 
0.226909 0.000000 0.387568 0.385523 
0.310769 0.000000 0.478641 0.210590 
0.321296 0.000000 0.334048 0.344655 
0.395027 0.000051 0.256700 0.348222 
0.363925 0.004923 0.269412 0.361740 
0.365995 0.039326 0.240223 0.354455 
0.374402 0.020127 0.227088 0.378383 
0.364010 0.003989 0.267048 0.364953 
0.373846 0.229463 0.018500 0.378192 
0.374175 0.246287 0.001846 0.377692 
0.379426 0.078420 0.161662 0.380493 
0.366017 0.098868 0.186440 0.348674 
0.366459 0.177410 0.107713 0.348419 
0.366856 0.132606 0.150734 0.349803 
0.365066 0.058542 0.218718 0.357675 
0.365775 0.281876 0.033583 0.318766 
0.366432 0.163414 0.133392 0.336762 
0.366084 0.049603 0.313581 0.270732 
0.365140 0.038202 0.256573 0.340085 
0.390096 0.092935 0.135695 0.381274 
0.366471 0.146637 0.148740 0.338151 
0.367224 0.203517 0.224233 0.205026 
0.367112 0.243364 0.228997 0.160527 
0.366873 0.192034 0.282141 0.158952 
0.366228 0.154417 0.329628 0.149727 
0.366506 0.170004 0.320352 0.143138 
0.365964 0.153656 0.334562 0.145818 
0.366411 0.302672 0.129935 0.200982 
0.364339 0.268287 0.125168 0.242206 
0.366208 0.321636 0.165574 0.146583 
0.366769 0.268623 0.193509 0.171099 
0.364143 0.318581 0.308863 0.008413 
0.365460 0.327744 0.224211 0.082585 
0.365264 0.332332 0.127960 0.174443 
0.366053 0.306440 0.234777 0.092730 
0.366436 0.222186 0.285766 0.125612 
0.366293 0.125153 0.322136 0.186417 
0.365678 0.051704 0.321551 0.261067 
0.365794 0.112896 0.339221 0.182089 
0.365492 0.054292 0.249946 0.330270 
0.370375 0.135536 0.370040 0.124049 
0.373073 0.048363 0.376704 0.201860 
0.373417 0.119675 0.375970 0.130938 
0.408263 0.054816 0.368003 0.168917 
0.374508 0.002686 0.377766 0.245039 
0.405600 0.101950 0.368607 0.123843 
0.365942 0.054376 0.352602 0.227080 
0.366125 0.104949 0.348804 0.180122 
0.362128 0.000714 0.318286 0.318871 
0.363162 0.008370 0.342762 0.285706 
0.355785 0.000061 0.351977 0.292177 
0.342687 0.000000 0.303780 0.353532 
0.343076 0.000000 0.362541 0.294383 
0.367566 0.031969 0.369558 0.230908 
0.372828 0.126354 0.375494 0.125325 
0.451115 0.103318 0.318496 0.127072 
0.442694 0.057627 0.323768 0.175911 
0.426431 0.083061 0.347977 0.142530 
0.401127 0.114655 0.372894 0.111324 
0.380679 0.112622 0.380855 0.125844 
0.397413 0.126502 0.375881 0.100204 
0.441694 0.006899 0.311353 0.240054 
0.452346 0.005484 0.297427 0.244743 
0.467912 0.003497 0.271104 0.257486 
0.424355 0.000000 0.236303 0.339342 
0.351744 0.000000 0.304406 0.343849 
0.170156 0.000000 0.418378 0.411467 
0.321149 0.000000 0.368569 0.310282 
0.329512 0.000000 0.369122 0.301366 
0.263073 0.000000 0.374197 0.362731 
0.317387 0.000000 0.356145 0.326468 
0.383958 0.000676 0.369336 0.246030 
0.292195 0.000000 0.361219 0.346586 
0.333922 0.000000 0.369496 0.296581 
0.331684 0.000000 0.331284 0.337032 
0.210325 0.000000 0.346069 0.443606 
0.137597 0.000000 0.405616 0.456788 
0.271568 0.000000 0.318453 0.409979 
0.389509 0.000000 0.283835 0.326656 
0.434150 0.000000 0.230677 0.335173 
0.331216 0.000000 0.340605 0.328179 
0.416347 0.004782 0.347996 0.230875 
0.424337 0.049106 0.352495 0.174062 
0.433571 0.137121 0.343103 0.086205 
0.374751 0.013751 0.378313 0.233185 
0.377278 0.000656 0.375440 0.246626 
0.380583 0.000181 0.363355 0.255881 
0.380727 0.076827 0.379324 0.163121 
0.381222 0.189015 0.381177 0.048586 
0.366304 0.153192 0.339997 0.140507 
0.368495 0.202569 0.364157 0.064779 
0.367705 0.107228 0.356091 0.168976 
0.362252 0.003342 0.347023 0.287383 
0.366005 0.047867 0.314996 0.271131 
0.361569 0.000750 0.325476 0.312206 
0.297368 0.000000 0.353797 0.348835 
0.318924 0.000000 0.349408 0.331668 
0.309154 0.000000 0.351650 0.339196 
0.363838 0.000000 0.293474 0.342687 
0.375706 0.000000 0.306090 0.318204 
0.374475 0.000000 0.328341 0.297184 
0.339563 0.000000 0.331402 0.329036 
0.366107 0.141277 0.345853 0.146762 
0.360526 0.001029 0.332955 0.305490 
0.348689 0.000000 0.337597 0.313713 
0.362546 0.006650 0.320600 0.310203 
0.363786 0.009051 0.319351 0.307813 
0.362521 0.002423 0.312568 0.322488 
0.355162 0.000018 0.326684 0.318136 
0.363316 0.012165 0.269193 0.355326 
0.364897 0.060031 0.218117 0.356955 
0.363087 0.007060 0.269523 0.360330 
0.337124 0.000000 0.322033 0.340843 
0.331986 0.000000 0.334171 0.333844 
0.332974 0.000000 0.342361 0.324665 
0.321976 0.000000 0.364920 0.313104 
0.343301 0.000000 0.313711 0.342988 
0.347144 0.000000 0.304089 0.348767 
0.341276 0.000000 0.326226 0.332498 
0.346625 0.000000 0.328113 0.325262 
0.347679 0.000000 0.320807 0.331515 
0.347309 0.000000 0.328462 0.324229 
0.356413 0.000733 0.298802 0.344053 
0.356857 0.000113 0.298242 0.344788 
0.351602 0.000009 0.299196 0.349193 
0.354476 0.000108 0.291734 0.353683 
0.364873 0.198575 0.083047 0.353505 
0.364236 0.265334 0.013783 0.356646 
0.367006 0.204271 0.064115 0.364607 
0.364339 0.217514 0.059276 0.358871 
0.365904 0.187341 0.081866 0.364889 
0.367116 0.176436 0.094989 0.361458 
0.364102 0.042162 0.230153 0.363583 
0.361109 0.002046 0.276792 0.360053 
0.360140 0.001059 0.278190 0.360611 
0.364544 0.013675 0.257785 0.363996 
0.364611 0.251863 0.020986 0.362540 
0.363717 0.263282 0.007605 0.365396 
0.366262 0.224769 0.041227 0.367742 
0.368626 0.162613 0.098524 0.370237 
0.361372 0.009593 0.265446 0.363588 
0.354164 0.000074 0.294910 0.350852 
0.339092 0.000000 0.319755 0.341153 
0.352448 0.000094 0.290745 0.356713 
0.340708 0.000000 0.316426 0.342866 
0.321661 0.000000 0.347659 0.330680 
0.314033 0.000000 0.359764 0.326203 
0.312685 0.000000 0.368628 0.318688 
0.339303 0.000000 0.317339 0.343358 
0.312009 0.000000 0.359662 0.328329 
0.323723 0.000000 0.342465 0.333812 
0.315818 0.000000 0.348479 0.335703 
0.309358 0.000000 0.365154 0.325489 
0.326448 0.000000 0.368804 0.304748 
0.327651 0.000000 0.367114 0.305235 
0.366164 0.000000 0.302864 0.330972 
0.354329 0.000000 0.325710 0.319961 
0.322255 0.000000 0.337652 0.340093 
0.317794 0.000000 0.335858 0.346347 
0.331964 0.000000 0.297081 0.370955 
0.313190 0.000000 0.332459 0.354351 
0.309994 0.000000 0.345484 0.344523 
0.316653 0.000000 0.350550 0.332797 
0.325874 0.000000 0.360638 0.313488 
0.349167 0.000018 0.367260 0.283555 
0.423556 0.006504 0.306993 0.262948 
0.368501 0.001807 0.372072 0.257620 
0.358040 0.007074 0.366296 0.268590 
0.360290 0.012021 0.369936 0.257753 
0.333210 0.000000 0.351099 0.315691 
0.343763 0.000000 0.330978 0.325260 
0.341547 0.000001 0.340437 0.318016 
0.351001 0.000359 0.294722 0.353918 
0.335863 0.000000 0.336450 0.327688 
0.325847 0.000000 0.362958 0.311195 
0.346780 0.000008 0.314932 0.338280 
0.358078 0.012011 0.284896 0.345015 
0.354361 0.002722 0.288604 0.354312 
0.363065 0.151163 0.117381 0.368392 
0.356968 0.261597 0.017071 0.364364 
0.359247 0.248468 0.026873 0.365413 
0.361023 0.214097 0.057628 0.367252 
0.361278 0.188985 0.081452 0.368285 
0.355547 0.270783 0.009163 0.364506 
0.356579 0.262551 0.017064 0.363806 
0.356614 0.263174 0.017369 0.362844 
0.355676 0.270959 0.009906 0.363458 
0.355879 0.264088 0.016638 0.363395 
0.360315 0.223698 0.055767 0.360220 
0.355870 0.245522 0.040077 0.358531 
0.356075 0.190342 0.091575 0.362008 
0.358543 0.225774 0.056962 0.358722 
0.359164 0.178723 0.098925 0.363189 
0.356541 0.029990 0.251073 0.362396 
0.357217 0.063299 0.222165 0.357320 
0.358266 0.190081 0.088765 0.362888 
0.357332 0.144657 0.137148 0.360863 
0.353453 0.022828 0.276496 0.347222 
0.354116 0.038043 0.258064 0.349778 
0.355351 0.229664 0.063443 0.351542 
0.358370 0.143340 0.162254 0.336036 
0.356353 0.056858 0.245103 0.341687 
0.358671 0.183092 0.125439 0.332798 
0.358329 0.099719 0.208689 0.333263 
0.360820 0.149482 0.219838 0.269860 
0.361028 0.066548 0.268964 0.303461 
0.359168 0.011622 0.320802 0.308408 
0.360580 0.033707 0.308706 0.297008 
0.361525 0.125665 0.189826 0.322985 
0.361379 0.117929 0.190607 0.330085 
0.363417 0.193134 0.151087 0.292362 
0.361077 0.222549 0.082519 0.333855 
0.361509 0.191145 0.100924 0.346422 
0.359570 0.017022 0.283410 0.339997 
0.358302 0.027090 0.261982 0.352626 
0.360502 0.073876 0.203841 0.361780 
0.362954 0.128215 0.143806 0.365025 
0.361748 0.076157 0.195989 0.366106 
0.352876 0.280717 0.004377 0.362031 
0.346566 0.296828 0.000440 0.356166 
0.319242 0.337272 0.000000 0.343487 
0.313703 0.345062 0.000000 0.341235 
0.298428 0.369324 0.000000 0.332248 
0.303452 0.368950 0.000000 0.327598 
0.302054 0.368474 0.000000 0.329472 
0.290721 0.364503 0.000000 0.344776 
0.291968 0.361936 0.000000 0.346097 
0.293246 0.366928 0.000000 0.339826 
0.303685 0.359980 0.000000 0.336335 
0.313063 0.343827 0.000015 0.343094 
0.309206 0.362266 0.000000 0.328528 
0.323984 0.346215 0.000000 0.329800 
0.357360 0.372472 0.023358 0.246810 
0.356574 0.372786 0.023476 0.247164 
0.325997 0.363401 0.000001 0.310601 
0.327511 0.357143 0.000001 0.315345 
0.331962 0.349166 0.000002 0.318870 
0.321730 0.345824 0.000000 0.332447 
0.344806 0.354839 0.000739 0.299615 
0.341012 0.348547 0.000088 0.310353 
0.339641 0.338177 0.000012 0.322170 
0.352004 0.348986 0.030444 0.268566 
0.337145 0.347409 0.000032 0.315413 
0.351278 0.360450 0.250196 0.038076 
0.303001 0.365222 0.331776 0.000000 
0.339479 0.368974 0.291234 0.000312 
0.322032 0.365566 0.312370 0.000033 
0.316755 0.355968 0.327270 0.000007 
0.318117 0.332791 0.349092 0.000001 
0.262810 0.329102 0.408088 0.000000 
0.377729 0.308448 0.311932 0.001891 
0.367048 0.344959 0.003295 0.284697 
0.326175 0.357390 0.000003 0.316432 
0.318408 0.355437 0.000001 0.326154 
0.326666 0.367998 0.000007 0.305329 
0.320418 0.364252 0.000002 0.315329 
0.348717 0.366556 0.021839 0.262888 
0.353401 0.372175 0.214916 0.059508 
0.347937 0.364277 0.251324 0.036463 
0.346835 0.346697 0.006532 0.299936 
0.352376 0.346924 0.058564 0.242136 
0.352481 0.351391 0.029850 0.266278 
0.353169 0.333004 0.013965 0.299862 
0.356263 0.332207 0.156846 0.154684 
0.360500 0.289986 0.167413 0.182100 
0.360146 0.154074 0.237293 0.248486 
0.356513 0.153705 0.158646 0.331136 
0.354519 0.022778 0.303247 0.319457 
0.355937 0.141703 0.163505 0.338854 
0.352702 0.222362 0.076394 0.348543 
0.348029 0.296013 0.007550 0.348408 
0.345689 0.299439 0.001810 0.353063 
0.352129 0.227732 0.066805 0.353334 
0.353751 0.173607 0.113288 0.359353 
0.350834 0.164217 0.127176 0.357774 
0.338581 0.000229 0.309188 0.352003 
0.348477 0.015546 0.279841 0.356136 
0.355036 0.142386 0.147337 0.355241 
0.356683 0.060568 0.242045 0.340704 
0.354227 0.051013 0.240587 0.354173 
0.346268 0.000030 0.325523 0.328178 
0.347064 0.000269 0.318863 0.333804 
0.356040 0.093825 0.217171 0.332964 
0.358785 0.203342 0.249581 0.188292 
0.356551 0.215354 0.104514 0.323581 
0.358274 0.134209 0.209193 0.298323 
0.357096 0.155416 0.162232 0.325256 
0.358436 0.249835 0.162234 0.229496 
0.357060 0.318072 0.120600 0.204268 
0.354235 0.307038 0.013527 0.325201 
0.358349 0.313267 0.102440 0.225943 
0.352837 0.298442 0.017386 0.331335 
0.349191 0.279971 0.074543 0.296295 
0.350448 0.347679 0.146923 0.154949 
0.351365 0.353476 0.053694 0.241465 
0.357244 0.369147 0.105113 0.168496 
0.361845 0.370276 0.250174 0.017704 
0.339592 0.369997 0.290284 0.000127 
0.323697 0.364712 0.311588 0.000002 
0.329081 0.360076 0.310789 0.000054 
0.338889 0.351364 0.027550 0.282197 
0.339963 0.349439 0.000042 0.310557 
0.342746 0.354203 0.006801 0.296250 
0.350726 0.366658 0.013511 0.269104 
0.359672 0.371449 0.097300 0.171579 
0.356203 0.349909 0.241728 0.052160 
0.357087 0.357079 0.177240 0.108594 
0.352832 0.349085 0.004212 0.293871 
0.351677 0.353099 0.003687 0.291537 
0.364247 0.372402 0.152157 0.111194 
0.365868 0.373660 0.133740 0.126732 
0.365861 0.374889 0.216510 0.042740 
0.361170 0.368075 0.195516 0.075239 
0.344613 0.298773 0.356603 0.000011 
0.345160 0.288791 0.365869 0.000181 
0.361931 0.030532 0.369311 0.238226 
0.353469 0.274143 0.372163 0.000225 
0.361215 0.243051 0.371807 0.023927 
0.364927 0.187183 0.372471 0.075418 
0.361949 0.014674 0.372889 0.250488 
0.362846 0.054973 0.371205 0.210975 
0.361492 0.148092 0.330744 0.159671 
0.358789 0.030107 0.302371 0.308734 
0.357847 0.073329 0.212581 0.356243 
0.348863 0.000733 0.305109 0.345295 
0.349529 0.001067 0.305416 0.343988 
0.343382 0.000030 0.343878 0.312711 
0.301915 0.000000 0.337749 0.360336 
0.353262 0.000000 0.321916 0.324822 
0.179352 0.000000 0.468106 0.352542 
0.295451 0.000000 0.337458 0.367092 
0.399067 0.008736 0.263004 0.329192 
0.424174 0.136625 0.114494 0.324707 
0.484320 0.129571 0.148546 0.237562 
0.551957 0.087641 0.236161 0.124241 
0.586748 0.115601 0.222451 0.075200 
0.510657 0.105867 0.202922 0.180555 
0.568054 0.096885 0.238681 0.096380 
0.503672 0.001694 0.334625 0.160009 
