0.254051 0.253170 0.238368 0.254411 
0.265628 0.265984 0.210532 0.257856 
0.326750 0.325866 0.021460 0.325924 
0.336459 0.330745 0.000090 0.332706 
0.338566 0.325967 0.000001 0.335466 
0.341751 0.321537 0.000010 0.336701 
0.347650 0.322396 0.000000 0.329954 
0.354736 0.338937 0.000006 0.306322 
0.357338 0.337114 0.018969 0.286579 
0.356641 0.339887 0.000037 0.303435 
0.360243 0.336376 0.001210 0.302171 
0.359905 0.337215 0.000224 0.302656 
0.362199 0.330870 0.000963 0.305968 
0.365237 0.342975 0.242655 0.049133 
0.365812 0.342456 0.056578 0.235154 
0.366709 0.338688 0.143443 0.151160 
0.366675 0.339214 0.146837 0.147273 
0.366256 0.325147 0.077080 0.231517 
0.366720 0.189929 0.118400 0.324951 
0.364546 0.241608 0.065564 0.328282 
0.365834 0.211555 0.181596 0.241015 
0.366471 0.320713 0.234889 0.077927 
0.365132 0.324715 0.238935 0.071218 
0.365999 0.319714 0.044008 0.270279 
0.366425 0.334425 0.169235 0.129915 
0.363435 0.298323 0.008895 0.329347 
0.358783 0.296665 0.000166 0.344385 
0.355418 0.299299 0.000024 0.345260 
0.354910 0.305351 0.000017 0.339722 
0.356619 0.309197 0.000166 0.334018 
0.354320 0.321615 0.000001 0.324063 
0.356151 0.313583 0.000015 0.330251 
0.356138 0.313338 0.000011 0.330513 
0.360673 0.340644 0.000848 0.297836 
0.361621 0.327871 0.000454 0.310054 
0.360247 0.313961 0.000124 0.325668 
0.362143 0.302344 0.001408 0.334104 
0.360394 0.300957 0.000578 0.338071 
0.365256 0.285101 0.024731 0.324912 
0.365702 0.171402 0.127221 0.335676 
0.364775 0.268522 0.020961 0.345742 
0.365045 0.282200 0.020095 0.332660 
0.363594 0.293088 0.006201 0.337117 
0.363937 0.294212 0.008411 0.333440 
0.365378 0.122522 0.319179 0.192920 
0.366037 0.168147 0.336398 0.129417 
0.366028 0.234584 0.324887 0.074501 
0.366374 0.102177 0.325798 0.205651 
0.366725 0.204633 0.140970 0.287672 
0.367157 0.184935 0.244111 0.203797 
0.367194 0.228476 0.204377 0.199953 
0.367170 0.193304 0.217066 0.222460 
0.367313 0.202655 0.219793 0.210239 
0.367126 0.188434 0.242999 0.201441 
0.366619 0.122352 0.201659 0.309369 
0.365993 0.057429 0.327415 0.249164 
0.366364 0.113246 0.329437 0.190953 
0.366614 0.111660 0.325200 0.196526 
0.366818 0.159471 0.260082 0.213629 
0.367379 0.198985 0.196150 0.237485 
0.367339 0.184625 0.224186 0.223849 
0.366630 0.079473 0.253184 0.300713 
0.365593 0.027746 0.286174 0.320487 
0.365248 0.270293 0.030527 0.333933 
0.366264 0.226185 0.060593 0.346958 
0.365641 0.037931 0.263492 0.332937 
0.363300 0.002495 0.311709 0.322496 
0.367305 0.268597 0.183151 0.180947 
0.367325 0.247703 0.179739 0.205233 
0.366553 0.210726 0.095272 0.327448 
0.362203 0.071211 0.208592 0.357994 
0.361843 0.013772 0.270458 0.353928 
0.378868 0.070407 0.170765 0.379960 
0.429889 0.092118 0.132351 0.345642 
0.369983 0.231968 0.026192 0.371858 
0.365124 0.283318 0.030521 0.321037 
0.364582 0.292035 0.025822 0.317561 
0.361662 0.302957 0.000775 0.334606 
0.362242 0.304597 0.002189 0.330972 
0.363289 0.263892 0.000270 0.372548 
0.364184 0.285848 0.011143 0.338825 
0.364735 0.263845 0.005910 0.365510 
0.374545 0.238344 0.008657 0.378455 
0.406409 0.226762 0.006925 0.359904 
0.426628 0.243838 0.004337 0.325197 
0.397043 0.231868 0.004908 0.366181 
0.381490 0.236006 0.009016 0.373488 
0.365334 0.260510 0.000768 0.373388 
0.362753 0.270889 0.001260 0.365098 
0.359093 0.273443 0.000120 0.367344 
0.356462 0.294093 0.000095 0.349349 
0.359124 0.304069 0.000138 0.336669 
0.362527 0.256960 0.010662 0.369851 
0.363188 0.318183 0.001318 0.317312 
0.363579 0.325530 0.011508 0.299382 
0.363529 0.316573 0.001856 0.318043 
0.365475 0.309654 0.027993 0.296879 
0.366722 0.304264 0.095633 0.233381 
0.366732 0.315563 0.111020 0.206685 
0.367093 0.256159 0.240821 0.135927 
0.366279 0.312281 0.270632 0.050807 
0.363594 0.316478 0.316434 0.003494 
0.361753 0.318635 0.319354 0.000257 
0.364172 0.326599 0.303625 0.005604 
0.363163 0.313262 0.003123 0.320451 
0.364300 0.309725 0.005967 0.320008 
0.363829 0.301401 0.006944 0.327826 
0.365758 0.239229 0.055213 0.339800 
0.365274 0.256620 0.058773 0.319334 
0.365912 0.211806 0.072676 0.349605 
0.362483 0.013172 0.269380 0.354965 
0.362941 0.007046 0.275782 0.354231 
0.362950 0.051353 0.239239 0.346458 
0.360195 0.003336 0.291992 0.344477 
0.365605 0.082900 0.228404 0.323091 
0.364507 0.269464 0.020339 0.345689 
0.363949 0.202636 0.081381 0.352035 
0.367157 0.051147 0.217036 0.364660 
0.359677 0.000382 0.280939 0.359002 
0.362087 0.002219 0.281798 0.353896 
0.369869 0.094118 0.168619 0.367395 
0.368779 0.142171 0.127502 0.361548 
0.365597 0.062908 0.208339 0.363156 
0.366449 0.121140 0.155394 0.357017 
0.366487 0.025572 0.244952 0.362989 
0.368952 0.076969 0.187687 0.366392 
0.370018 0.147698 0.113135 0.369149 
0.371256 0.162401 0.095453 0.370891 
0.370563 0.143889 0.117340 0.368207 
0.367097 0.134379 0.133948 0.364575 
0.362512 0.001795 0.274230 0.361463 
0.360877 0.000575 0.304958 0.333590 
0.365362 0.041117 0.251141 0.342379 
0.365977 0.058479 0.291305 0.284240 
0.366766 0.210266 0.129614 0.293354 
0.366926 0.303738 0.164798 0.164537 
0.367218 0.267507 0.206312 0.158963 
0.365798 0.249110 0.335709 0.049383 
0.367064 0.081749 0.360199 0.190988 
0.364765 0.014804 0.353187 0.267244 
0.363126 0.004836 0.348273 0.283765 
0.365189 0.052801 0.352893 0.229116 
0.367297 0.119871 0.350802 0.162030 
0.342889 0.000000 0.315745 0.341366 
0.354025 0.000134 0.273553 0.372288 
0.352645 0.000006 0.281024 0.366326 
0.353924 0.000001 0.328619 0.317456 
0.338258 0.000000 0.294146 0.367596 
0.333386 0.000000 0.303198 0.363416 
0.320895 0.000000 0.310338 0.368766 
0.327045 0.000000 0.304061 0.368894 
0.328213 0.000000 0.305915 0.365872 
0.321010 0.000000 0.313222 0.365768 
0.332323 0.000000 0.329145 0.338532 
0.319787 0.000000 0.319669 0.360544 
0.333554 0.000000 0.331119 0.335327 
0.349277 0.000001 0.349285 0.301437 
0.345462 0.000000 0.344382 0.310156 
0.354435 0.000019 0.354557 0.290990 
0.354813 0.000021 0.355036 0.290130 
0.324740 0.000000 0.323516 0.351744 
0.335374 0.000000 0.331352 0.333274 
0.349089 0.000000 0.329367 0.321544 
0.368460 0.089657 0.364990 0.176893 
0.365909 0.017230 0.361521 0.255340 
0.349823 0.000001 0.344845 0.305331 
0.325392 0.000000 0.319878 0.354729 
0.339274 0.000000 0.340261 0.320464 
0.366570 0.021043 0.365252 0.247135 
0.360700 0.000721 0.358990 0.279589 
0.350576 0.000001 0.349035 0.300388 
0.363855 0.007719 0.355738 0.272688 
0.363542 0.007548 0.355107 0.273803 
0.349573 0.000000 0.314646 0.335781 
0.354977 0.000009 0.274715 0.370299 
0.364792 0.016178 0.290327 0.328703 
0.366207 0.151161 0.150136 0.332496 
0.366315 0.201982 0.105981 0.325722 
0.367152 0.171883 0.225049 0.235916 
0.366706 0.097962 0.280983 0.254349 
0.366522 0.187767 0.156594 0.289118 
0.365145 0.310788 0.063353 0.260714 
0.363668 0.278174 0.012320 0.345838 
0.473548 0.146525 0.093489 0.286438 
0.514429 0.031911 0.231025 0.222636 
0.459154 0.014133 0.228935 0.297777 
0.616831 0.125710 0.172655 0.084804 
0.617897 0.149303 0.144513 0.088287 
0.561924 0.044760 0.233197 0.160118 
0.574659 0.030060 0.260982 0.134299 
0.596758 0.006589 0.312572 0.084081 
0.618979 0.007467 0.334356 0.039198 
0.497548 0.197747 0.065670 0.239035 
0.483223 0.184970 0.068881 0.262926 
0.438392 0.107255 0.120146 0.334208 
0.542383 0.129555 0.129406 0.198656 
0.516512 0.012352 0.258283 0.212853 
0.488017 0.091172 0.144385 0.276426 
0.478562 0.102849 0.128312 0.290277 
0.482470 0.162545 0.074231 0.280753 
0.472745 0.109918 0.118742 0.298595 
0.426238 0.078103 0.145099 0.350561 
0.419457 0.180500 0.043198 0.356845 
0.387770 0.161038 0.069659 0.381533 
0.381164 0.163238 0.074085 0.381514 
0.366836 0.179075 0.199507 0.254583 
0.366384 0.228710 0.080021 0.324885 
0.364884 0.029929 0.317628 0.287559 
0.366638 0.144759 0.327743 0.160860 
0.365979 0.286302 0.313357 0.034362 
0.365819 0.307474 0.054309 0.272398 
0.359932 0.317738 0.000065 0.322265 
0.366040 0.329529 0.057319 0.247111 
0.366376 0.336979 0.089201 0.207444 
0.366927 0.343030 0.145054 0.144988 
0.364247 0.336451 0.230665 0.068637 
0.364579 0.339715 0.241493 0.054213 
0.359557 0.320719 0.000534 0.319190 
0.366772 0.331804 0.143015 0.158409 
0.364487 0.319992 0.008916 0.306605 
0.366418 0.327262 0.095560 0.210760 
0.366787 0.329584 0.163243 0.140386 
0.366883 0.318146 0.167050 0.147921 
0.366531 0.314143 0.196107 0.123219 
0.366333 0.120596 0.277965 0.235106 
0.364996 0.030614 0.262504 0.341886 
0.364595 0.020495 0.287793 0.327117 
0.366315 0.181267 0.119595 0.332823 
0.366998 0.188005 0.285586 0.159411 
0.366337 0.101147 0.203046 0.329471 
0.366850 0.145902 0.295052 0.192197 
0.365944 0.068038 0.328878 0.237140 
0.363967 0.003378 0.315989 0.316666 
0.364585 0.016754 0.270096 0.348565 
0.350544 0.000002 0.290933 0.358520 
0.360295 0.000603 0.353268 0.285833 
0.369647 0.128006 0.365551 0.136796 
0.360178 0.000375 0.364526 0.274921 
0.365574 0.009929 0.368788 0.255710 
0.334705 0.000000 0.358855 0.306440 
0.325093 0.000000 0.351454 0.323453 
0.355781 0.000007 0.324279 0.319933 
0.365716 0.248078 0.329086 0.057120 
0.366351 0.141584 0.353974 0.138091 
0.365318 0.021601 0.358915 0.254167 
0.357044 0.000010 0.323833 0.319113 
0.362556 0.002807 0.340350 0.294288 
0.345238 0.000000 0.322956 0.331806 
0.363028 0.000985 0.317207 0.318780 
0.394342 0.116801 0.108406 0.380451 
0.379011 0.096343 0.143982 0.380665 
0.381659 0.126378 0.110212 0.381751 
0.409365 0.002894 0.234123 0.353619 
0.392072 0.000034 0.257964 0.349929 
0.368294 0.000003 0.267173 0.364530 
0.398371 0.000076 0.254591 0.346962 
0.359182 0.000085 0.271241 0.369492 
0.297456 0.000000 0.334075 0.368469 
0.335485 0.000000 0.369633 0.294883 
0.296194 0.000000 0.366233 0.337573 
0.308730 0.000000 0.366939 0.324330 
0.378699 0.000237 0.370731 0.250332 
0.367413 0.003081 0.374180 0.255326 
0.400141 0.106923 0.376720 0.116216 
0.411101 0.060122 0.364304 0.164473 
0.385333 0.000145 0.364051 0.250471 
0.409821 0.000421 0.338720 0.251038 
0.400553 0.000725 0.354606 0.244116 
0.431070 0.013931 0.323328 0.231671 
0.387240 0.000111 0.358714 0.253934 
0.354378 0.000007 0.370271 0.275344 
0.352086 0.000006 0.353939 0.293969 
0.359619 0.000095 0.371369 0.268916 
0.374199 0.003545 0.378018 0.244238 
0.353680 0.000010 0.365341 0.280968 
0.365612 0.004318 0.369358 0.260712 
0.362320 0.006670 0.327887 0.303123 
0.364011 0.011466 0.338225 0.286297 
0.367554 0.035115 0.365212 0.232118 
0.374057 0.024831 0.378091 0.223021 
0.396110 0.024189 0.375303 0.204398 
0.426814 0.044302 0.348671 0.180213 
0.491296 0.003618 0.242423 0.262662 
0.385547 0.071241 0.381538 0.161673 
0.381167 0.007405 0.378893 0.232536 
0.378310 0.009502 0.379462 0.232726 
0.427289 0.102915 0.352147 0.117649 
0.396049 0.002000 0.364817 0.237134 
0.364195 0.000031 0.374235 0.261539 
0.379774 0.000082 0.366820 0.253323 
0.378543 0.007786 0.378610 0.235061 
0.448647 0.003936 0.305046 0.242370 
0.415465 0.018176 0.353498 0.212860 
0.390253 0.007139 0.374512 0.228096 
0.371522 0.006866 0.377141 0.244471 
0.373215 0.246103 0.376864 0.003818 
0.365814 0.241547 0.361806 0.030833 
0.364412 0.266523 0.365701 0.003364 
0.372005 0.193624 0.375012 0.059360 
0.365900 0.048433 0.259546 0.326121 
0.366239 0.097576 0.210001 0.326184 
0.366719 0.140101 0.164975 0.328205 
0.366364 0.145813 0.150756 0.337067 
0.364347 0.286053 0.019155 0.330445 
0.364938 0.296061 0.013328 0.325672 
0.366190 0.344223 0.102947 0.186640 
0.367311 0.352592 0.120521 0.159575 
0.367752 0.358068 0.108627 0.165554 
0.370868 0.374020 0.053015 0.202098 
0.376204 0.379080 0.048640 0.196076 
0.375543 0.378113 0.101176 0.145168 
0.369914 0.376153 0.000451 0.253482 
0.419172 0.360255 0.139891 0.080682 
0.404883 0.361682 0.218571 0.014864 
0.385623 0.379839 0.210675 0.023863 
0.384300 0.376733 0.005812 0.233155 
0.392814 0.378953 0.050758 0.177474 
0.415842 0.364922 0.100829 0.118406 
0.432318 0.345344 0.073593 0.148744 
0.403886 0.374000 0.098620 0.123493 
0.391373 0.380155 0.136560 0.091911 
0.379164 0.380554 0.185369 0.054913 
0.371748 0.372292 0.134772 0.121188 
0.385421 0.382642 0.116451 0.115485 
0.375378 0.378728 0.041392 0.204502 
0.380867 0.380908 0.035395 0.202831 
0.367435 0.375764 0.000228 0.256572 
0.387159 0.382248 0.124185 0.106408 
0.376777 0.379475 0.042644 0.201104 
0.365563 0.369026 0.098423 0.166988 
0.368519 0.365323 0.215333 0.050825 
0.363761 0.364322 0.268314 0.003602 
0.376061 0.377779 0.001913 0.244246 
0.356801 0.371527 0.000002 0.271671 
0.358936 0.368790 0.000001 0.272273 
0.328450 0.368357 0.000000 0.303193 
0.311706 0.320810 0.000000 0.367484 
0.332268 0.329800 0.000000 0.337932 
0.343536 0.335583 0.000000 0.320881 
0.358189 0.329108 0.000037 0.312666 
0.365340 0.345366 0.206603 0.082691 
0.365102 0.354618 0.257712 0.022568 
0.366380 0.364916 0.256249 0.012456 
0.366691 0.370622 0.014729 0.247959 
0.365889 0.375166 0.000537 0.258409 
0.366998 0.370035 0.172671 0.090296 
0.366252 0.358005 0.137804 0.137940 
0.365645 0.326146 0.045410 0.262799 
0.366935 0.295480 0.164253 0.173331 
0.365103 0.328854 0.030157 0.275886 
0.366324 0.333741 0.166706 0.133229 
0.363572 0.331253 0.004788 0.300386 
0.366715 0.330597 0.150516 0.152172 
0.366458 0.330894 0.127062 0.175586 
0.365617 0.294360 0.311223 0.028800 
0.366239 0.087723 0.307800 0.238237 
0.367259 0.184971 0.247690 0.200080 
0.367357 0.226039 0.203236 0.203368 
0.366929 0.159471 0.159492 0.314109 
0.366744 0.208820 0.203888 0.220547 
0.365311 0.092113 0.241186 0.301390 
0.364967 0.027626 0.278399 0.329008 
0.356892 0.000013 0.313422 0.329673 
0.358960 0.000103 0.324861 0.316076 
0.360261 0.000536 0.301522 0.337680 
0.357780 0.000023 0.312225 0.329971 
0.355415 0.000019 0.299663 0.344903 
0.358556 0.000193 0.295343 0.345908 
0.362724 0.004471 0.283529 0.349276 
0.366350 0.149112 0.123686 0.360852 
0.368169 0.167365 0.103172 0.361294 
0.367800 0.123122 0.150666 0.358413 
0.367509 0.154883 0.123519 0.354090 
0.363757 0.008668 0.291071 0.336504 
0.366884 0.107235 0.177338 0.348544 
0.362960 0.297763 0.003149 0.336128 
0.365375 0.283966 0.025851 0.324808 
0.361478 0.307068 0.000549 0.330905 
0.360617 0.314341 0.000534 0.324508 
0.358738 0.321155 0.000040 0.320067 
0.361754 0.276003 0.013323 0.348920 
0.352349 0.297851 0.000015 0.349785 
0.359731 0.281351 0.000333 0.358584 
0.364611 0.265712 0.009710 0.359967 
0.364335 0.100738 0.175839 0.359089 
0.362624 0.040031 0.249625 0.347720 
0.360120 0.000555 0.292744 0.346581 
0.368389 0.090879 0.176377 0.364355 
0.371272 0.100305 0.157679 0.370744 
0.372216 0.128610 0.127099 0.372075 
0.363099 0.001787 0.272479 0.362636 
0.369176 0.058550 0.203937 0.368337 
0.366082 0.014187 0.256282 0.363448 
0.362339 0.002073 0.282243 0.353345 
0.369761 0.133335 0.131884 0.365020 
0.369986 0.127015 0.135990 0.367009 
0.369859 0.169540 0.093357 0.367244 
0.368268 0.200518 0.063578 0.367636 
0.366003 0.088373 0.179907 0.365717 
0.371800 0.152404 0.103964 0.371832 
0.371138 0.130470 0.128931 0.369461 
0.370619 0.133294 0.128088 0.368000 
0.367794 0.147123 0.129863 0.355219 
0.366870 0.132129 0.151304 0.349697 
0.364556 0.274724 0.028898 0.331821 
0.365840 0.321898 0.172502 0.139760 
0.365289 0.317067 0.013183 0.304461 
0.366877 0.292887 0.101917 0.238319 
0.365684 0.269808 0.055025 0.309483 
0.371063 0.152063 0.103748 0.373125 
0.365747 0.250231 0.046326 0.337696 
0.366197 0.062276 0.243066 0.328460 
0.366301 0.174931 0.119515 0.339253 
0.384968 0.193582 0.040245 0.381205 
0.367149 0.193378 0.085135 0.354338 
0.367605 0.162007 0.115433 0.354956 
0.378275 0.130771 0.110769 0.380186 
0.365681 0.037826 0.244664 0.351830 
0.370842 0.141893 0.118400 0.368864 
0.370468 0.109390 0.151847 0.368295 
0.357289 0.000014 0.313116 0.329582 
0.350151 0.000003 0.286165 0.363681 
0.391104 0.000769 0.244994 0.363133 
0.404532 0.019067 0.212696 0.363706 
0.387758 0.082234 0.151423 0.378586 
0.382054 0.106893 0.129465 0.381588 
0.389261 0.199541 0.031993 0.379205 
0.376512 0.201477 0.042660 0.379351 
0.379469 0.153464 0.086375 0.380693 
0.405243 0.082224 0.148919 0.363615 
0.450637 0.029897 0.204403 0.315063 
0.380689 0.001664 0.242681 0.374966 
0.367909 0.010281 0.247069 0.374741 
0.365696 0.140364 0.281116 0.212825 
0.366471 0.243693 0.154397 0.235439 
0.366579 0.207923 0.251776 0.173723 
0.366467 0.262827 0.263180 0.107526 
0.367191 0.229082 0.209637 0.194090 
0.367144 0.231820 0.189190 0.211845 
0.367251 0.208869 0.211329 0.212550 
0.366716 0.158507 0.167894 0.306884 
0.367016 0.217372 0.209282 0.206330 
0.366581 0.256289 0.256488 0.120643 
0.366481 0.229344 0.097839 0.306336 
0.367158 0.194579 0.225381 0.212882 
0.366322 0.279888 0.076730 0.277059 
0.366734 0.310512 0.196554 0.126200 
0.364213 0.034231 0.332826 0.268730 
0.365621 0.279388 0.304660 0.050331 
0.367582 0.138961 0.359973 0.133484 
0.377809 0.110308 0.379832 0.132051 
0.360977 0.000622 0.332656 0.305745 
0.353786 0.000006 0.344555 0.301654 
0.359050 0.000026 0.321997 0.318927 
0.362845 0.000812 0.321337 0.315006 
0.366601 0.100971 0.216752 0.315677 
0.367033 0.156327 0.168632 0.308008 
0.367147 0.200993 0.173470 0.258389 
0.367165 0.165719 0.192736 0.274381 
0.366540 0.176650 0.119091 0.337719 
0.361857 0.002148 0.329207 0.306789 
0.366825 0.168310 0.349721 0.115144 
0.367542 0.113328 0.355348 0.163783 
0.366965 0.126881 0.345792 0.160361 
0.368357 0.197882 0.362351 0.071410 
0.382032 0.126427 0.381899 0.109642 
0.393230 0.160425 0.379732 0.066613 
0.381252 0.117577 0.381736 0.119435 
0.369471 0.015816 0.372873 0.241839 
0.345906 0.000000 0.345104 0.308990 
0.357046 0.000146 0.353157 0.289650 
0.354825 0.000001 0.319048 0.326126 
0.366869 0.151014 0.175068 0.307048 
0.365748 0.035619 0.284961 0.313673 
0.364304 0.008941 0.296090 0.330665 
0.365841 0.038858 0.267760 0.327541 
0.364285 0.007183 0.299231 0.329300 
0.361716 0.001606 0.291989 0.344690 
0.364589 0.014169 0.285639 0.335603 
0.364198 0.004065 0.308460 0.323277 
0.360088 0.000051 0.320180 0.319682 
0.366061 0.052235 0.347523 0.234181 
0.366736 0.146150 0.335199 0.151915 
0.366825 0.145858 0.338421 0.148896 
0.362664 0.001085 0.319004 0.317247 
0.365419 0.021075 0.302182 0.311324 
0.365888 0.210775 0.253732 0.169605 
0.364470 0.314328 0.311224 0.009977 
0.362787 0.311124 0.325102 0.000988 
0.364731 0.324030 0.281289 0.029949 
0.365837 0.339753 0.243487 0.050924 
0.366510 0.321113 0.127064 0.185312 
0.366824 0.318870 0.164123 0.150183 
0.367262 0.244053 0.197909 0.190776 
0.367059 0.164552 0.286808 0.181580 
0.366137 0.065089 0.325270 0.243504 
0.366518 0.149144 0.334915 0.149423 
0.366583 0.151185 0.320296 0.161935 
0.366764 0.113636 0.309110 0.210490 
0.366294 0.052930 0.352118 0.228657 
0.366629 0.127039 0.343061 0.163272 
0.367345 0.152425 0.353404 0.126826 
0.366634 0.249531 0.288563 0.095272 
0.367134 0.191738 0.180983 0.260145 
0.365938 0.248901 0.058047 0.327114 
0.366640 0.308694 0.194552 0.130113 
0.366917 0.311182 0.179790 0.142111 
0.367052 0.263519 0.236439 0.132989 
0.365875 0.231672 0.081839 0.320614 
0.365002 0.264971 0.021031 0.348996 
0.366900 0.118140 0.206487 0.308473 
0.366741 0.117612 0.192028 0.323619 
0.365907 0.038406 0.275771 0.319916 
0.366257 0.066254 0.248308 0.319181 
0.366423 0.083512 0.222446 0.327619 
0.369524 0.105603 0.159199 0.365674 
0.366706 0.052541 0.225323 0.355429 
0.365577 0.185478 0.108273 0.340672 
0.370904 0.152636 0.106710 0.369750 
0.366104 0.073554 0.220446 0.339895 
0.366339 0.091347 0.203837 0.338477 
0.367309 0.188417 0.186794 0.257481 
0.367296 0.189750 0.262066 0.180889 
0.366831 0.155434 0.148313 0.329422 
0.366793 0.140371 0.176363 0.316473 
0.366044 0.066939 0.231453 0.335565 
0.367390 0.213179 0.193635 0.225796 
0.366967 0.232332 0.115837 0.284864 
0.366645 0.205890 0.239344 0.188122 
0.366767 0.154563 0.325818 0.152852 
0.367097 0.184346 0.257272 0.191285 
0.365436 0.114142 0.345672 0.174750 
0.365677 0.255956 0.332056 0.046311 
0.366029 0.037603 0.294278 0.302090 
0.366569 0.106384 0.295132 0.231915 
0.366055 0.260071 0.325072 0.048802 
0.366468 0.140809 0.340114 0.152608 
0.357554 0.000109 0.352935 0.289402 
0.358933 0.000037 0.327998 0.313031 
0.365488 0.040000 0.257715 0.336796 
0.364921 0.021714 0.276474 0.336892 
0.366766 0.157265 0.336580 0.139389 
0.366718 0.128759 0.328924 0.175599 
0.372690 0.135385 0.373521 0.118404 
0.374850 0.034163 0.378152 0.212835 
0.380886 0.165332 0.381390 0.072393 
0.367668 0.254971 0.375874 0.001488 
0.371641 0.234583 0.375565 0.018211 
0.385537 0.172021 0.377672 0.064770 
0.370919 0.245329 0.376621 0.007131 
0.355018 0.297688 0.346971 0.000322 
0.359820 0.266597 0.373561 0.000022 
0.360663 0.276427 0.362507 0.000402 
0.365651 0.080299 0.344641 0.209410 
0.370698 0.054337 0.372008 0.202957 
0.379115 0.075375 0.380558 0.164952 
0.415057 0.035561 0.360800 0.188583 
0.351775 0.000002 0.344878 0.303345 
0.364279 0.004151 0.312875 0.318694 
0.352736 0.000004 0.307072 0.340188 
0.347935 0.000000 0.319507 0.332559 
0.357797 0.000010 0.318769 0.323425 
0.364547 0.008369 0.269623 0.357461 
0.366963 0.104027 0.180157 0.348852 
0.366908 0.115812 0.252787 0.264492 
0.367250 0.181662 0.202495 0.248593 
0.366830 0.146554 0.147875 0.338740 
0.366281 0.106686 0.311066 0.215967 
0.366680 0.089486 0.311857 0.231976 
0.366783 0.133882 0.323560 0.175775 
0.367167 0.158537 0.284187 0.190109 
0.367167 0.168954 0.295287 0.168592 
0.367250 0.163773 0.242690 0.226287 
0.366482 0.133481 0.170346 0.329691 
0.361687 0.000382 0.319794 0.318137 
0.361819 0.000836 0.326522 0.310823 
0.364140 0.009703 0.338023 0.288134 
0.365992 0.029804 0.355854 0.248349 
0.366463 0.201057 0.319320 0.113160 
0.367260 0.228327 0.166664 0.237748 
0.366581 0.220432 0.095997 0.316990 
0.366817 0.155538 0.147471 0.330174 
0.366545 0.096826 0.212893 0.323736 
0.366605 0.105697 0.186851 0.340847 
0.366876 0.148727 0.142822 0.341575 
0.366851 0.145482 0.146607 0.341061 
0.367233 0.132731 0.148272 0.351765 
0.367624 0.115484 0.160986 0.355905 
0.365789 0.079152 0.204364 0.350696 
0.367132 0.044155 0.228044 0.360668 
0.355722 0.000039 0.292160 0.352079 
0.360999 0.000832 0.293613 0.344556 
0.368057 0.119672 0.358327 0.153943 
0.368101 0.124766 0.358135 0.148998 
0.366696 0.009088 0.368386 0.255830 
0.368354 0.015080 0.371380 0.245185 
0.367439 0.064506 0.360910 0.207145 
0.385084 0.071955 0.380834 0.162127 
0.387342 0.176268 0.381023 0.055367 
0.374828 0.043839 0.377896 0.203438 
0.367330 0.216315 0.359086 0.057270 
0.362224 0.292026 0.340592 0.005158 
0.357971 0.287540 0.354352 0.000137 
0.350555 0.292847 0.356592 0.000007 
0.376420 0.057974 0.375752 0.189855 
0.377187 0.000138 0.370412 0.252263 
0.381938 0.057029 0.381312 0.179721 
0.382432 0.002853 0.374105 0.240609 
0.431178 0.001180 0.320096 0.247546 
0.415191 0.111076 0.365302 0.108431 
0.390009 0.113234 0.381949 0.114808 
0.367177 0.177292 0.352596 0.102935 
0.366800 0.146064 0.341743 0.145392 
0.367055 0.169306 0.304286 0.159353 
0.366383 0.089921 0.214362 0.329333 
0.366240 0.224359 0.285620 0.123780 
0.367071 0.176009 0.226612 0.230308 
0.366666 0.254416 0.080884 0.298034 
0.365434 0.265162 0.331042 0.038363 
0.365587 0.047273 0.310347 0.276793 
0.366106 0.100212 0.294630 0.239052 
0.367129 0.251059 0.159755 0.222057 
0.370639 0.069136 0.189276 0.370949 
0.373612 0.121260 0.129328 0.375800 
0.369497 0.111675 0.153536 0.365292 
0.367098 0.148762 0.133431 0.350709 
0.366891 0.149002 0.139853 0.344254 
0.366957 0.082441 0.198753 0.351848 
0.368206 0.139440 0.131471 0.360882 
0.365622 0.260952 0.012079 0.361347 
0.363599 0.287064 0.007942 0.341395 
0.362134 0.269532 0.002446 0.365888 
0.369618 0.227360 0.029774 0.373249 
0.363203 0.279087 0.007440 0.350270 
0.363962 0.271343 0.006621 0.358074 
0.359906 0.000134 0.269289 0.370670 
0.357597 0.000039 0.334328 0.308037 
0.354737 0.000022 0.285637 0.359604 
0.361898 0.000393 0.323150 0.314559 
0.359048 0.000227 0.352066 0.288659 
0.358718 0.000172 0.347503 0.293607 
0.357591 0.000010 0.324749 0.317650 
0.373814 0.000030 0.258813 0.367343 
0.364391 0.001430 0.262759 0.371420 
0.364588 0.029328 0.343984 0.262100 
0.364859 0.018702 0.335594 0.280845 
0.356843 0.000065 0.358215 0.284877 
0.370025 0.013866 0.374657 0.241452 
0.361463 0.011665 0.347466 0.279406 
0.363260 0.255060 0.340284 0.041397 
0.365324 0.295094 0.298760 0.040822 
0.363960 0.203022 0.333386 0.099632 
0.365728 0.325275 0.240756 0.068242 
0.366653 0.337077 0.168601 0.127669 
0.366118 0.329775 0.067274 0.236832 
0.366064 0.323303 0.070369 0.240264 
0.365520 0.334528 0.050417 0.249535 
0.358850 0.324432 0.000030 0.316688 
0.356687 0.308177 0.000027 0.335109 
0.365974 0.259297 0.001162 0.373567 
0.361012 0.270457 0.000599 0.367933 
0.371392 0.251952 0.000694 0.375962 
0.372214 0.250503 0.000676 0.376607 
0.357645 0.277440 0.000385 0.364530 
0.381181 0.248326 0.000302 0.370190 
0.452656 0.274666 0.000124 0.272554 
0.495267 0.271538 0.002420 0.230775 
0.591614 0.302247 0.014965 0.091175 
0.500856 0.273560 0.002245 0.223339 
0.411772 0.240631 0.001289 0.346309 
0.392100 0.141159 0.090676 0.376065 
0.426370 0.096859 0.122257 0.354515 
0.430999 0.145222 0.075932 0.347846 
0.381661 0.128021 0.108508 0.381809 
0.361800 0.000845 0.273352 0.364003 
0.365787 0.005151 0.261702 0.367360 
0.365112 0.013551 0.297239 0.324098 
0.366640 0.209023 0.132600 0.291738 
0.367009 0.195258 0.140573 0.297160 
0.367102 0.276562 0.158176 0.198160 
0.367349 0.227047 0.206613 0.198991 
0.366412 0.265181 0.062094 0.306312 
0.365919 0.141575 0.177386 0.315120 
0.366276 0.307821 0.253121 0.072782 
0.366239 0.322693 0.074123 0.236945 
0.366678 0.329884 0.138714 0.164724 
0.365278 0.318576 0.021659 0.294488 
0.364895 0.323213 0.284356 0.027536 
0.361683 0.320302 0.317689 0.000325 
0.362254 0.332076 0.294112 0.011558 
0.363210 0.348460 0.204487 0.083843 
0.360311 0.345551 0.293570 0.000568 
0.365303 0.346518 0.254761 0.033419 
0.366939 0.351838 0.127266 0.153956 
0.367942 0.358266 0.141614 0.132178 
0.367413 0.358578 0.147938 0.126071 
0.365761 0.351241 0.079032 0.203966 
0.366082 0.352223 0.069634 0.212061 
0.361749 0.346598 0.002276 0.289377 
0.364940 0.347353 0.037858 0.249849 
0.364005 0.352406 0.024422 0.259167 
0.361058 0.348182 0.289102 0.001658 
0.366966 0.358812 0.157700 0.116522 
0.360654 0.339266 0.001161 0.298919 
0.352878 0.308811 0.000006 0.338304 
0.360080 0.287387 0.002704 0.349829 
0.359160 0.276181 0.036796 0.327863 
0.351118 0.000145 0.305872 0.342864 
0.359419 0.001481 0.289320 0.349780 
0.366075 0.082807 0.197020 0.354097 
0.365962 0.154571 0.136916 0.342551 
0.365619 0.082434 0.228295 0.323652 
0.366218 0.142975 0.177827 0.312980 
0.365507 0.128557 0.184916 0.321019 
0.365170 0.193672 0.099050 0.342108 
0.365168 0.163089 0.125683 0.346060 
0.364163 0.055518 0.231354 0.348965 
0.366311 0.135323 0.147261 0.351105 
0.365671 0.196468 0.090170 0.347691 
0.362527 0.278581 0.011489 0.347402 
0.361843 0.267193 0.012480 0.358483 
0.360603 0.277742 0.001500 0.360155 
0.361456 0.284744 0.004989 0.348810 
0.360116 0.288896 0.001738 0.349250 
0.359282 0.286056 0.001336 0.353326 
0.356821 0.291806 0.000584 0.350790 
0.361214 0.287509 0.007085 0.344192 
0.362637 0.268952 0.024569 0.343842 
0.362208 0.069030 0.236618 0.332144 
0.361107 0.003160 0.316536 0.319196 
0.362460 0.028686 0.333953 0.274901 
0.359920 0.003184 0.367849 0.269047 
0.359040 0.121246 0.350085 0.169629 
0.366172 0.250264 0.371047 0.012518 
0.363181 0.265994 0.349754 0.021071 
0.360647 0.005456 0.354921 0.278977 
0.355851 0.000192 0.346371 0.297585 
0.354413 0.000009 0.314760 0.330818 
0.365425 0.122179 0.341476 0.170920 
0.369424 0.143758 0.370015 0.116802 
0.365697 0.051866 0.357831 0.224607 
0.366278 0.098407 0.353885 0.181430 
0.364417 0.110508 0.347280 0.177795 
0.364665 0.035570 0.354808 0.244956 
0.365880 0.147595 0.344893 0.141632 
0.365946 0.154451 0.331778 0.147826 
0.362284 0.038014 0.359018 0.240684 
0.366859 0.187290 0.358461 0.087390 
0.365757 0.152951 0.339427 0.141866 
0.366554 0.154473 0.324829 0.154145 
0.364730 0.026386 0.286031 0.322853 
0.363192 0.004975 0.332180 0.299654 
0.357698 0.000093 0.330953 0.311256 
0.361615 0.001214 0.301146 0.336025 
0.334715 0.000000 0.358727 0.306558 
0.345766 0.000000 0.323652 0.330582 
0.354746 0.000007 0.315889 0.329357 
0.354721 0.000025 0.308758 0.336495 
0.350417 0.000000 0.331135 0.318448 
0.357941 0.000246 0.338323 0.303491 
0.360378 0.000084 0.320008 0.319529 
0.362555 0.003596 0.347878 0.285971 
0.363780 0.053130 0.284960 0.298130 
0.353949 0.000014 0.330897 0.315139 
0.353893 0.000003 0.323871 0.322233 
0.355074 0.000012 0.307677 0.337238 
0.367216 0.120778 0.156103 0.355904 
0.367274 0.163705 0.115050 0.353970 
0.368478 0.158961 0.109229 0.363332 
0.367879 0.175157 0.093595 0.363369 
0.368179 0.198233 0.067749 0.365839 
0.361952 0.199301 0.076004 0.362744 
0.361369 0.280713 0.001734 0.356184 
0.363978 0.130994 0.145885 0.359143 
0.363229 0.042342 0.245526 0.348903 
0.365570 0.099124 0.185190 0.350116 
0.367127 0.129634 0.146368 0.356870 
0.366953 0.089466 0.186733 0.356848 
0.367094 0.125947 0.152926 0.354032 
0.367754 0.135279 0.140324 0.356644 
0.366502 0.103235 0.211156 0.319108 
0.366582 0.188152 0.119422 0.325844 
0.366668 0.116538 0.173127 0.343667 
0.365051 0.028560 0.262604 0.343785 
0.362138 0.003500 0.301424 0.332938 
0.359957 0.000336 0.307815 0.331892 
0.355778 0.000018 0.300541 0.343664 
0.357199 0.000010 0.314486 0.328305 
0.352673 0.000001 0.308923 0.338403 
0.352402 0.000002 0.335930 0.311667 
0.352670 0.000001 0.315372 0.331957 
0.361937 0.001374 0.280012 0.356677 
0.370961 0.084177 0.174517 0.370345 
0.371451 0.087696 0.169449 0.371404 
0.371761 0.158596 0.097935 0.371707 
0.370701 0.082640 0.176788 0.369870 
0.371653 0.094310 0.162434 0.371603 
0.369619 0.181818 0.081303 0.367261 
0.367710 0.063742 0.207489 0.361059 
0.370483 0.141578 0.119622 0.368317 
0.363689 0.061193 0.237727 0.337391 
0.362054 0.001250 0.312541 0.324156 
0.364834 0.035900 0.254275 0.344991 
0.361171 0.000156 0.317981 0.320692 
0.352754 0.000001 0.331708 0.315537 
0.351199 0.000000 0.319054 0.329747 
0.351941 0.000004 0.311219 0.336835 
0.351858 0.000005 0.309023 0.339115 
0.352958 0.000020 0.295021 0.352001 
0.361235 0.005836 0.272657 0.360273 
0.363761 0.259557 0.016644 0.360038 
0.366470 0.174661 0.093867 0.365002 
0.361045 0.280199 0.000759 0.357997 
0.366796 0.233074 0.038007 0.362123 
0.363447 0.279814 0.005545 0.351194 
0.361805 0.291614 0.005238 0.341343 
0.363181 0.293840 0.007617 0.335362 
0.366310 0.247861 0.027498 0.358332 
0.365558 0.078755 0.203627 0.352060 
0.367328 0.136656 0.138375 0.357641 
0.368002 0.064307 0.203131 0.364560 
0.364998 0.023465 0.252591 0.358946 
0.366452 0.051085 0.226368 0.356095 
0.366243 0.174027 0.117261 0.342469 
0.365809 0.060251 0.253867 0.320073 
0.366540 0.120640 0.200330 0.312490 
0.366995 0.236262 0.155075 0.241668 
0.366475 0.245595 0.081673 0.306257 
0.366423 0.201606 0.109684 0.322287 
0.366839 0.216096 0.125574 0.291492 
0.367072 0.177528 0.097136 0.358264 
0.366782 0.182772 0.096706 0.353741 
0.367582 0.089343 0.182746 0.360329 
0.365779 0.081569 0.223743 0.328908 
0.366799 0.169273 0.170830 0.293098 
0.366512 0.121925 0.210314 0.301248 
0.366643 0.137885 0.227717 0.267755 
0.366833 0.230265 0.218467 0.184435 
0.366464 0.114061 0.284416 0.235059 
0.366412 0.153306 0.165276 0.315006 
0.366649 0.152524 0.187419 0.293408 
0.366778 0.173346 0.193507 0.266368 
0.366278 0.155988 0.325765 0.151969 
0.360257 0.001644 0.292682 0.345417 
0.361846 0.006605 0.274762 0.356787 
0.357620 0.000158 0.272595 0.369627 
0.343218 0.000000 0.316265 0.340517 
0.351195 0.000003 0.331260 0.317542 
0.355563 0.000006 0.321308 0.323123 
0.359034 0.000733 0.273601 0.366632 
0.365597 0.261916 0.247842 0.124645 
0.366113 0.314000 0.145962 0.173925 
0.365551 0.297705 0.068499 0.268244 
0.366006 0.296223 0.078420 0.259351 
0.365499 0.262749 0.052943 0.318809 
0.366202 0.233246 0.088090 0.312463 
0.365227 0.235106 0.232141 0.167526 
0.366320 0.173973 0.314822 0.144885 
0.365678 0.172224 0.337783 0.124315 
0.364662 0.080303 0.335783 0.219252 
0.362716 0.008040 0.340341 0.288903 
0.358229 0.000283 0.340240 0.301248 
0.348979 0.000001 0.311655 0.339366 
0.353667 0.000028 0.343084 0.303221 
0.349812 0.000001 0.332707 0.317480 
0.359760 0.001485 0.333913 0.304842 
0.369319 0.000027 0.264802 0.365852 
0.341075 0.000000 0.289157 0.369768 
0.348455 0.000001 0.310984 0.340561 
0.365353 0.104372 0.338052 0.192223 
0.364960 0.058151 0.337594 0.239295 
0.362872 0.005078 0.324488 0.307562 
0.364668 0.232095 0.330047 0.073190 
0.364967 0.224516 0.312019 0.098499 
0.364492 0.294282 0.104138 0.237089 
0.364659 0.294000 0.027368 0.313973 
0.365436 0.295311 0.084298 0.254955 
0.364909 0.314216 0.059403 0.261472 
0.364154 0.306150 0.028779 0.300918 
0.362080 0.147756 0.206705 0.283459 
0.351915 0.000377 0.310654 0.337054 
0.338343 0.000000 0.326267 0.335390 
0.332924 0.000000 0.330645 0.336432 
0.359457 0.001997 0.281206 0.357340 
0.349471 0.000003 0.307933 0.342593 
0.334729 0.000000 0.330157 0.335114 
0.331478 0.000000 0.364317 0.304204 
0.347978 0.000002 0.371127 0.280892 
0.376379 0.000001 0.334137 0.289483 
0.471569 0.006373 0.258210 0.263848 
0.521941 0.096947 0.202631 0.178480 
0.538621 0.071582 0.172457 0.217341 
0.483421 0.011564 0.237573 0.267442 
0.415378 0.000000 0.241112 0.343509 
0.498159 0.142555 0.230666 0.128620 
0.491122 0.172840 0.246182 0.089855 
0.406192 0.000003 0.287325 0.306480 
0.440661 0.000698 0.277573 0.281068 
0.466541 0.065703 0.277048 0.190709 
0.426879 0.127811 0.334153 0.111156 
0.396993 0.002801 0.352585 0.247620 
0.406365 0.007538 0.343768 0.242329 
0.369900 0.044807 0.376542 0.208751 
0.339436 0.000001 0.368127 0.292437 
0.340185 0.000001 0.367129 0.292685 
0.403581 0.002772 0.328702 0.264945 
0.374822 0.000012 0.344629 0.280537 
0.358631 0.000046 0.369049 0.272275 
0.379631 0.094302 0.376523 0.149544 
0.363273 0.148083 0.337204 0.151440 
0.361950 0.257761 0.326238 0.054051 
0.361776 0.210284 0.342848 0.085093 
0.361722 0.232990 0.316808 0.088481 
0.361079 0.164567 0.302937 0.171417 
0.359462 0.186492 0.338735 0.115312 
0.362402 0.310013 0.251443 0.076143 
0.361118 0.310186 0.237026 0.091670 
0.361638 0.257334 0.288426 0.092602 
0.360802 0.255896 0.074348 0.308954 
0.361959 0.144646 0.288631 0.204764 
0.361387 0.146735 0.242350 0.249529 
0.358687 0.200104 0.161888 0.279321 
0.361114 0.298283 0.243964 0.096639 
0.359270 0.043259 0.272601 0.324870 
0.363497 0.182743 0.212347 0.241413 
0.363454 0.163679 0.167919 0.304949 
0.364523 0.201119 0.233953 0.200406 
0.362765 0.128021 0.146911 0.362302 
0.361904 0.093809 0.203741 0.340546 
0.362114 0.142558 0.140968 0.354360 
0.361696 0.126368 0.159573 0.352363 
0.347462 0.000025 0.283814 0.368699 
0.339413 0.000000 0.328647 0.331940 
0.311747 0.000000 0.324238 0.364015 
0.330652 0.000000 0.306699 0.362649 
0.356611 0.003977 0.288723 0.350689 
0.364442 0.125524 0.139320 0.370713 
0.366769 0.154543 0.108800 0.369889 
0.363014 0.213632 0.068847 0.354508 
0.368095 0.070431 0.185813 0.375661 
0.359003 0.014602 0.266048 0.360347 
0.328690 0.000000 0.302183 0.369127 
0.315401 0.000000 0.348833 0.335766 
0.362614 0.019451 0.372107 0.245828 
0.377141 0.195315 0.377300 0.050244 
0.367666 0.001515 0.372391 0.258428 
0.394550 0.000022 0.321236 0.284191 
0.390198 0.048262 0.370014 0.191526 
0.382073 0.003761 0.364866 0.249300 
0.361069 0.000005 0.357465 0.281461 
0.395269 0.000000 0.251637 0.353093 
0.355206 0.000000 0.262329 0.382464 
0.360766 0.000000 0.272939 0.366295 
0.340371 0.000000 0.328386 0.331243 
0.377343 0.000853 0.363633 0.258172 
0.335980 0.000000 0.343003 0.321017 
0.272177 0.000000 0.369156 0.358667 
0.337661 0.000000 0.292665 0.369675 
0.362361 0.000000 0.314083 0.323556 
0.356301 0.000000 0.257866 0.385833 
0.348901 0.000000 0.312263 0.338836 
0.351862 0.000000 0.262211 0.385926 
0.352179 0.000000 0.332773 0.315047 
0.391793 0.005655 0.358350 0.244201 
0.387073 0.116165 0.375373 0.121390 
0.373009 0.012978 0.375243 0.238770 
0.392077 0.076096 0.369284 0.162543 
0.381441 0.015155 0.369138 0.234266 
0.441025 0.071922 0.310155 0.176898 
0.528186 0.138187 0.190819 0.142808 
0.480711 0.144790 0.259933 0.114566 
0.377224 0.219866 0.375502 0.027407 
0.408578 0.153198 0.352483 0.085741 
0.397578 0.061104 0.365312 0.176006 
0.379597 0.152093 0.376988 0.091322 
0.361536 0.025702 0.366865 0.245897 
0.363058 0.173857 0.362268 0.100816 
0.365199 0.122618 0.368973 0.143209 
0.360418 0.022907 0.363604 0.253071 
0.374956 0.098145 0.377792 0.149107 
0.346092 0.000060 0.367548 0.286300 
0.356640 0.008039 0.354569 0.280751 
0.365992 0.115050 0.373840 0.145118 
0.360501 0.154265 0.364945 0.120289 
0.363007 0.030267 0.372397 0.234329 
0.371385 0.073633 0.376551 0.178430 
0.372931 0.142158 0.377656 0.107254 
0.397391 0.124070 0.363985 0.114554 
0.371392 0.054716 0.373331 0.200561 
0.371018 0.190587 0.376631 0.061764 
0.361051 0.107204 0.342104 0.189641 
0.362597 0.134884 0.358393 0.144126 
0.361087 0.045643 0.361822 0.231448 
0.358531 0.008464 0.339112 0.293893 
0.360260 0.042687 0.334275 0.262778 
0.363009 0.116125 0.213713 0.307152 
0.362238 0.320309 0.026925 0.290528 
0.361418 0.275453 0.328095 0.035034 
0.361073 0.123906 0.342369 0.172652 
0.362462 0.240258 0.338927 0.058353 
