0.251320 0.250666 0.246575 0.251438 
0.285135 0.283286 0.277375 0.154203 
0.315721 0.242368 0.265450 0.176461 
0.298477 0.212761 0.275467 0.213294 
0.338042 0.288612 0.338976 0.034370 
0.343373 0.315649 0.340977 0.000001 
0.336716 0.328431 0.334853 0.000000 
0.333676 0.330803 0.335521 0.000000 
0.338088 0.322249 0.339663 0.000000 
0.340742 0.325307 0.333950 0.000000 
0.347807 0.326298 0.325894 0.000000 
0.341624 0.326828 0.331548 0.000000 
0.338639 0.327832 0.333529 0.000000 
0.339731 0.326566 0.333704 0.000000 
0.336139 0.337277 0.326585 0.000000 
0.333309 0.335228 0.331463 0.000000 
0.331720 0.336353 0.331927 0.000000 
0.332680 0.332923 0.334397 0.000000 
0.333056 0.330199 0.336745 0.000000 
0.333389 0.328983 0.337628 0.000000 
0.334144 0.325836 0.340020 0.000000 
0.341020 0.311889 0.347090 0.000000 
0.337419 0.320531 0.342050 0.000000 
0.333930 0.331083 0.334987 0.000000 
0.334252 0.329668 0.336079 0.000000 
0.332753 0.334484 0.332763 0.000000 
0.333348 0.331132 0.335521 0.000000 
0.351723 0.340258 0.308020 0.000000 
0.348368 0.349951 0.301682 0.000000 
0.352267 0.348322 0.299411 0.000000 
0.363844 0.359738 0.276417 0.000001 
0.361224 0.367066 0.271697 0.000012 
0.360177 0.366501 0.273322 0.000001 
0.372355 0.382000 0.245518 0.000127 
0.352057 0.364282 0.000000 0.283661 
0.381024 0.394134 0.010269 0.214573 
0.369353 0.374290 0.000183 0.256174 
0.384033 0.392743 0.019473 0.203751 
0.388241 0.396412 0.165856 0.049490 
0.375106 0.389865 0.233531 0.001499 
0.382425 0.392816 0.210618 0.014141 
0.381423 0.379795 0.002887 0.235894 
0.360616 0.371234 0.000110 0.268040 
0.373238 0.365904 0.000089 0.260769 
0.386889 0.351629 0.000495 0.260987 
0.388173 0.332612 0.000087 0.279128 
0.403781 0.324546 0.001489 0.270184 
0.426288 0.307641 0.104775 0.161296 
0.422338 0.284042 0.289523 0.004096 
0.416633 0.273016 0.306648 0.003702 
0.410276 0.248779 0.322184 0.018761 
0.410004 0.009735 0.311558 0.268703 
0.423286 0.155341 0.314803 0.106570 
0.410829 0.173038 0.338217 0.077916 
0.399688 0.219914 0.350462 0.029936 
0.382867 0.230408 0.368544 0.018182 
0.383053 0.201597 0.385185 0.030165 
0.370105 0.000889 0.379401 0.249605 
0.380146 0.143875 0.401226 0.074754 
0.376349 0.127745 0.406613 0.089294 
0.379016 0.100715 0.400070 0.120199 
0.386494 0.130493 0.385059 0.097954 
0.377321 0.012430 0.384167 0.226082 
0.369312 0.000012 0.345328 0.285347 
0.392353 0.000189 0.324553 0.282905 
0.380997 0.000015 0.324152 0.294836 
0.396065 0.014831 0.354025 0.235078 
0.426452 0.138169 0.311008 0.124371 
0.411446 0.133175 0.342125 0.113253 
0.410392 0.116513 0.342853 0.130242 
0.395764 0.124832 0.372943 0.106461 
0.397966 0.008081 0.334889 0.259065 
0.406477 0.179072 0.333453 0.080998 
0.404260 0.254752 0.327976 0.013013 
0.397797 0.287776 0.313890 0.000537 
0.399297 0.283266 0.316351 0.001086 
0.370154 0.286219 0.343538 0.000090 
0.359297 0.284665 0.356032 0.000006 
0.386239 0.273633 0.339614 0.000514 
0.383856 0.314342 0.301791 0.000011 
0.386813 0.218173 0.325409 0.069606 
0.389541 0.281877 0.328285 0.000297 
0.382163 0.139345 0.358450 0.120042 
0.377416 0.001234 0.352889 0.268461 
0.367933 0.000010 0.333343 0.298714 
0.378075 0.000694 0.342167 0.279064 
0.378303 0.000019 0.328532 0.293145 
0.407806 0.059668 0.341489 0.191038 
0.404343 0.008605 0.332606 0.254446 
0.386388 0.000174 0.341977 0.271461 
0.408680 0.045419 0.336814 0.209088 
0.414672 0.098242 0.340729 0.146356 
0.405888 0.104414 0.357235 0.132462 
0.415913 0.152042 0.333709 0.098337 
0.395201 0.247189 0.348757 0.008853 
0.396187 0.245743 0.341310 0.016759 
0.385881 0.000076 0.303549 0.310494 
0.363576 0.000000 0.323312 0.313111 
0.395078 0.004637 0.345664 0.254621 
0.419938 0.074985 0.323053 0.182024 
0.425536 0.129120 0.315728 0.129616 
0.430408 0.198037 0.294930 0.076625 
0.438690 0.218093 0.237465 0.105752 
0.428729 0.285139 0.260259 0.025873 
0.433866 0.300623 0.109796 0.155716 
0.436549 0.262351 0.062619 0.238481 
0.438429 0.271144 0.184700 0.105728 
0.434549 0.296527 0.135715 0.133208 
0.427338 0.301691 0.038781 0.232190 
0.429462 0.300897 0.085651 0.183991 
0.426564 0.251113 0.296280 0.026044 
0.432297 0.273881 0.105501 0.188321 
0.436237 0.158727 0.280178 0.124858 
0.435935 0.108445 0.239274 0.216346 
0.428365 0.180637 0.090425 0.300573 
0.409219 0.114484 0.131817 0.344479 
0.425635 0.043395 0.235554 0.295416 
0.403174 0.002660 0.323972 0.270194 
0.375985 0.000014 0.337528 0.286472 
0.385557 0.000007 0.313919 0.300518 
0.396199 0.005030 0.254245 0.344526 
0.402469 0.003267 0.316334 0.277929 
0.406380 0.013377 0.330417 0.249826 
0.397264 0.001268 0.333378 0.268090 
0.394537 0.047403 0.365499 0.192561 
0.329001 0.187316 0.479456 0.004227 
0.382521 0.246620 0.366398 0.004462 
0.357608 0.244471 0.397744 0.000177 
0.304927 0.212872 0.482138 0.000063 
0.278223 0.191646 0.529995 0.000136 
0.368047 0.284166 0.347524 0.000263 
0.387495 0.322519 0.289540 0.000446 
0.396696 0.339992 0.253934 0.009378 
0.372741 0.327655 0.299599 0.000005 
0.382780 0.345628 0.271148 0.000443 
0.402057 0.335363 0.241152 0.021428 
0.401543 0.306792 0.000949 0.290716 
0.412997 0.319484 0.019713 0.247805 
0.424352 0.309790 0.148371 0.117487 
0.375934 0.221639 0.012053 0.390374 
0.233576 0.086182 0.025679 0.654563 
0.233439 0.113570 0.007806 0.645185 
0.300668 0.163618 0.011145 0.524570 
0.282929 0.144484 0.010611 0.561975 
0.197505 0.110952 0.000966 0.690578 
0.205084 0.112258 0.003419 0.679239 
0.228989 0.121001 0.004957 0.645053 
0.330265 0.097803 0.088430 0.483502 
0.293697 0.043683 0.116889 0.545731 
0.322316 0.112955 0.068990 0.495740 
0.336608 0.128831 0.066589 0.467972 
0.350896 0.172906 0.036354 0.439843 
0.346712 0.087376 0.107976 0.457936 
0.399597 0.139545 0.106175 0.354683 
0.431790 0.096735 0.234265 0.237210 
0.427058 0.146995 0.126801 0.299145 
0.423552 0.170475 0.104659 0.301314 
0.397664 0.214672 0.035313 0.352351 
0.384063 0.028893 0.215527 0.371517 
0.373676 0.000263 0.271188 0.354873 
0.353097 0.000000 0.302921 0.343982 
0.314363 0.000001 0.261063 0.424574 
0.282449 0.000000 0.280802 0.436749 
0.321920 0.000000 0.302510 0.375570 
0.341430 0.000492 0.238185 0.419893 
0.411198 0.222558 0.311467 0.054777 
0.417471 0.221455 0.310901 0.050174 
0.415065 0.288618 0.292205 0.004113 
0.414448 0.283854 0.295573 0.006124 
0.413880 0.177862 0.300350 0.107908 
0.402467 0.241077 0.337820 0.018636 
0.399180 0.277589 0.321587 0.001643 
0.414804 0.141387 0.323859 0.119950 
0.403543 0.134627 0.350501 0.111330 
0.385263 0.143672 0.389741 0.081323 
0.391520 0.134874 0.376625 0.096982 
0.391715 0.119482 0.376910 0.111893 
0.396320 0.045422 0.362163 0.196095 
0.386008 0.003056 0.358877 0.252059 
0.390351 0.113239 0.380709 0.115701 
0.390357 0.074499 0.376085 0.159060 
0.383964 0.008602 0.369981 0.237452 
0.353753 0.000000 0.317684 0.328563 
0.347579 0.000000 0.336717 0.315704 
0.380727 0.016302 0.384849 0.218121 
0.391704 0.072475 0.371995 0.163827 
0.374219 0.003060 0.373366 0.249355 
0.357839 0.000046 0.371642 0.270474 
0.343680 0.000000 0.357714 0.298606 
0.340342 0.000000 0.357868 0.301790 
0.346722 0.000000 0.350739 0.302539 
0.359562 0.000003 0.344549 0.295886 
0.363519 0.000003 0.338619 0.297860 
0.363846 0.000014 0.349356 0.286783 
0.355763 0.000000 0.323981 0.320257 
0.367213 0.000003 0.328763 0.304020 
0.345862 0.000000 0.310111 0.344027 
0.355326 0.000000 0.314377 0.330296 
0.370855 0.000001 0.318708 0.310436 
0.384015 0.000085 0.331801 0.284100 
0.399327 0.001425 0.323538 0.275710 
0.391723 0.022447 0.354247 0.231583 
0.420208 0.104459 0.312166 0.163168 
0.431133 0.144377 0.300331 0.124159 
0.439110 0.169804 0.244461 0.146625 
0.437324 0.151092 0.275681 0.135903 
0.429840 0.059721 0.290998 0.219440 
0.431214 0.035985 0.283314 0.249487 
0.430264 0.066884 0.300856 0.201996 
0.436862 0.172647 0.154093 0.236398 
0.444254 0.134779 0.214581 0.206386 
0.433120 0.085702 0.195694 0.285484 
0.427678 0.132189 0.134799 0.305334 
0.420036 0.128209 0.128323 0.323433 
0.434079 0.119971 0.261546 0.184404 
0.434157 0.265570 0.140310 0.159964 
0.434564 0.256292 0.117768 0.191376 
0.404632 0.166071 0.089191 0.340106 
0.388850 0.002626 0.266467 0.342057 
0.401971 0.000540 0.308486 0.289003 
0.401895 0.001861 0.305522 0.290722 
0.374679 0.003865 0.263138 0.358319 
0.371142 0.000004 0.296795 0.332059 
0.396752 0.003231 0.338144 0.261874 
0.403461 0.149023 0.348197 0.099320 
0.392045 0.075946 0.371151 0.160858 
0.380556 0.166022 0.395204 0.058218 
0.380944 0.068379 0.401616 0.149061 
0.380334 0.110769 0.405240 0.103657 
0.382868 0.083706 0.403776 0.129650 
0.364518 0.000107 0.384457 0.250917 
0.375786 0.003020 0.391477 0.229717 
0.382430 0.028669 0.399012 0.189888 
0.383886 0.045146 0.400758 0.170210 
0.388977 0.135274 0.397577 0.078172 
0.386113 0.006234 0.372702 0.234951 
0.386442 0.173191 0.379128 0.061238 
0.361050 0.265786 0.373091 0.000073 
0.339648 0.305706 0.354646 0.000000 
0.348734 0.287905 0.363361 0.000000 
0.378999 0.194607 0.368595 0.057799 
0.388601 0.150502 0.387033 0.073864 
0.409546 0.079640 0.360601 0.150214 
0.411693 0.087017 0.351647 0.149644 
0.401825 0.023585 0.361990 0.212600 
0.394593 0.001126 0.348490 0.255791 
0.382515 0.000021 0.336954 0.280510 
0.389412 0.000381 0.345210 0.264997 
0.354447 0.000000 0.339745 0.305809 
0.373576 0.000001 0.317767 0.308657 
0.382559 0.000001 0.304244 0.313195 
0.393576 0.000237 0.272595 0.333592 
0.389273 0.000020 0.285523 0.325184 
0.398757 0.000075 0.281279 0.319889 
0.391741 0.000554 0.254975 0.352729 
0.373024 0.000005 0.277654 0.349317 
0.374442 0.000059 0.258669 0.366829 
0.376669 0.000325 0.246643 0.376363 
0.377527 0.000020 0.271887 0.350566 
0.345797 0.000000 0.315615 0.338588 
0.337093 0.000000 0.339007 0.323901 
0.335912 0.000000 0.335349 0.328738 
0.335873 0.000000 0.349789 0.314338 
0.358332 0.000003 0.358524 0.283141 
0.372524 0.000187 0.377775 0.249513 
0.354745 0.000001 0.372302 0.272951 
0.373122 0.001201 0.390692 0.234985 
0.386901 0.085781 0.401666 0.125652 
0.379577 0.008225 0.394303 0.217895 
0.381842 0.006252 0.390115 0.221792 
0.374501 0.000324 0.378437 0.246738 
0.384310 0.017164 0.393831 0.204695 
0.386984 0.145664 0.396779 0.070572 
0.385906 0.105654 0.401912 0.106527 
0.378924 0.015289 0.395709 0.210078 
0.377614 0.004602 0.389557 0.228227 
0.386490 0.085926 0.400993 0.126591 
0.391314 0.134013 0.390731 0.083942 
0.394207 0.109498 0.387759 0.108536 
0.388111 0.120816 0.399330 0.091743 
0.386471 0.072175 0.401462 0.139893 
0.386616 0.070790 0.401543 0.141052 
0.385374 0.098350 0.403080 0.113196 
0.387616 0.074599 0.395072 0.142713 
0.383345 0.063702 0.400366 0.152587 
0.384448 0.137380 0.402559 0.075612 
0.385026 0.078510 0.401627 0.134837 
0.383314 0.132042 0.402746 0.081898 
0.376502 0.007237 0.396319 0.219942 
0.378069 0.016115 0.397515 0.208301 
0.378869 0.029253 0.395282 0.196596 
0.381005 0.182982 0.400397 0.035616 
0.386655 0.131992 0.393850 0.087502 
0.380378 0.042987 0.400631 0.176004 
0.375786 0.005271 0.381212 0.237731 
0.380168 0.108201 0.402600 0.109031 
0.383074 0.028912 0.394563 0.193451 
0.369262 0.000192 0.380385 0.250161 
0.365270 0.000015 0.368727 0.265988 
0.382033 0.009582 0.384416 0.223969 
0.366910 0.000053 0.372101 0.260936 
0.393533 0.034810 0.372792 0.198865 
0.397002 0.005091 0.340433 0.257474 
0.394507 0.001354 0.336600 0.267539 
0.402126 0.008733 0.342553 0.246588 
0.414051 0.016107 0.322187 0.247655 
0.393691 0.019533 0.351778 0.234998 
0.380698 0.255847 0.362788 0.000666 
0.378684 0.256115 0.364746 0.000454 
0.385554 0.189183 0.379564 0.045699 
0.390219 0.185534 0.383474 0.040772 
0.383845 0.013256 0.387485 0.215414 
0.385501 0.012451 0.372893 0.229156 
0.402131 0.141498 0.359878 0.096493 
0.389867 0.004799 0.358369 0.246965 
0.385440 0.008968 0.380812 0.224780 
0.393837 0.180306 0.378973 0.046884 
0.389493 0.135953 0.397389 0.077164 
0.388813 0.115138 0.394530 0.101519 
0.382944 0.079569 0.402169 0.135318 
0.380524 0.039422 0.397118 0.182936 
0.384648 0.095468 0.403540 0.116345 
0.375119 0.003086 0.393414 0.228380 
0.358597 0.000006 0.373748 0.267649 
0.367859 0.000146 0.384354 0.247641 
0.376166 0.001024 0.383614 0.239196 
0.391724 0.173139 0.385727 0.049410 
0.386476 0.072433 0.391937 0.149154 
0.391575 0.116522 0.391767 0.100136 
0.400848 0.112981 0.371491 0.114679 
0.411542 0.119771 0.349595 0.119092 
0.407772 0.117811 0.361887 0.112530 
0.406230 0.150930 0.357313 0.085528 
0.400988 0.107696 0.372330 0.118986 
0.407864 0.050372 0.347424 0.194341 
0.410519 0.062922 0.343105 0.183454 
0.396043 0.018933 0.359646 0.225378 
0.354740 0.000000 0.324701 0.320559 
0.309166 0.000000 0.280645 0.410189 
0.207044 0.000000 0.201435 0.591522 
0.180257 0.000000 0.168676 0.651066 
0.260886 0.000000 0.250882 0.488232 
0.262321 0.000000 0.235201 0.502478 
0.215060 0.000000 0.209195 0.575745 
0.314057 0.000000 0.290289 0.395653 
0.300715 0.000000 0.302944 0.396341 
0.359168 0.000011 0.368938 0.271883 
0.362610 0.000034 0.373750 0.263605 
0.373068 0.000005 0.335942 0.290986 
0.417221 0.131616 0.336416 0.114747 
0.393893 0.093806 0.377214 0.135087 
0.405267 0.113420 0.350957 0.130356 
0.407381 0.107779 0.337406 0.147434 
0.362423 0.000005 0.340274 0.297297 
0.380109 0.002236 0.359489 0.258166 
0.289744 0.000000 0.285125 0.425131 
0.353677 0.000008 0.357270 0.289045 
0.323355 0.000000 0.339345 0.337300 
0.337364 0.000000 0.308819 0.353817 
0.305210 0.000001 0.261307 0.433482 
0.321864 0.000001 0.283053 0.395083 
0.317669 0.000011 0.262791 0.419529 
0.234971 0.000030 0.180647 0.584352 
0.362131 0.000040 0.287810 0.350018 
0.378319 0.000223 0.290896 0.330562 
0.368315 0.008548 0.236837 0.386300 
0.406747 0.180784 0.084187 0.328281 
0.418427 0.195273 0.094207 0.292093 
0.424538 0.261282 0.171711 0.142468 
0.426429 0.217353 0.199259 0.156958 
0.383316 0.000656 0.330122 0.285906 
0.386674 0.012649 0.335890 0.264787 
0.311525 0.000000 0.334932 0.353543 
0.326576 0.000001 0.390151 0.283272 
0.358980 0.124613 0.433171 0.083236 
0.376541 0.035467 0.384595 0.203397 
0.351530 0.003924 0.420286 0.224260 
0.291288 0.058588 0.553929 0.096195 
0.208187 0.022755 0.684518 0.084540 
0.222365 0.031732 0.664024 0.081880 
0.258546 0.014007 0.601574 0.125873 
0.272222 0.003390 0.559397 0.164990 
0.263524 0.000029 0.541988 0.194459 
0.269293 0.011141 0.558447 0.161119 
0.245761 0.000008 0.553905 0.200327 
0.262860 0.000009 0.524073 0.213058 
0.298336 0.000002 0.429024 0.272638 
0.329619 0.000015 0.391611 0.278755 
0.269693 0.000135 0.521112 0.209061 
0.330110 0.000314 0.413428 0.256148 
0.370399 0.002026 0.343968 0.283608 
0.357954 0.138614 0.391151 0.112281 
0.316293 0.236677 0.446460 0.000570 
0.191345 0.000001 0.613893 0.194760 
0.222644 0.000000 0.413490 0.363866 
0.203410 0.000647 0.663401 0.132541 
0.181598 0.043883 0.713640 0.060880 
0.162509 0.005563 0.739508 0.092420 
0.268212 0.089296 0.584751 0.057740 
0.370217 0.115363 0.397139 0.117282 
0.354750 0.126563 0.426610 0.092076 
0.351713 0.129318 0.428445 0.090524 
0.334246 0.080766 0.467511 0.117477 
0.392135 0.000271 0.304380 0.303214 
0.369964 0.000026 0.314302 0.315707 
0.286556 0.000000 0.453436 0.260008 
0.280574 0.000002 0.494067 0.225357 
0.319108 0.000001 0.410339 0.270552 
0.290731 0.000000 0.455568 0.253701 
0.350642 0.000001 0.342222 0.307135 
0.336441 0.000000 0.377928 0.285630 
0.363183 0.001180 0.376809 0.258827 
0.321365 0.000001 0.410657 0.267977 
0.410592 0.040737 0.316031 0.232640 
0.392830 0.000324 0.311518 0.295327 
0.405701 0.004691 0.295893 0.293715 
0.394621 0.018178 0.342688 0.244513 
0.414279 0.146589 0.319542 0.119590 
0.426700 0.121619 0.258785 0.192896 
0.422730 0.152959 0.170435 0.253877 
0.421029 0.159535 0.233231 0.186205 
0.424250 0.223962 0.160699 0.191089 
0.412828 0.172966 0.106181 0.308025 
0.422140 0.275840 0.177812 0.124208 
0.411823 0.274363 0.040686 0.273129 
0.416348 0.297981 0.161928 0.123744 
0.419171 0.217571 0.119987 0.243272 
0.424430 0.191573 0.190887 0.193110 
0.420715 0.176221 0.256870 0.146195 
0.414271 0.050250 0.281009 0.254470 
0.420428 0.158295 0.149117 0.272160 
0.406969 0.196323 0.073560 0.323149 
0.409089 0.285252 0.012175 0.293484 
0.411560 0.321245 0.098100 0.169094 
0.404974 0.333338 0.090916 0.170772 
0.401577 0.344193 0.090196 0.164033 
0.403759 0.336949 0.063380 0.195912 
0.406105 0.323790 0.022176 0.247930 
0.408553 0.329931 0.130113 0.131403 
0.397346 0.341611 0.073391 0.187652 
0.385368 0.335958 0.005660 0.273014 
0.404568 0.313781 0.053058 0.228594 
0.395134 0.298158 0.303872 0.002836 
0.401442 0.313124 0.026472 0.258962 
0.398310 0.305665 0.009388 0.286637 
0.401060 0.333680 0.107816 0.157444 
0.382847 0.320746 0.000476 0.295932 
0.376333 0.323439 0.005666 0.294562 
0.348444 0.277813 0.000053 0.373690 
0.368551 0.246537 0.016650 0.368262 
0.401598 0.226840 0.059429 0.312133 
0.390853 0.120290 0.139724 0.349133 
0.388270 0.084296 0.177329 0.350104 
0.369913 0.087825 0.153587 0.388675 
0.367376 0.101828 0.134022 0.396774 
0.361823 0.161603 0.070921 0.405653 
0.358919 0.161051 0.066225 0.413805 
0.363021 0.089190 0.138169 0.409620 
0.358990 0.126574 0.098937 0.415500 
0.346632 0.245892 0.002603 0.404873 
0.340630 0.258522 0.000397 0.400451 
0.336233 0.259501 0.000487 0.403778 
0.344325 0.252741 0.001858 0.401077 
0.346938 0.251108 0.004212 0.397743 
0.354968 0.232899 0.014036 0.398097 
0.361915 0.176489 0.060335 0.401261 
0.360351 0.148594 0.091133 0.399922 
0.350253 0.174328 0.057359 0.418059 
0.350150 0.179054 0.053961 0.416836 
0.359473 0.083798 0.153285 0.403444 
0.361303 0.131951 0.103140 0.403606 
0.359526 0.024123 0.224959 0.391392 
0.355221 0.076985 0.157375 0.410418 
0.357146 0.113803 0.113302 0.415748 
0.342311 0.004467 0.249920 0.403302 
0.346101 0.001049 0.265237 0.387614 
0.296134 0.000000 0.378557 0.325309 
0.244898 0.000000 0.460614 0.294488 
0.279997 0.000000 0.391277 0.328726 
0.255976 0.000000 0.434513 0.309511 
0.291959 0.000000 0.365872 0.342169 
0.283612 0.000000 0.387577 0.328812 
0.310614 0.000000 0.358811 0.330575 
0.311771 0.000000 0.335257 0.352972 
0.276762 0.000000 0.395771 0.327467 
0.320868 0.000000 0.332958 0.346174 
0.360205 0.000693 0.260359 0.378743 
0.321812 0.000000 0.351221 0.326967 
0.301264 0.000000 0.388246 0.310489 
0.338059 0.000164 0.287729 0.374048 
0.335208 0.000014 0.289168 0.375610 
0.350273 0.004842 0.245640 0.399244 
0.371402 0.072971 0.151786 0.403840 
0.365789 0.197099 0.032064 0.405048 
0.363747 0.228974 0.007840 0.399439 
0.366516 0.224968 0.009749 0.398766 
0.372244 0.181103 0.043037 0.403616 
0.366675 0.213088 0.015924 0.404313 
0.369729 0.037898 0.191584 0.400790 
0.361198 0.002984 0.238891 0.396927 
0.340602 0.000011 0.272518 0.386869 
0.328186 0.000000 0.295497 0.376317 
0.333160 0.000001 0.287668 0.379171 
0.298531 0.000000 0.369996 0.331473 
0.290480 0.000000 0.377071 0.332449 
0.296560 0.000000 0.357721 0.345719 
0.330645 0.000000 0.297514 0.371841 
0.221541 0.000000 0.572728 0.205731 
0.228965 0.000003 0.586632 0.184400 
0.189239 0.000004 0.657388 0.153369 
0.198224 0.000000 0.570588 0.231188 
0.219406 0.000000 0.516761 0.263832 
0.283410 0.000000 0.394778 0.321812 
0.227674 0.000001 0.533247 0.239078 
0.235916 0.000004 0.534799 0.229281 
0.261711 0.000002 0.503899 0.234389 
0.254072 0.000160 0.560934 0.184833 
0.331200 0.015210 0.450153 0.203436 
0.384127 0.114283 0.370817 0.130773 
0.396889 0.002913 0.294488 0.305710 
0.364067 0.000006 0.322661 0.313266 
0.382672 0.006595 0.345902 0.264830 
0.408367 0.019448 0.261773 0.310412 
0.422068 0.093791 0.195200 0.288941 
0.433171 0.191714 0.185171 0.189944 
0.420149 0.081112 0.271751 0.226988 
0.409044 0.064128 0.320825 0.206004 
0.404584 0.052419 0.325826 0.217171 
0.398790 0.030895 0.344521 0.225794 
0.407692 0.029827 0.320365 0.242116 
0.401852 0.012695 0.330115 0.255338 
0.381952 0.000021 0.307752 0.310276 
0.397057 0.000357 0.303045 0.299541 
0.390814 0.029933 0.352033 0.227220 
0.340188 0.042491 0.464108 0.153213 
0.376691 0.092859 0.399601 0.130849 
0.369838 0.130171 0.418270 0.081721 
0.423979 0.131299 0.311440 0.133281 
0.425986 0.128153 0.309179 0.136682 
0.427339 0.056005 0.286567 0.230088 
0.425834 0.069295 0.288774 0.216097 
0.384121 0.041408 0.379437 0.195034 
0.339996 0.066746 0.461271 0.131987 
0.374833 0.111908 0.389490 0.123770 
0.404521 0.131205 0.328732 0.135542 
0.378247 0.064680 0.369950 0.187123 
0.393807 0.065629 0.329938 0.210626 
0.400151 0.142528 0.326434 0.130887 
0.403484 0.071334 0.320285 0.204897 
0.404856 0.020086 0.304067 0.270990 
0.397288 0.036623 0.238492 0.327596 
0.417430 0.158465 0.145181 0.278925 
0.419285 0.139973 0.167033 0.273709 
0.402311 0.228429 0.043826 0.325435 
0.341067 0.232098 0.002430 0.424406 
0.382628 0.037082 0.270108 0.310182 
0.408445 0.127939 0.170742 0.292874 
0.396078 0.127594 0.127883 0.348445 
0.398594 0.111726 0.149660 0.340020 
0.385493 0.274811 0.007811 0.331885 
0.378664 0.380489 0.120505 0.120342 
0.378668 0.382491 0.096152 0.142689 
0.364398 0.418034 0.105571 0.111997 
0.350077 0.414089 0.232381 0.003453 
0.339874 0.444636 0.199209 0.016281 
0.330240 0.449625 0.211796 0.008339 
0.358966 0.358388 0.282577 0.000068 
0.297098 0.438328 0.264562 0.000012 
0.300273 0.422930 0.276796 0.000000 
0.346005 0.430167 0.217837 0.005991 
0.324115 0.398030 0.277852 0.000004 
0.368651 0.326022 0.305316 0.000010 
0.383195 0.334514 0.281794 0.000497 
0.394031 0.336635 0.251682 0.017652 
0.395355 0.327334 0.271080 0.006231 
0.391349 0.318956 0.289303 0.000393 
0.396011 0.346361 0.226010 0.031617 
0.384446 0.352583 0.232776 0.030195 
0.411850 0.316430 0.139679 0.132041 
0.405853 0.281167 0.018140 0.294840 
0.399519 0.240036 0.029985 0.330461 
0.401431 0.033787 0.244950 0.319833 
0.425727 0.259133 0.139557 0.175583 
0.420123 0.117413 0.181807 0.280656 
0.412039 0.108637 0.158461 0.320863 
0.419876 0.140383 0.138424 0.301317 
0.423699 0.073091 0.271242 0.231968 
0.426739 0.123198 0.220150 0.229913 
0.429295 0.115723 0.220786 0.234196 
0.429448 0.153781 0.279089 0.137681 
0.420513 0.126577 0.304958 0.147952 
0.433426 0.194501 0.164365 0.207708 
0.435707 0.234955 0.168830 0.160508 
0.425690 0.140863 0.297259 0.136188 
0.409651 0.007586 0.292841 0.289922 
0.396285 0.003953 0.323750 0.276012 
0.416071 0.008430 0.288410 0.287090 
0.421325 0.074049 0.269154 0.235472 
0.435236 0.251918 0.185383 0.127462 
0.430662 0.279379 0.229766 0.060193 
0.426049 0.287596 0.200929 0.085427 
0.424227 0.278256 0.018566 0.278951 
0.412190 0.222929 0.038053 0.326827 
0.420022 0.209325 0.066252 0.304401 
0.432016 0.211987 0.130834 0.225163 
0.423538 0.266358 0.246000 0.064104 
0.421084 0.151204 0.184448 0.243265 
0.432726 0.244476 0.164504 0.158294 
0.431105 0.252841 0.119143 0.196911 
0.424507 0.197034 0.082569 0.295889 
0.409134 0.212359 0.044623 0.333884 
0.363162 0.135149 0.073007 0.428682 
0.306287 0.097272 0.063562 0.532879 
0.412213 0.140026 0.108416 0.339345 
0.434823 0.187207 0.099935 0.278035 
0.441414 0.176551 0.168256 0.213780 
0.441879 0.200618 0.176972 0.180531 
0.409382 0.119176 0.122360 0.349082 
0.317125 0.001056 0.198019 0.483800 
0.290713 0.000364 0.193724 0.515199 
0.361749 0.014136 0.200176 0.423938 
0.301081 0.049992 0.103289 0.545637 
0.321096 0.083159 0.080210 0.515535 
0.383196 0.104624 0.115433 0.396748 
0.399065 0.129058 0.110033 0.361844 
0.421690 0.105860 0.151647 0.320803 
0.419662 0.093994 0.161631 0.324713 
0.418327 0.033737 0.225793 0.322143 
0.437656 0.220022 0.140045 0.202277 
0.439403 0.165518 0.221815 0.173264 
0.441421 0.173307 0.249134 0.136139 
0.442436 0.216142 0.244145 0.097278 
0.441066 0.189554 0.280253 0.089127 
0.447655 0.159576 0.233053 0.159716 
0.442490 0.137923 0.152433 0.267155 
0.440854 0.119989 0.164806 0.274351 
0.439625 0.155078 0.150198 0.255099 
0.419131 0.040119 0.223280 0.317469 
0.398626 0.065657 0.169545 0.366172 
0.402095 0.045209 0.197900 0.354795 
0.396305 0.035076 0.209952 0.358668 
0.391184 0.226567 0.016949 0.365300 
0.382421 0.181646 0.051530 0.384404 
0.382584 0.024048 0.217332 0.376036 
0.378938 0.004943 0.255696 0.360423 
0.396364 0.066530 0.184681 0.352425 
0.408778 0.107151 0.156076 0.327995 
0.419092 0.118647 0.161776 0.300484 
0.407433 0.053023 0.220619 0.318925 
0.420012 0.148629 0.132300 0.299059 
0.401021 0.010094 0.309508 0.279377 
0.409959 0.104917 0.308792 0.176332 
0.382851 0.140315 0.367827 0.109007 
0.318378 0.000007 0.408433 0.273182 
0.294518 0.000000 0.333177 0.372305 
0.364515 0.076534 0.374594 0.184358 
0.354005 0.075783 0.383941 0.186271 
0.354490 0.032975 0.387252 0.225283 
0.400692 0.169419 0.320499 0.109390 
0.347002 0.060772 0.426462 0.165764 
0.383631 0.046503 0.349289 0.220578 
0.363237 0.005369 0.372924 0.258470 
0.360877 0.015124 0.383787 0.240212 
0.391363 0.254529 0.330259 0.023849 
0.400649 0.292165 0.113622 0.193564 
0.403994 0.310557 0.203083 0.082366 
0.412770 0.255022 0.264554 0.067654 
0.406380 0.292831 0.255903 0.044886 
0.400033 0.281773 0.045675 0.272518 
0.393397 0.280930 0.020872 0.304801 
0.397369 0.327169 0.183492 0.091970 
0.391348 0.339143 0.053482 0.216028 
0.395993 0.341219 0.135330 0.127459 
0.393924 0.342004 0.157935 0.106136 
0.387528 0.355093 0.090126 0.167253 
0.400246 0.341267 0.106343 0.152143 
0.394536 0.357643 0.132587 0.115234 
0.397778 0.357486 0.122631 0.122104 
0.397659 0.348800 0.076891 0.176650 
0.401404 0.327925 0.027303 0.243367 
0.390473 0.341595 0.008810 0.259122 
0.381398 0.318830 0.000471 0.299301 
0.397757 0.319724 0.006437 0.276082 
0.401677 0.344100 0.106642 0.147581 
0.412860 0.323690 0.103420 0.160030 
0.386978 0.295103 0.002673 0.315246 
0.323116 0.242164 0.000371 0.434350 
0.351052 0.243928 0.001024 0.403996 
0.271170 0.152533 0.007739 0.568559 
0.359721 0.205961 0.021059 0.413259 
0.321433 0.044243 0.134189 0.500135 
0.394544 0.078188 0.164130 0.363137 
0.351479 0.115620 0.098140 0.434761 
0.341867 0.091008 0.096866 0.470259 
0.345200 0.039519 0.161101 0.454180 
0.387368 0.100194 0.135594 0.376844 
0.423325 0.065274 0.239489 0.271913 
0.422431 0.071582 0.212634 0.293353 
0.427234 0.109137 0.270916 0.192713 
0.414124 0.008025 0.297517 0.280334 
0.394332 0.010347 0.257062 0.338260 
0.402498 0.208184 0.051826 0.337491 
0.411491 0.270010 0.010104 0.308395 
0.406716 0.275976 0.007908 0.309400 
0.393986 0.297154 0.000134 0.308726 
0.412967 0.307937 0.009976 0.269120 
0.407482 0.320434 0.014667 0.257417 
0.403290 0.321823 0.019834 0.255053 
0.400890 0.333286 0.191690 0.074134 
0.341859 0.284078 0.000002 0.374062 
0.353272 0.295204 0.000001 0.351523 
0.348502 0.299055 0.000001 0.352442 
0.380995 0.323472 0.000094 0.295439 
0.379395 0.357137 0.007296 0.256172 
0.383992 0.368618 0.187307 0.060083 
0.372250 0.388553 0.110793 0.128404 
0.369116 0.373317 0.251760 0.005806 
0.324112 0.339509 0.336379 0.000000 
0.358764 0.378701 0.113162 0.149373 
0.334447 0.377293 0.288258 0.000002 
0.305137 0.362664 0.332199 0.000000 
0.318754 0.376955 0.304291 0.000000 
0.328855 0.392630 0.278504 0.000011 
0.337611 0.403617 0.247888 0.010884 
0.316760 0.386800 0.296440 0.000001 
0.314888 0.386000 0.299106 0.000007 
0.335346 0.401260 0.263119 0.000275 
0.334287 0.403795 0.261232 0.000685 
0.347035 0.413361 0.188522 0.051081 
0.353206 0.405700 0.177841 0.063252 
0.356329 0.413298 0.085983 0.144390 
0.354687 0.417626 0.085288 0.142399 
0.355359 0.416654 0.100776 0.127210 
0.356761 0.408618 0.046604 0.188016 
0.361841 0.410562 0.099061 0.128535 
0.355979 0.406601 0.203094 0.034326 
0.358089 0.413787 0.113943 0.114181 
0.352383 0.391924 0.001573 0.254120 
0.355165 0.402643 0.045913 0.196279 
0.359204 0.412848 0.105518 0.122430 
0.352689 0.417976 0.122209 0.107126 
0.353248 0.406038 0.012245 0.228469 
0.349523 0.402884 0.001715 0.245879 
0.353282 0.410162 0.212275 0.024281 
0.355450 0.410618 0.162597 0.071334 
0.351319 0.410960 0.030171 0.207551 
0.314149 0.371450 0.000000 0.314402 
0.322226 0.376637 0.000000 0.301137 
0.335787 0.369486 0.000001 0.294727 
0.332805 0.360703 0.000000 0.306491 
0.332389 0.358727 0.000001 0.308884 
0.352736 0.377944 0.000712 0.268608 
0.356580 0.378173 0.000203 0.265044 
0.357507 0.375509 0.000393 0.266591 
0.372697 0.382783 0.115339 0.129180 
0.360356 0.397092 0.229637 0.012916 
0.346887 0.390066 0.260439 0.002608 
0.346570 0.390540 0.175652 0.087239 
0.347488 0.374173 0.278132 0.000207 
0.353682 0.382677 0.260094 0.003548 
0.365415 0.394407 0.048276 0.191902 
0.363626 0.392147 0.035111 0.209115 
0.362538 0.402570 0.196921 0.037972 
0.361769 0.403719 0.216229 0.018283 
0.364006 0.405051 0.058515 0.172428 
0.368166 0.400369 0.130546 0.100920 
0.362882 0.407458 0.159831 0.069829 
0.371277 0.394737 0.180269 0.053718 
0.329661 0.352215 0.000000 0.318123 
0.276260 0.306702 0.000000 0.417039 
0.218883 0.241776 0.000000 0.539341 
0.157165 0.180664 0.000000 0.662171 
0.200158 0.225346 0.000000 0.574496 
0.297135 0.314486 0.000000 0.388379 
0.337580 0.362274 0.000000 0.300146 
0.346000 0.367837 0.000016 0.286146 
0.363693 0.384744 0.022490 0.229072 
0.369124 0.399624 0.100246 0.131007 
0.368113 0.407205 0.083622 0.141060 
0.360407 0.407084 0.028583 0.203926 
0.369863 0.406992 0.128567 0.094578 
0.357775 0.399501 0.082917 0.159806 
0.368052 0.409445 0.097655 0.124847 
0.373189 0.402618 0.106885 0.117309 
0.358417 0.393458 0.001538 0.246587 
0.354737 0.379747 0.000322 0.265194 
0.350310 0.372382 0.000008 0.277300 
0.357602 0.383213 0.000213 0.258972 
0.370890 0.385512 0.001436 0.242163 
0.382735 0.390013 0.044365 0.182887 
0.380537 0.393158 0.144824 0.081481 
0.379734 0.391108 0.127182 0.101976 
0.374034 0.397087 0.170658 0.058220 
0.368370 0.389086 0.000647 0.241897 
0.370562 0.383293 0.000406 0.245740 
0.361893 0.381255 0.000036 0.256817 
0.351684 0.376144 0.000002 0.272169 
0.359270 0.385632 0.000485 0.254613 
0.344041 0.371765 0.000001 0.284193 
0.322569 0.351817 0.000000 0.325614 
0.329693 0.339489 0.000000 0.330817 
0.354684 0.340915 0.000000 0.304402 
0.369433 0.342866 0.006103 0.281599 
0.369872 0.328985 0.000001 0.301142 
0.359375 0.299213 0.000000 0.341411 
0.359220 0.265349 0.000308 0.375123 
0.362481 0.269309 0.000008 0.368201 
0.363581 0.274525 0.000004 0.361890 
0.347215 0.290887 0.000000 0.361898 
0.348216 0.286333 0.000003 0.365449 
0.342008 0.297255 0.000001 0.360736 
0.341850 0.301406 0.000002 0.356742 
0.343185 0.327026 0.000000 0.329789 
0.340947 0.324068 0.000000 0.334986 
0.352647 0.320346 0.000000 0.327007 
0.357673 0.330747 0.000000 0.311579 
0.352024 0.324124 0.000000 0.323853 
0.347200 0.316282 0.000000 0.336518 
0.348943 0.307150 0.000000 0.343907 
0.349291 0.315238 0.000000 0.335472 
0.364670 0.313346 0.000000 0.321984 
0.365429 0.340040 0.000004 0.294528 
0.378029 0.361169 0.000224 0.260578 
0.395304 0.379847 0.054344 0.170504 
0.397997 0.380163 0.114678 0.107161 
0.391176 0.378956 0.219822 0.010046 
0.381731 0.364341 0.253735 0.000193 
0.387437 0.371081 0.215840 0.025642 
0.380903 0.357444 0.261614 0.000039 
0.373786 0.357260 0.268947 0.000006 
0.388236 0.357994 0.253559 0.000211 
0.377395 0.346206 0.276394 0.000005 
0.372164 0.350141 0.277693 0.000002 
0.381951 0.361551 0.256011 0.000487 
0.378609 0.350758 0.268477 0.002156 
0.388533 0.341164 0.082027 0.188276 
0.384702 0.357720 0.255990 0.001588 
0.360758 0.334274 0.304968 0.000000 
0.378085 0.337708 0.284186 0.000021 
0.383373 0.331659 0.284934 0.000034 
0.370899 0.317442 0.311659 0.000000 
0.360553 0.286977 0.349793 0.002677 
0.364375 0.281768 0.353856 0.000001 
0.370826 0.270655 0.358452 0.000067 
0.377675 0.279724 0.342497 0.000104 
0.378057 0.278050 0.343887 0.000007 
0.369370 0.275547 0.355078 0.000004 
0.370246 0.273878 0.355872 0.000005 
0.380307 0.298197 0.321495 0.000001 
0.378572 0.268718 0.352623 0.000087 
0.383640 0.259339 0.356865 0.000157 
0.376404 0.283350 0.340232 0.000015 
0.382563 0.292560 0.324873 0.000004 
0.361764 0.302807 0.335429 0.000000 
0.357608 0.326378 0.316014 0.000000 
0.371734 0.340591 0.287666 0.000008 
0.374899 0.356510 0.268549 0.000042 
0.367531 0.357352 0.275106 0.000012 
0.365313 0.361031 0.273645 0.000011 
0.366219 0.370304 0.263056 0.000422 
0.369953 0.359875 0.270099 0.000073 
0.365996 0.365118 0.268813 0.000073 
0.369119 0.374486 0.255962 0.000433 
0.373962 0.366591 0.259331 0.000116 
0.386277 0.382086 0.112137 0.119501 
0.385486 0.382636 0.208930 0.022948 
0.379848 0.396712 0.045878 0.177562 
0.369207 0.390480 0.002408 0.237905 
0.369258 0.381340 0.000355 0.249048 
0.382098 0.395993 0.044333 0.177576 
0.381767 0.403140 0.132248 0.082845 
0.376888 0.398223 0.017231 0.207658 
0.377768 0.401369 0.035893 0.184970 
0.358593 0.385864 0.000065 0.255478 
0.359692 0.379796 0.000061 0.260451 
0.355563 0.380836 0.000020 0.263582 
0.338548 0.359404 0.000000 0.302047 
0.348344 0.376285 0.000141 0.275229 
0.355752 0.381677 0.000029 0.262542 
0.368953 0.394013 0.004147 0.232888 
0.364665 0.400169 0.006076 0.229090 
0.370300 0.399561 0.009918 0.220221 
0.377503 0.403833 0.047601 0.171063 
0.371344 0.395249 0.010273 0.223134 
0.382462 0.401814 0.079725 0.135999 
0.379014 0.402545 0.088007 0.130434 
0.367149 0.389099 0.000528 0.243223 
0.355538 0.382451 0.000033 0.261978 
0.356405 0.381630 0.000024 0.261941 
0.367308 0.391495 0.000933 0.240265 
0.358455 0.382987 0.000100 0.258458 
0.361686 0.382522 0.000047 0.255745 
0.370379 0.387099 0.000991 0.241531 
0.353187 0.371360 0.000065 0.275388 
0.358355 0.377918 0.000014 0.263713 
0.378459 0.397372 0.119033 0.105136 
0.369375 0.391857 0.002799 0.235969 
0.377869 0.399691 0.019484 0.202956 
0.382360 0.397962 0.159087 0.060591 
0.379084 0.403941 0.106730 0.110245 
0.375310 0.397562 0.012954 0.214174 
0.373655 0.388621 0.002657 0.235068 
0.312485 0.334748 0.000000 0.352767 
0.274298 0.307087 0.000000 0.418614 
0.275749 0.305768 0.000000 0.418484 
0.322328 0.354345 0.000000 0.323328 
0.314432 0.343559 0.000000 0.342008 
0.349512 0.376762 0.000003 0.273722 
0.341071 0.368974 0.000000 0.289955 
0.267105 0.290936 0.000000 0.441959 
0.244413 0.274348 0.000000 0.481239 
0.170601 0.183774 0.000000 0.645625 
0.142190 0.160546 0.000000 0.697263 
0.168563 0.192549 0.000000 0.638888 
0.106425 0.125009 0.000000 0.768566 
0.172552 0.199779 0.000000 0.627669 
0.206864 0.237156 0.000000 0.555980 
0.174854 0.192694 0.000000 0.632452 
0.299113 0.314694 0.000000 0.386193 
0.358353 0.384921 0.000219 0.256507 
0.350477 0.370326 0.000021 0.279176 
0.362923 0.363212 0.000027 0.273838 
0.378461 0.370408 0.008408 0.242723 
0.383177 0.375238 0.016398 0.225186 
0.398313 0.369138 0.112423 0.120126 
0.379560 0.371113 0.003178 0.246149 
0.358908 0.354975 0.000002 0.286115 
0.354024 0.359781 0.000002 0.286193 
0.384285 0.394716 0.092044 0.128955 
0.384985 0.393489 0.112079 0.109447 
0.379405 0.393393 0.028908 0.198294 
0.367654 0.383469 0.247414 0.001463 
0.359435 0.377071 0.263459 0.000035 
0.368600 0.378123 0.252650 0.000627 
0.383892 0.387260 0.177209 0.051639 
0.390833 0.383394 0.058989 0.166785 
0.391043 0.366632 0.012116 0.230209 
0.388066 0.379527 0.042259 0.190148 
0.386967 0.385701 0.141143 0.086189 
0.370678 0.373031 0.001883 0.254408 
0.354604 0.362963 0.000004 0.282428 
0.324720 0.319537 0.000000 0.355742 
0.323971 0.311771 0.000000 0.364258 
0.393242 0.376822 0.108161 0.121775 
0.401314 0.352869 0.028072 0.217745 
0.410823 0.345411 0.166953 0.076813 
0.416495 0.338655 0.126425 0.118425 
0.411943 0.340116 0.174110 0.073831 
0.396170 0.349572 0.004517 0.249740 
0.393553 0.356693 0.029589 0.220165 
0.398016 0.359438 0.151394 0.091152 
0.396282 0.364198 0.190002 0.049518 
0.382774 0.372082 0.239222 0.005922 
0.387612 0.371023 0.158367 0.082998 
0.393037 0.379487 0.094512 0.132964 
0.381142 0.389618 0.028578 0.200663 
0.381759 0.394161 0.186799 0.037281 
0.366407 0.383583 0.003825 0.246185 
0.332350 0.344729 0.000000 0.322922 
0.357589 0.379761 0.000110 0.262540 
0.368033 0.380053 0.002833 0.249081 
0.373900 0.367587 0.001969 0.256544 
0.352307 0.321608 0.000000 0.326085 
0.403214 0.344149 0.125767 0.126870 
0.401949 0.338845 0.048769 0.210437 
0.402929 0.336341 0.201690 0.059040 
0.399929 0.337638 0.021387 0.241047 
0.398205 0.337203 0.256046 0.008546 
0.414501 0.320038 0.120922 0.144539 
0.412624 0.316279 0.023851 0.247246 
0.400477 0.332515 0.011157 0.255850 
0.371920 0.305254 0.000003 0.322823 
0.322833 0.252393 0.000003 0.424771 
0.237322 0.133492 0.000616 0.628571 
0.254061 0.165247 0.000015 0.580677 
0.320489 0.216084 0.000035 0.463392 
0.330556 0.214433 0.000158 0.454853 
0.266895 0.092256 0.036996 0.603853 
0.383388 0.086361 0.132753 0.397498 
0.398636 0.138308 0.098865 0.364192 
0.310908 0.000358 0.189455 0.499279 
0.390647 0.001490 0.249873 0.357990 
0.357150 0.000221 0.231898 0.410731 
0.353798 0.005838 0.195515 0.444848 
0.273369 0.091072 0.041755 0.593804 
0.236060 0.140839 0.000021 0.623081 
0.345161 0.234579 0.000465 0.419795 
0.255763 0.176229 0.000001 0.568006 
0.179369 0.123975 0.000000 0.696656 
0.215445 0.199789 0.000000 0.584766 
0.318566 0.215922 0.000006 0.465506 
0.318432 0.255598 0.000000 0.425970 
0.316126 0.212494 0.000007 0.471372 
0.310407 0.157928 0.004567 0.527097 
0.420127 0.326847 0.045328 0.207698 
0.437772 0.296465 0.085171 0.180592 
0.441436 0.242578 0.053445 0.262541 
0.446038 0.140287 0.121226 0.292449 
0.366624 0.058288 0.123843 0.451245 
0.394901 0.002762 0.235106 0.367230 
