0.238164 0.240726 0.283992 0.237118 
0.204232 0.203208 0.365854 0.226706 
0.020952 0.022726 0.933714 0.022608 
0.000033 0.000162 0.999708 0.000097 
0.000000 0.000002 0.999998 0.000000 
0.000000 0.000035 0.999964 0.000001 
0.000000 0.000001 0.999999 0.000000 
0.000000 0.000000 0.999978 0.000022 
0.000000 0.000133 0.936200 0.063668 
0.000000 0.000000 0.999866 0.000134 
0.000000 0.000008 0.995753 0.004240 
0.000000 0.000001 0.999196 0.000803 
0.000000 0.000042 0.996653 0.003304 
0.000000 0.000023 0.171054 0.828923 
0.000000 0.000034 0.803379 0.196587 
0.000000 0.000267 0.512814 0.486919 
0.000000 0.000221 0.500622 0.499157 
0.000000 0.008299 0.745944 0.245757 
0.000000 0.379051 0.610956 0.009993 
0.000000 0.212362 0.783296 0.004342 
0.000000 0.332130 0.424917 0.242953 
0.000000 0.015757 0.239478 0.744764 
0.000000 0.008992 0.224950 0.766058 
0.000000 0.014340 0.855639 0.130022 
0.000000 0.001109 0.434388 0.564503 
0.000000 0.029468 0.969936 0.000595 
0.000000 0.000614 0.999386 0.000000 
0.000000 0.000089 0.999911 0.000000 
0.000000 0.000063 0.999937 0.000000 
0.000000 0.000580 0.999416 0.000004 
0.000000 0.000003 0.999995 0.000002 
0.000000 0.000052 0.999947 0.000002 
0.000000 0.000037 0.999962 0.000001 
0.000000 0.000001 0.996955 0.003044 
0.000000 0.000062 0.998430 0.001508 
0.000000 0.000386 0.999571 0.000044 
0.000000 0.004911 0.995070 0.000019 
0.000000 0.002059 0.997939 0.000002 
0.000000 0.077675 0.917897 0.004428 
0.000000 0.426419 0.572835 0.000745 
0.000000 0.074534 0.925463 0.000003 
0.000000 0.067974 0.931625 0.000402 
0.000000 0.021629 0.978346 0.000025 
0.000000 0.028777 0.971091 0.000131 
0.000000 0.602037 0.021686 0.376278 
0.000000 0.435325 0.000583 0.564092 
0.000000 0.236744 0.008607 0.754649 
0.000000 0.663633 0.008359 0.328007 
0.000000 0.347804 0.548618 0.103578 
0.000000 0.413152 0.232285 0.354564 
0.000000 0.279705 0.353313 0.366982 
0.000000 0.387628 0.314403 0.297969 
0.000000 0.358644 0.306067 0.335289 
0.000000 0.402340 0.235706 0.361953 
0.000000 0.604437 0.351472 0.044091 
0.000000 0.809421 0.004502 0.186077 
0.000000 0.624838 0.004169 0.370993 
0.000000 0.632855 0.009467 0.357678 
0.000000 0.492366 0.184319 0.323314 
0.000000 0.369533 0.378320 0.252147 
0.000000 0.414305 0.292337 0.293358 
0.000000 0.743406 0.193451 0.063143 
0.000000 0.908684 0.080856 0.010460 
0.000000 0.103396 0.896204 0.000399 
0.000000 0.214004 0.785990 0.000006 
0.000000 0.871652 0.127663 0.000684 
0.000000 0.991635 0.006951 0.001414 
0.000000 0.159059 0.417015 0.423926 
0.000000 0.221234 0.429035 0.349731 
0.000000 0.309125 0.684963 0.005912 
0.000000 0.742899 0.257101 0.000000 
0.000000 0.949780 0.050220 0.000000 
0.000000 0.705093 0.294907 0.000000 
0.000000 0.587938 0.412062 0.000000 
0.000000 0.104421 0.895579 0.000000 
0.000000 0.089953 0.899670 0.010377 
0.000000 0.068897 0.915553 0.015550 
0.000000 0.002726 0.997265 0.000009 
0.000000 0.007442 0.992466 0.000092 
0.000000 0.001136 0.998864 0.000000 
0.000000 0.038904 0.961072 0.000024 
0.000000 0.023082 0.976918 0.000000 
0.000000 0.036895 0.963105 0.000000 
0.000000 0.031544 0.968456 0.000000 
0.000000 0.018830 0.981170 0.000000 
0.000000 0.022187 0.977813 0.000000 
0.000000 0.038802 0.961198 0.000000 
0.000000 0.003212 0.996788 0.000000 
0.000000 0.004994 0.995006 0.000000 
0.000000 0.000491 0.999509 0.000000 
0.000000 0.000358 0.999642 0.000000 
0.000000 0.000495 0.999504 0.000001 
0.000000 0.041602 0.958398 0.000000 
0.000000 0.002056 0.995585 0.002358 
0.000000 0.002342 0.961656 0.036002 
0.000000 0.003439 0.993800 0.002761 
0.000000 0.031412 0.908867 0.059721 
0.000000 0.055472 0.691065 0.253463 
0.000000 0.028516 0.639077 0.332408 
0.000000 0.194270 0.239538 0.566192 
0.000000 0.030586 0.134789 0.834625 
0.000000 0.005777 0.005810 0.988413 
0.000000 0.000466 0.000410 0.999124 
0.000000 0.000851 0.018071 0.981078 
0.000000 0.007599 0.989604 0.002797 
0.000000 0.015186 0.980208 0.004606 
0.000000 0.022717 0.976546 0.000737 
0.000000 0.190084 0.809826 0.000090 
0.000000 0.174582 0.808068 0.017349 
0.000000 0.258005 0.741993 0.000002 
0.000000 0.951631 0.048369 0.000000 
0.000000 0.973911 0.026089 0.000000 
0.000000 0.820597 0.179397 0.000006 
0.000000 0.988089 0.011910 0.000001 
0.000000 0.728381 0.259480 0.012139 
0.000000 0.072272 0.927725 0.000003 
0.000000 0.288848 0.711152 0.000001 
0.000000 0.806197 0.193803 0.000000 
0.000000 0.998517 0.001483 0.000000 
0.000000 0.991682 0.008318 0.000000 
0.000000 0.639886 0.360114 0.000000 
0.000000 0.473168 0.526832 0.000000 
0.000000 0.765197 0.234803 0.000000 
0.000000 0.561139 0.438861 0.000000 
0.000000 0.902788 0.097212 0.000000 
0.000000 0.706598 0.293402 0.000000 
0.000000 0.434678 0.565322 0.000000 
0.000000 0.371978 0.628022 0.000000 
0.000000 0.449901 0.550099 0.000000 
0.000000 0.499208 0.500792 0.000000 
0.000000 0.993037 0.006963 0.000000 
0.000000 0.997977 0.002012 0.000010 
0.000000 0.856672 0.143303 0.000025 
0.000000 0.811405 0.084955 0.103639 
0.000000 0.328935 0.583957 0.087108 
0.000000 0.059394 0.469889 0.470717 
0.000000 0.162001 0.344848 0.493152 
0.000000 0.167729 0.000350 0.831921 
0.000000 0.697888 0.000000 0.302112 
0.000000 0.945626 0.000000 0.054374 
0.000000 0.982381 0.000000 0.017619 
0.000000 0.809862 0.000000 0.190137 
0.000000 0.573846 0.000002 0.426152 
0.000000 1.000000 0.000000 0.000000 
0.000000 0.999452 0.000548 0.000000 
0.000000 0.999975 0.000025 0.000000 
0.000000 0.999996 0.000000 0.000003 
0.000000 1.000000 0.000000 0.000000 
0.000000 1.000000 0.000000 0.000000 
0.000000 1.000000 0.000000 0.000000 
0.000000 1.000000 0.000000 0.000000 
0.000000 1.000000 0.000000 0.000000 
0.000000 1.000000 0.000000 0.000000 
0.000000 1.000000 0.000000 0.000000 
0.000000 1.000000 0.000000 0.000000 
0.000000 1.000000 0.000000 0.000000 
0.000000 0.999997 0.000000 0.000003 
0.000000 1.000000 0.000000 0.000000 
0.000000 0.999927 0.000000 0.000073 
0.000000 0.999916 0.000000 0.000084 
0.000000 1.000000 0.000000 0.000000 
0.000000 1.000000 0.000000 0.000000 
0.000000 1.000000 0.000000 0.000000 
0.000000 0.661545 0.000000 0.338455 
0.000000 0.934577 0.000000 0.065423 
0.000000 0.999997 0.000000 0.000003 
0.000000 1.000000 0.000000 0.000000 
0.000000 1.000000 0.000000 0.000000 
0.000000 0.919015 0.000000 0.080985 
0.000000 0.997214 0.000000 0.002786 
0.000000 0.999995 0.000000 0.000005 
0.000000 0.971192 0.000000 0.028808 
0.000000 0.971923 0.000000 0.028077 
0.000000 0.999999 0.000001 0.000000 
0.000000 0.999960 0.000040 0.000000 
0.000000 0.945559 0.053268 0.001173 
0.000000 0.497297 0.500668 0.002035 
0.000000 0.340053 0.651346 0.008601 
0.000000 0.453978 0.289398 0.256624 
0.000000 0.685678 0.119282 0.195040 
0.000000 0.400754 0.499136 0.100110 
0.000000 0.036934 0.794831 0.168235 
0.000000 0.043986 0.956013 0.000002 
0.000000 0.391633 0.608367 0.000000 
0.000000 0.874332 0.125668 0.000000 
0.000000 0.938780 0.061220 0.000000 
0.000000 0.577080 0.422920 0.000000 
0.000000 0.492016 0.507984 0.000000 
0.000000 0.834366 0.165634 0.000000 
0.000000 0.892575 0.107425 0.000000 
0.000000 0.977718 0.022282 0.000000 
0.000000 0.976466 0.023534 0.000000 
0.000000 0.253379 0.746621 0.000000 
0.000000 0.275196 0.724804 0.000000 
0.000000 0.527797 0.472203 0.000000 
0.000000 0.499720 0.500280 0.000000 
0.000000 0.951625 0.048375 0.000000 
0.000000 0.610743 0.389257 0.000000 
0.000000 0.553975 0.446025 0.000000 
0.000000 0.316908 0.683092 0.000000 
0.000000 0.518909 0.481091 0.000000 
0.000000 0.647387 0.352613 0.000000 
0.000000 0.197362 0.802638 0.000000 
0.000000 0.304976 0.695024 0.000000 
0.000000 0.314949 0.685051 0.000000 
0.000000 0.431268 0.367592 0.201140 
0.000000 0.254837 0.736366 0.008797 
0.000000 0.902130 0.016254 0.081616 
0.000000 0.523057 0.006333 0.470610 
0.000000 0.087092 0.025025 0.887883 
0.000000 0.042910 0.824027 0.133062 
0.000000 0.000158 0.999775 0.000068 
0.000000 0.002687 0.808750 0.188563 
0.000000 0.000385 0.697133 0.302482 
0.000000 0.000053 0.499861 0.500086 
0.000000 0.000390 0.231438 0.768172 
0.000000 0.000092 0.185865 0.814043 
0.000000 0.000774 0.998208 0.001018 
0.000000 0.002426 0.524101 0.473472 
0.000000 0.006060 0.970516 0.023424 
0.000000 0.006173 0.684277 0.309550 
0.000000 0.004230 0.460499 0.535271 
0.000000 0.023571 0.457455 0.518973 
0.000000 0.032451 0.367125 0.600424 
0.000000 0.614322 0.130484 0.255193 
0.000000 0.893132 0.106847 0.000022 
0.000000 0.931588 0.066088 0.002324 
0.000000 0.397563 0.600683 0.001754 
0.000000 0.400027 0.109761 0.490213 
0.000000 0.664490 0.331577 0.003932 
0.000000 0.531831 0.082921 0.385249 
0.000000 0.773890 0.003610 0.222500 
0.000000 0.988783 0.005860 0.005357 
0.000000 0.939653 0.060346 0.000001 
0.000000 0.999990 0.000010 0.000000 
0.000000 0.997719 0.000000 0.002281 
0.000000 0.516366 0.000000 0.483634 
0.000000 0.998508 0.000000 0.001492 
0.000000 0.960915 0.000000 0.039085 
0.000000 1.000000 0.000000 0.000000 
0.000000 1.000000 0.000000 0.000000 
0.000000 0.999975 0.000007 0.000018 
0.000000 0.187122 0.003047 0.809831 
0.000000 0.493834 0.000000 0.506166 
0.000000 0.919268 0.000000 0.080732 
0.000000 0.999966 0.000009 0.000024 
0.000000 0.990019 0.000003 0.009978 
0.000000 1.000000 0.000000 0.000000 
0.000000 0.996691 0.001864 0.001445 
0.000000 0.481689 0.518311 0.000000 
0.000000 0.597568 0.402432 0.000000 
0.000000 0.466392 0.533608 0.000000 
0.000000 0.986762 0.013238 0.000000 
0.000000 0.999844 0.000156 0.000000 
0.000000 0.999987 0.000013 0.000000 
0.000000 0.999652 0.000348 0.000000 
0.000000 0.999647 0.000353 0.000000 
0.000000 1.000000 0.000000 0.000000 
0.000000 1.000000 0.000000 0.000000 
0.000000 1.000000 0.000000 0.000000 
0.000000 1.000000 0.000000 0.000000 
0.000000 0.998932 0.000000 0.001068 
0.000000 0.987260 0.000000 0.012740 
0.000000 0.520450 0.000000 0.479550 
0.000000 0.728639 0.000000 0.271361 
0.000000 0.999340 0.000000 0.000660 
0.000000 0.998113 0.000000 0.001887 
0.000000 0.996707 0.000000 0.003293 
0.000000 0.940369 0.000000 0.059631 
0.000000 0.999496 0.000000 0.000504 
0.000000 0.999970 0.000000 0.000030 
0.000000 0.999976 0.000000 0.000024 
0.000000 0.999601 0.000000 0.000399 
0.000000 0.984689 0.000000 0.015311 
0.000000 0.999958 0.000000 0.000042 
0.000000 0.982728 0.000000 0.017272 
0.000000 0.977583 0.000804 0.021614 
0.000000 0.960071 0.000031 0.039898 
0.000000 0.865570 0.000000 0.134430 
0.000000 0.896666 0.000000 0.103334 
0.000000 0.890514 0.000000 0.109486 
0.000000 0.798386 0.000000 0.201614 
0.000000 0.985220 0.000000 0.014780 
0.000000 0.691189 0.000000 0.308811 
0.000000 0.967352 0.000000 0.032648 
0.000000 0.958735 0.000000 0.041265 
0.000000 0.532763 0.000000 0.467237 
0.000000 0.990889 0.000000 0.009111 
0.000000 0.999861 0.000000 0.000139 
0.000000 0.999627 0.000000 0.000373 
0.000000 0.966135 0.000000 0.033865 
0.000000 0.982702 0.000000 0.017298 
0.000000 0.917921 0.000000 0.082079 
0.000000 0.967802 0.000000 0.032198 
0.000000 0.971133 0.000000 0.028867 
0.000000 0.016328 0.000000 0.983672 
0.000000 0.116018 0.000000 0.883982 
0.000000 0.013250 0.000000 0.986750 
0.000000 0.237838 0.000000 0.762162 
0.000000 0.839503 0.155172 0.005325 
0.000000 0.678537 0.313766 0.007697 
0.000000 0.537692 0.456576 0.005732 
0.000000 0.508005 0.491523 0.000473 
0.000000 0.063750 0.935420 0.000830 
0.000000 0.042277 0.955432 0.002291 
0.000000 0.000028 0.642852 0.357119 
0.000000 0.000001 0.568838 0.431161 
0.000000 0.000000 0.602482 0.397517 
0.000000 0.000000 0.788902 0.211098 
0.000000 0.000000 0.797715 0.202285 
0.000000 0.000000 0.587937 0.412063 
0.000000 0.000000 0.998031 0.001969 
0.000000 0.000000 0.368201 0.631799 
0.000000 0.000000 0.066673 0.933327 
0.000000 0.000000 0.105197 0.894803 
0.000000 0.000000 0.974126 0.025874 
0.000000 0.000000 0.773780 0.226220 
0.000000 0.000000 0.539337 0.460663 
0.000000 0.000000 0.665988 0.334012 
0.000000 0.000000 0.554980 0.445020 
0.000000 0.000000 0.403942 0.596058 
0.000000 0.000000 0.232027 0.767973 
0.000000 0.000000 0.473852 0.526148 
0.000000 0.000000 0.497951 0.502049 
0.000000 0.000000 0.828118 0.171882 
0.000000 0.000000 0.847745 0.152255 
0.000000 0.000000 0.999004 0.000996 
0.000000 0.000000 0.462106 0.537894 
0.000000 0.000000 0.821461 0.178539 
0.000000 0.000000 0.627454 0.372546 
0.000000 0.000000 0.194083 0.805917 
0.000000 0.000000 0.014055 0.985945 
0.000000 0.000000 0.991582 0.008418 
0.000000 0.000000 0.999992 0.000008 
0.000000 0.000000 0.999997 0.000003 
0.000000 0.000000 1.000000 0.000000 
0.000000 0.000000 1.000000 0.000000 
0.000000 0.000000 1.000000 0.000000 
0.000000 0.000000 1.000000 0.000000 
0.000000 0.000005 0.999869 0.000126 
0.000000 0.000015 0.288083 0.711902 
0.000000 0.000000 0.082885 0.917115 
0.000000 0.000000 0.048260 0.951740 
0.000000 0.000000 0.941728 0.058272 
0.000000 0.000000 0.997717 0.002283 
0.000000 0.000000 0.345437 0.654563 
0.000000 0.000000 0.500244 0.499756 
0.000000 0.005133 0.849537 0.145331 
0.000000 0.081940 0.473409 0.444651 
0.000000 0.001961 0.899111 0.098928 
0.000000 0.001383 0.444046 0.554571 
0.000000 0.000164 0.983575 0.016261 
0.000000 0.003339 0.501046 0.495615 
0.000000 0.003032 0.578024 0.418944 
0.000000 0.065635 0.028214 0.906150 
0.000000 0.716254 0.046116 0.237630 
0.000000 0.412791 0.221416 0.365793 
0.000000 0.286962 0.356724 0.356315 
0.000000 0.483581 0.483512 0.032907 
0.000000 0.340229 0.355413 0.304358 
0.000000 0.703658 0.232363 0.063979 
0.000000 0.907485 0.090766 0.001749 
0.000000 0.999952 0.000046 0.000002 
0.000000 0.999644 0.000056 0.000299 
0.000000 0.998088 0.001910 0.000002 
0.000000 0.999919 0.000079 0.000002 
0.000000 0.999929 0.000071 0.000000 
0.000000 0.999283 0.000717 0.000000 
0.000000 0.983657 0.016343 0.000000 
0.000000 0.454012 0.545988 0.000000 
0.000000 0.382898 0.617102 0.000000 
0.000000 0.549642 0.450358 0.000000 
0.000000 0.444389 0.555610 0.000000 
0.000000 0.969914 0.030041 0.000045 
0.000000 0.621700 0.378294 0.000005 
0.000000 0.011009 0.988973 0.000019 
0.000000 0.081150 0.914205 0.004645 
0.000000 0.001890 0.998085 0.000026 
0.000000 0.001559 0.998187 0.000254 
0.000000 0.000062 0.999861 0.000077 
0.000000 0.047707 0.952293 0.000000 
0.000000 0.000057 0.999943 0.000000 
0.000000 0.001296 0.998704 0.000000 
0.000000 0.036802 0.963198 0.000000 
0.000000 0.634099 0.365901 0.000000 
0.000000 0.859154 0.140843 0.000003 
0.000000 0.997955 0.002044 0.000000 
0.000000 0.657909 0.342091 0.000000 
0.000000 0.609640 0.390360 0.000000 
0.000000 0.497089 0.502911 0.000000 
0.000000 0.993018 0.006982 0.000000 
0.000000 0.773855 0.226145 0.000000 
0.000000 0.945522 0.054478 0.000000 
0.000000 0.992232 0.007768 0.000000 
0.000000 0.497302 0.502698 0.000000 
0.000000 0.516822 0.483178 0.000000 
0.000000 0.357035 0.642965 0.000000 
0.000000 0.243701 0.756299 0.000000 
0.000000 0.668450 0.331550 0.000000 
0.000000 0.406874 0.593126 0.000000 
0.000000 0.497076 0.502924 0.000000 
0.000000 0.490183 0.509817 0.000000 
0.000000 0.469246 0.530753 0.000000 
0.000000 0.533404 0.466593 0.000003 
0.000000 0.096627 0.902581 0.000792 
0.000000 0.016163 0.439190 0.544647 
0.000000 0.011430 0.956626 0.031945 
0.000000 0.086390 0.672191 0.241419 
0.000000 0.140107 0.821577 0.038317 
0.000000 0.406918 0.593082 0.000000 
0.000000 0.158679 0.841159 0.000162 
0.000000 0.792869 0.203420 0.003711 
0.000000 0.406848 0.592946 0.000206 
0.000000 0.175932 0.824068 0.000000 
0.000000 0.307926 0.692074 0.000000 
0.000000 0.417131 0.582868 0.000000 
0.000000 0.459250 0.540750 0.000000 
0.000000 0.863324 0.136676 0.000000 
0.000000 0.455513 0.544487 0.000000 
0.000000 0.580125 0.419875 0.000000 
0.000000 0.999952 0.000047 0.000002 
0.000000 0.999989 0.000011 0.000000 
0.000000 0.996533 0.003467 0.000000 
0.000000 0.914342 0.085658 0.000000 
0.000000 0.645680 0.354320 0.000000 
0.000000 0.546971 0.453029 0.000000 
0.000000 0.142002 0.857998 0.000000 
0.000000 0.178321 0.821679 0.000000 
0.000000 0.362279 0.637721 0.000000 
0.000000 0.641810 0.358190 0.000000 
0.000000 0.868145 0.131855 0.000000 
0.000000 0.992590 0.007410 0.000000 
0.000000 0.958167 0.041833 0.000000 
0.000000 0.552101 0.123297 0.324602 
0.000000 0.233163 0.509017 0.257820 
0.000000 0.341937 0.209699 0.448364 
0.000000 0.172542 0.171526 0.655932 
0.000000 0.277821 0.337072 0.385106 
0.000000 0.269491 0.400284 0.330225 
0.000000 0.339617 0.332063 0.328320 
0.000000 0.489341 0.459430 0.051229 
0.000000 0.313789 0.338566 0.347645 
0.000000 0.192992 0.192412 0.614596 
0.000000 0.265669 0.683832 0.050500 
0.000000 0.383678 0.289112 0.327210 
0.000000 0.119438 0.753315 0.127247 
0.000000 0.041285 0.367025 0.591690 
0.000000 0.884629 0.000688 0.114682 
0.000000 0.113681 0.049199 0.837120 
0.000000 0.490082 0.000000 0.509918 
0.000000 0.544151 0.000000 0.455849 
0.000000 0.997823 0.000016 0.002161 
0.000000 0.999979 0.000000 0.000021 
0.000000 0.999909 0.000033 0.000059 
0.000000 0.997256 0.000710 0.002034 
0.000000 0.671588 0.300595 0.027817 
0.000000 0.495599 0.456334 0.048066 
0.000000 0.362346 0.448273 0.189381 
0.000000 0.471382 0.386530 0.142088 
0.000000 0.403572 0.596071 0.000357 
0.000000 0.992664 0.000177 0.007159 
0.000000 0.407360 0.000003 0.592636 
0.000000 0.589883 0.000000 0.410117 
0.000000 0.557564 0.000017 0.442418 
0.000000 0.267893 0.000000 0.732107 
0.000000 0.465031 0.000000 0.534969 
0.000000 0.296609 0.000000 0.703391 
0.000000 0.503855 0.000000 0.496145 
0.000000 0.936235 0.000000 0.063765 
0.000000 0.999999 0.000000 0.000001 
0.000000 0.999443 0.000000 0.000557 
0.000000 0.999996 0.000003 0.000001 
0.000000 0.513027 0.436350 0.050623 
0.000000 0.883845 0.091302 0.024853 
0.000000 0.969547 0.030094 0.000359 
0.000000 0.870521 0.126188 0.003291 
0.000000 0.975586 0.023959 0.000454 
0.000000 0.994173 0.005827 0.000000 
0.000000 0.951149 0.048750 0.000101 
0.000000 0.986367 0.012005 0.001629 
0.000000 0.999825 0.000084 0.000092 
0.000000 0.814839 0.000004 0.185157 
0.000000 0.509128 0.000882 0.489990 
0.000000 0.504947 0.000294 0.494759 
0.000000 0.996362 0.001562 0.002076 
0.000000 0.931192 0.043655 0.025153 
0.000000 0.333721 0.204492 0.461787 
0.000000 0.014088 0.018678 0.967234 
0.000000 0.003072 0.000295 0.996633 
0.000000 0.006274 0.092618 0.901108 
0.000000 0.000084 0.175553 0.824363 
0.000000 0.017188 0.585277 0.397535 
0.000000 0.022037 0.466553 0.511410 
0.000000 0.232403 0.372720 0.394878 
0.000000 0.473730 0.106283 0.419988 
0.000000 0.785149 0.007465 0.207387 
0.000000 0.499978 0.000969 0.499053 
0.000000 0.507743 0.019138 0.473119 
0.000000 0.632341 0.044236 0.323423 
0.000000 0.809170 0.000001 0.190829 
0.000000 0.561640 0.000051 0.438310 
0.000000 0.454749 0.000001 0.545250 
0.000000 0.208247 0.097874 0.693880 
0.000000 0.391066 0.424666 0.184268 
0.000000 0.187587 0.807555 0.004858 
0.000000 0.046077 0.374220 0.579703 
0.000000 0.039919 0.419813 0.540268 
0.000000 0.172505 0.252213 0.575282 
0.000000 0.250953 0.732533 0.016515 
0.000000 0.075727 0.924272 0.000001 
0.000000 0.617902 0.336125 0.045973 
0.000000 0.614301 0.373514 0.012186 
0.000000 0.873892 0.112937 0.013171 
0.000000 0.783280 0.198862 0.017857 
0.000000 0.723474 0.271171 0.005355 
0.000000 0.599828 0.400172 0.000000 
0.000000 0.807988 0.192012 0.000000 
0.000000 0.369979 0.629906 0.000115 
0.000000 0.412704 0.587296 0.000000 
0.000000 0.747358 0.252527 0.000115 
0.000000 0.688470 0.311299 0.000231 
0.000000 0.401441 0.406507 0.192053 
0.000000 0.396947 0.178396 0.424657 
0.000000 0.486151 0.509441 0.004408 
0.000000 0.544122 0.428591 0.027286 
0.000000 0.773081 0.226428 0.000491 
0.000000 0.326043 0.386361 0.287596 
0.000000 0.261677 0.628478 0.109846 
0.000000 0.348849 0.247239 0.403911 
0.000000 0.492718 0.009010 0.498272 
0.000000 0.414383 0.192888 0.392730 
0.000000 0.603666 0.000016 0.396318 
0.000000 0.154773 0.001099 0.844128 
0.000000 0.878012 0.070406 0.051583 
0.000000 0.657931 0.080912 0.261157 
0.000000 0.154873 0.006555 0.838571 
0.000000 0.519795 0.000158 0.480047 
0.000000 0.999584 0.000000 0.000416 
0.000000 0.999868 0.000007 0.000125 
0.000000 0.863094 0.136713 0.000193 
0.000000 0.925156 0.074746 0.000098 
0.000000 0.469923 0.000555 0.529522 
0.000000 0.574074 0.004835 0.421091 
0.000000 0.467039 0.000000 0.532961 
0.000000 0.858242 0.000000 0.141758 
0.000000 0.307386 0.000000 0.692614 
0.000000 0.006287 0.000000 0.993713 
0.000000 0.074692 0.000000 0.925308 
0.000000 0.276821 0.000000 0.723179 
0.000000 0.029800 0.000000 0.970200 
0.000000 0.001173 0.000000 0.998827 
0.000000 0.000095 0.000000 0.999905 
0.000000 0.001590 0.000000 0.998410 
0.000000 0.720508 0.000020 0.279472 
0.000000 0.785581 0.000000 0.214419 
0.000000 0.683640 0.000000 0.316360 
0.000000 0.837120 0.000000 0.162880 
0.000000 0.999993 0.000000 0.000007 
0.000000 0.986213 0.009323 0.004464 
0.000000 0.999985 0.000015 0.000000 
0.000000 1.000000 0.000000 0.000000 
0.000000 0.999966 0.000024 0.000010 
0.000000 0.968518 0.031482 0.000000 
0.000000 0.632354 0.367641 0.000004 
0.000000 0.629512 0.202237 0.168251 
0.000000 0.423076 0.358250 0.218674 
0.000000 0.502087 0.497651 0.000263 
0.000000 0.654639 0.039329 0.306031 
0.000000 0.709527 0.035932 0.254541 
0.000000 0.561482 0.012600 0.425918 
0.000000 0.492980 0.113590 0.393430 
0.000000 0.458282 0.082290 0.459428 
0.000000 0.479073 0.235832 0.285094 
0.000000 0.558198 0.437678 0.004123 
0.000000 0.998705 0.000554 0.000741 
0.000000 0.997140 0.000177 0.002684 
0.000000 0.966143 0.000028 0.033829 
0.000000 0.890167 0.000000 0.109833 
0.000000 0.348441 0.020469 0.631090 
0.000000 0.279114 0.470111 0.250775 
0.000000 0.288121 0.687286 0.024593 
0.000000 0.484939 0.511368 0.003694 
0.000000 0.682018 0.306630 0.011352 
0.000000 0.637105 0.362787 0.000108 
0.000000 0.489946 0.509962 0.000092 
0.000000 0.501847 0.498041 0.000112 
0.000000 0.527302 0.472697 0.000001 
0.000000 0.581238 0.418762 0.000000 
0.000000 0.718431 0.281568 0.000002 
0.000000 0.834754 0.165246 0.000000 
0.000000 0.999851 0.000149 0.000000 
0.000000 0.996962 0.003038 0.000000 
0.000000 0.561806 0.000000 0.438194 
0.000000 0.543675 0.000000 0.456325 
0.000000 0.964071 0.000000 0.035929 
0.000000 0.939784 0.000000 0.060216 
0.000000 0.759689 0.000000 0.240311 
0.000000 0.689692 0.000000 0.310308 
0.000000 0.242643 0.000000 0.757357 
0.000000 0.819205 0.000000 0.180795 
0.000000 0.212277 0.000000 0.787723 
0.000000 0.018182 0.000006 0.981812 
0.000000 0.000527 0.000000 0.999473 
0.000000 0.000026 0.000000 0.999974 
0.000000 0.762634 0.000000 0.237366 
0.000000 0.999379 0.000000 0.000621 
0.000000 0.755634 0.000000 0.244366 
0.000000 0.987365 0.000000 0.012635 
0.000000 0.994745 0.000000 0.005255 
0.000000 0.494087 0.000000 0.505913 
0.000000 0.503390 0.000000 0.496610 
0.000000 0.368941 0.000001 0.631058 
0.000000 0.498819 0.000086 0.501095 
0.000000 0.455247 0.057822 0.486931 
0.000000 0.701375 0.294818 0.003807 
0.000000 0.287251 0.108995 0.603755 
0.000000 0.441267 0.284951 0.273782 
0.000000 0.190528 0.739111 0.070360 
0.000000 0.127663 0.001269 0.871068 
0.000000 0.846527 0.034936 0.118536 
0.000000 0.677995 0.082197 0.239808 
0.000000 0.210789 0.491550 0.297662 
0.000000 0.729588 0.270412 0.000000 
0.000000 0.515855 0.484145 0.000000 
0.000000 0.577841 0.422159 0.000000 
0.000000 0.473176 0.526822 0.000002 
0.000000 0.484338 0.515630 0.000033 
0.000000 0.704496 0.295503 0.000001 
0.000000 0.485489 0.514511 0.000000 
0.000000 0.046048 0.953952 0.000000 
0.000000 0.028063 0.971930 0.000006 
0.000000 0.009601 0.990399 0.000000 
0.000000 0.118908 0.881092 0.000000 
0.000000 0.027149 0.972851 0.000000 
0.000000 0.025000 0.975000 0.000000 
0.000000 0.999442 0.000558 0.000000 
0.000000 0.999860 0.000001 0.000139 
0.000000 0.999913 0.000087 0.000000 
0.000000 0.998659 0.000242 0.001098 
0.000000 0.999138 0.000000 0.000862 
0.000000 0.999357 0.000000 0.000643 
0.000000 0.999964 0.000007 0.000029 
0.000000 0.999866 0.000134 0.000000 
0.000000 0.994154 0.005846 0.000000 
0.000000 0.896951 0.000009 0.103040 
0.000000 0.935705 0.000134 0.064160 
0.000000 0.999744 0.000000 0.000256 
0.000000 0.943427 0.000000 0.056573 
0.000000 0.958415 0.000001 0.041584 
0.000000 0.142123 0.000058 0.857819 
0.000000 0.070557 0.061515 0.867928 
0.000000 0.329911 0.001484 0.668606 
0.000000 0.007781 0.217099 0.775121 
0.000000 0.000458 0.431448 0.568094 
0.000000 0.002841 0.775765 0.221395 
0.000000 0.010795 0.768735 0.220470 
0.000000 0.000539 0.829278 0.170183 
0.000000 0.000019 0.999895 0.000086 
0.000000 0.000098 0.999902 0.000000 
0.000000 0.004843 0.995157 0.000000 
0.000000 0.002412 0.997588 0.000000 
0.000000 0.003025 0.996975 0.000000 
0.000000 0.002966 0.997034 0.000000 
0.000000 0.001518 0.998482 0.000000 
0.000000 0.001367 0.998633 0.000000 
0.000000 0.000525 0.999475 0.000000 
0.000000 0.009690 0.990310 0.000000 
0.000000 0.049965 0.950035 0.000000 
0.000000 0.008950 0.991050 0.000000 
0.000000 0.005871 0.994129 0.000000 
0.000000 0.392955 0.607045 0.000000 
0.000000 0.556853 0.443147 0.000000 
0.000000 0.346171 0.653829 0.000000 
0.000000 0.459424 0.540576 0.000000 
0.000000 0.996658 0.003342 0.000000 
0.000000 0.979603 0.020397 0.000000 
0.000000 0.954861 0.041754 0.003385 
0.000000 0.333356 0.574776 0.091869 
0.000000 0.374910 0.548278 0.076811 
0.000000 0.135642 0.495009 0.369350 
0.000000 0.283887 0.346288 0.369825 
0.000000 0.154628 0.798808 0.046565 
0.000000 0.541789 0.427216 0.030995 
0.000000 0.044439 0.191272 0.764289 
0.000000 0.012005 0.756610 0.231384 
0.000000 0.003947 0.540587 0.455467 
0.000000 0.012198 0.928860 0.058942 
0.000000 0.006874 0.084010 0.909116 
0.000000 0.000427 0.000677 0.998896 
0.000000 0.000338 0.038794 0.960867 
0.000000 0.000004 0.292998 0.706999 
0.000000 0.000000 0.002087 0.997913 
0.000000 0.000004 0.118546 0.881450 
0.000000 0.000001 0.546856 0.453142 
0.000000 0.000000 0.482995 0.517005 
0.000000 0.000000 0.460620 0.539380 
0.000000 0.000001 0.718337 0.281661 
0.000000 0.000001 0.750172 0.249828 
0.000000 0.000000 0.991719 0.008280 
0.000000 0.000003 0.865742 0.134255 
0.000000 0.000000 0.911501 0.088498 
0.000000 0.000000 0.006079 0.993921 
0.000000 0.000000 0.425892 0.574108 
0.000000 0.000002 0.995871 0.004126 
0.000000 0.000023 0.999977 0.000000 
0.000000 0.009872 0.990128 0.000000 
0.000000 0.115533 0.879781 0.004685 
0.000000 0.999482 0.000518 0.000000 
0.000000 0.994563 0.005437 0.000000 
0.000000 0.701768 0.298231 0.000000 
0.000000 0.470041 0.529897 0.000062 
0.000000 0.729655 0.259195 0.011150 
0.000000 0.537710 0.426321 0.035969 
0.000000 0.581633 0.400464 0.017903 
0.000000 0.340099 0.659838 0.000063 
0.000000 0.435995 0.563991 0.000014 
0.000000 0.803731 0.196267 0.000002 
0.000000 0.520857 0.479141 0.000002 
0.000000 0.316631 0.683363 0.000006 
0.000000 0.041121 0.958879 0.000001 
0.000000 0.046360 0.953640 0.000000 
0.000000 0.005760 0.994240 0.000000 
0.000000 0.018088 0.981911 0.000000 
0.000000 0.006372 0.993628 0.000000 
0.000000 0.004977 0.995023 0.000000 
0.000000 0.002156 0.997844 0.000000 
0.000000 0.025108 0.974890 0.000002 
0.000000 0.085893 0.914099 0.000008 
0.000000 0.771444 0.226692 0.001864 
0.000000 0.989561 0.006186 0.004253 
0.000000 0.903332 0.000438 0.096230 
0.000000 0.987564 0.000000 0.012436 
0.000000 0.582216 0.000002 0.417781 
0.000000 0.049648 0.000000 0.950352 
0.000000 0.075564 0.000001 0.924435 
0.000000 0.979848 0.000000 0.020152 
0.000000 0.999294 0.000000 0.000706 
0.000000 0.999967 0.000032 0.000001 
0.000000 0.582155 0.000090 0.417755 
0.000000 0.449005 0.000000 0.550995 
0.000000 0.809461 0.000000 0.190539 
0.000000 0.646562 0.000000 0.353438 
0.000000 0.615340 0.000008 0.384652 
0.000000 0.870437 0.000000 0.129563 
0.000000 0.489802 0.000024 0.510174 
0.000000 0.487880 0.002508 0.509612 
0.000000 0.860771 0.000000 0.139229 
0.000000 0.320331 0.000000 0.679669 
0.000000 0.481313 0.000203 0.518484 
0.000000 0.494149 0.010640 0.495211 
0.000000 0.912985 0.079798 0.007216 
0.000000 0.982912 0.000127 0.016961 
0.000000 0.999673 0.000007 0.000320 
0.000000 0.995721 0.004271 0.000008 
0.000000 1.000000 0.000000 0.000000 
0.000000 1.000000 0.000000 0.000000 
0.000000 0.999974 0.000024 0.000002 
0.000000 0.999908 0.000091 0.000000 
0.000000 0.999999 0.000000 0.000001 
0.000000 0.999121 0.000001 0.000878 
0.000000 0.999710 0.000138 0.000151 
0.000000 0.986892 0.000000 0.013108 
0.000000 0.829093 0.102629 0.068278 
0.000000 0.999949 0.000002 0.000049 
0.000000 0.999989 0.000005 0.000007 
0.000000 0.999957 0.000043 0.000000 
0.000000 0.562973 0.437027 0.000000 
0.000000 0.413826 0.586174 0.000000 
0.000000 0.408519 0.591481 0.000000 
0.000000 0.350196 0.649804 0.000000 
0.000000 0.257553 0.742447 0.000000 
0.000000 0.278595 0.721405 0.000000 
0.000000 0.006560 0.993440 0.000000 
0.000000 0.526544 0.473456 0.000000 
0.000000 0.850205 0.149793 0.000002 
0.000000 0.649595 0.350402 0.000002 
0.000000 0.529920 0.470079 0.000000 
0.000000 0.673977 0.326023 0.000000 
0.000000 0.547753 0.452246 0.000000 
0.000000 0.509033 0.490966 0.000000 
0.000000 0.663238 0.316291 0.020472 
0.000000 0.384122 0.607201 0.008677 
0.000000 0.596518 0.403444 0.000039 
0.000000 0.899510 0.100480 0.000009 
0.000000 0.987941 0.011986 0.000073 
0.000000 0.998824 0.001163 0.000013 
0.000000 0.999933 0.000067 0.000000 
0.000000 0.999964 0.000034 0.000002 
0.000000 0.999995 0.000005 0.000000 
0.000000 0.999994 0.000000 0.000006 
0.000000 0.999998 0.000002 0.000000 
0.000000 0.994762 0.005238 0.000000 
0.000000 0.672292 0.327708 0.000000 
0.000000 0.656803 0.343197 0.000000 
0.000000 0.383428 0.616572 0.000000 
0.000000 0.679073 0.320927 0.000000 
0.000000 0.630824 0.369176 0.000000 
0.000000 0.311421 0.688579 0.000000 
0.000000 0.762117 0.237883 0.000000 
0.000000 0.458566 0.541434 0.000000 
0.000000 0.792735 0.207010 0.000255 
0.000000 0.995775 0.003686 0.000539 
0.000000 0.873689 0.126304 0.000007 
0.000000 0.999466 0.000331 0.000203 
0.000000 0.999998 0.000000 0.000002 
0.000000 0.999999 0.000001 0.000000 
0.000000 0.999984 0.000016 0.000000 
0.000000 0.999983 0.000017 0.000000 
0.000000 0.999923 0.000077 0.000000 
0.000000 0.977970 0.022030 0.000000 
0.000000 0.062361 0.937639 0.000000 
0.000000 0.351485 0.648515 0.000000 
0.000000 0.002923 0.997077 0.000000 
0.000000 0.143200 0.856800 0.000000 
0.000000 0.020408 0.979592 0.000000 
0.000000 0.018485 0.981511 0.000004 
0.000000 0.026256 0.973683 0.000062 
0.000000 0.102524 0.897476 0.000000 
0.000000 0.718699 0.281300 0.000001 
0.000000 0.503084 0.496916 0.000000 
0.000000 0.756638 0.243362 0.000000 
0.000000 0.912517 0.087483 0.000000 
0.000000 0.812944 0.187056 0.000000 
0.000000 0.403654 0.596285 0.000061 
0.000000 0.802808 0.181421 0.015772 
0.000000 0.609195 0.354475 0.036330 
0.000000 0.254845 0.506466 0.238689 
0.000000 0.214998 0.735780 0.049222 
0.000000 0.344463 0.641076 0.014461 
0.000000 0.311006 0.596979 0.092015 
0.000000 0.355470 0.644530 0.000000 
0.000000 0.347868 0.652131 0.000000 
0.000000 0.669527 0.330473 0.000000 
0.000000 0.729605 0.266332 0.004063 
0.000000 0.458096 0.453169 0.088736 
0.000000 0.607531 0.327093 0.065376 
0.000000 0.560016 0.279085 0.160899 
0.000000 0.274428 0.310223 0.415350 
0.000000 0.634523 0.111470 0.254007 
0.000000 0.503637 0.465296 0.031067 
0.000000 0.511266 0.400901 0.087833 
0.000000 0.448489 0.385395 0.166116 
0.000000 0.488874 0.009223 0.501903 
0.000000 0.994052 0.005948 0.000000 
0.000000 0.975385 0.024615 0.000000 
0.000000 0.999354 0.000646 0.000000 
0.000000 1.000000 0.000000 0.000000 
0.000000 0.999989 0.000001 0.000010 
0.000000 0.999978 0.000013 0.000009 
0.000000 0.997096 0.002904 0.000000 
0.000000 0.178066 0.219268 0.602666 
0.000000 0.033606 0.527909 0.438486 
0.000000 0.070527 0.779338 0.150135 
0.000000 0.075509 0.747497 0.176995 
0.000000 0.155463 0.826986 0.017551 
0.000000 0.251047 0.714244 0.034709 
0.000000 0.260913 0.269827 0.469260 
0.000000 0.437692 0.031486 0.530822 
0.000000 0.419922 0.000357 0.579722 
0.000000 0.729563 0.000556 0.269880 
0.000000 0.971789 0.000010 0.028201 
0.000000 0.998981 0.000000 0.001019 
0.000000 0.999998 0.000002 0.000000 
0.000000 0.999896 0.000000 0.000104 
0.000000 0.999997 0.000000 0.000003 
0.000000 0.994857 0.000027 0.005116 
0.000000 0.999882 0.000118 0.000000 
0.000000 0.999998 0.000002 0.000000 
0.000000 0.999997 0.000003 0.000000 
0.000000 0.646400 0.000298 0.353303 
0.000000 0.801896 0.000215 0.197889 
0.000000 0.983028 0.001632 0.015340 
0.000000 0.239723 0.003010 0.757268 
0.000000 0.280738 0.037505 0.681757 
0.000000 0.085131 0.666605 0.248265 
0.000000 0.066329 0.910821 0.022849 
0.000000 0.079314 0.729105 0.191581 
0.000000 0.028587 0.807183 0.164231 
0.000000 0.040723 0.906701 0.052576 
0.000000 0.531693 0.347576 0.120731 
0.000000 0.998698 0.001297 0.000005 
0.000000 1.000000 0.000000 0.000000 
0.000000 1.000000 0.000000 0.000000 
0.000000 0.992483 0.007517 0.000000 
0.000000 0.999989 0.000011 0.000000 
0.000000 1.000000 0.000000 0.000000 
0.000000 1.000000 0.000000 0.000000 
0.000000 0.999991 0.000000 0.000009 
0.000000 0.999997 0.000000 0.000003 
0.000000 0.974700 0.000000 0.025300 
0.000000 0.645260 0.000000 0.354740 
0.000000 0.748143 0.000000 0.251857 
0.000000 0.956083 0.000000 0.043917 
0.000000 0.999998 0.000000 0.000002 
0.000000 0.474805 0.000000 0.525195 
0.000000 0.344929 0.000000 0.655071 
0.000000 0.999987 0.000000 0.000013 
0.000000 0.997232 0.000000 0.002768 
0.000000 0.739837 0.000000 0.260163 
0.000000 0.465799 0.000000 0.534201 
0.000000 0.987893 0.000000 0.012107 
0.000000 0.967940 0.000000 0.032060 
0.000000 0.819854 0.000000 0.180146 
0.000000 0.999996 0.000000 0.000004 
0.000000 0.999998 0.000000 0.000002 
0.000000 0.988783 0.000000 0.011217 
0.000000 0.999948 0.000000 0.000052 
0.000000 0.999807 0.000000 0.000193 
0.000000 0.611489 0.000000 0.388511 
0.000000 0.505297 0.000496 0.494207 
0.000000 0.169878 0.006962 0.823160 
0.000000 0.290170 0.000044 0.709786 
0.000000 0.256856 0.028070 0.715074 
0.000000 0.477201 0.067128 0.455671 
0.000000 0.383091 0.000328 0.616581 
0.000000 0.042877 0.201820 0.755304 
0.000000 0.045086 0.248394 0.706521 
0.000000 0.191384 0.103377 0.705238 
0.000000 0.191093 0.761977 0.046931 
0.000000 0.541071 0.105949 0.352980 
0.000000 0.536918 0.242191 0.220892 
0.000000 0.372298 0.490830 0.136872 
0.000000 0.077102 0.230759 0.692140 
0.000000 0.859605 0.131031 0.009364 
0.000000 0.423559 0.332152 0.244290 
0.000000 0.477069 0.463666 0.059265 
0.000000 0.365951 0.265897 0.368151 
0.000000 0.533908 0.466092 0.000000 
0.000000 0.682810 0.317069 0.000121 
0.000000 0.497232 0.502768 0.000000 
0.000000 0.557366 0.442633 0.000001 
0.000000 0.999900 0.000100 0.000000 
0.000000 1.000000 0.000000 0.000000 
0.000000 1.000000 0.000000 0.000000 
0.000000 1.000000 0.000000 0.000000 
0.000000 0.985700 0.014300 0.000000 
0.000000 0.525684 0.474316 0.000000 
0.000000 0.414345 0.585655 0.000000 
0.000000 0.246341 0.753658 0.000000 
0.000000 0.722251 0.277749 0.000000 
0.000000 0.946088 0.053912 0.000000 
0.000000 1.000000 0.000000 0.000000 
0.000000 1.000000 0.000000 0.000000 
0.000000 0.924168 0.000000 0.075832 
0.000000 0.208204 0.000000 0.791796 
0.000000 0.993675 0.000000 0.006325 
0.000000 0.999907 0.000000 0.000093 
0.000000 0.794887 0.000000 0.205113 
0.000000 0.984056 0.000000 0.015944 
0.000000 0.999979 0.000000 0.000021 
0.000000 1.000000 0.000000 0.000000 
0.000000 1.000000 0.000000 0.000000 
0.000000 1.000000 0.000000 0.000000 
0.000000 1.000000 0.000000 0.000000 
0.000000 0.996375 0.000000 0.003625 
0.000000 1.000000 0.000000 0.000000 
0.000000 1.000000 0.000000 0.000000 
0.000000 1.000000 0.000000 0.000000 
0.000000 1.000000 0.000000 0.000000 
0.000000 1.000000 0.000000 0.000000 
0.000000 1.000000 0.000000 0.000000 
0.000000 1.000000 0.000000 0.000000 
0.000000 1.000000 0.000000 0.000000 
0.000000 0.975860 0.000000 0.024140 
0.000000 0.510812 0.000000 0.489188 
0.000000 0.946111 0.000000 0.053889 
0.000000 0.678272 0.000000 0.321728 
0.000000 0.936565 0.000000 0.063435 
0.000000 0.707456 0.000000 0.292544 
0.000000 0.508061 0.000000 0.491939 
0.000000 0.442853 0.000000 0.557147 
0.000000 0.114232 0.000000 0.885768 
0.000000 0.361248 0.000000 0.638752 
0.000000 0.738714 0.000000 0.261286 
0.000000 0.377122 0.000000 0.622878 
0.000000 0.902699 0.000000 0.097301 
0.000000 0.368696 0.000000 0.631304 
0.000000 0.538197 0.000000 0.461803 
0.000000 0.914543 0.000000 0.085457 
0.000000 0.601474 0.000000 0.398526 
0.000000 0.999764 0.000000 0.000236 
0.000000 0.970954 0.000000 0.029046 
0.000000 0.556959 0.000000 0.443041 
0.000000 0.438925 0.000000 0.561075 
0.000000 0.882610 0.000000 0.117390 
0.000000 0.705032 0.000000 0.294968 
0.000000 0.431099 0.000000 0.568901 
0.000000 0.480410 0.000000 0.519590 
0.000000 0.782205 0.000000 0.217795 
0.000000 0.247990 0.000000 0.752010 
0.000000 0.637351 0.000073 0.362576 
0.000000 0.516352 0.000000 0.483648 
0.000000 0.832351 0.000000 0.167649 
0.000000 0.970910 0.000022 0.029068 
0.000000 0.857825 0.000699 0.141477 
0.000000 0.627888 0.319467 0.052645 
0.000000 0.012553 0.912212 0.075235 
0.000000 0.111810 0.003563 0.884627 
0.000000 0.581251 0.000071 0.418679 
0.000000 0.197809 0.000144 0.802046 
