0.253601 0.252835 0.239650 0.253914 
0.264046 0.264341 0.214140 0.257473 
0.325068 0.325433 0.024088 0.325411 
0.322951 0.341530 0.000121 0.335398 
0.316238 0.356686 0.000001 0.327075 
0.305703 0.370141 0.000016 0.324140 
0.282993 0.369357 0.000000 0.347650 
0.257826 0.326697 0.000011 0.415465 
0.245478 0.335283 0.028127 0.391112 
0.250204 0.326106 0.000067 0.423623 
0.231111 0.341998 0.002014 0.424877 
0.233306 0.338971 0.000394 0.427329 
0.217797 0.361112 0.001574 0.419518 
0.208359 0.332734 0.378441 0.080465 
0.204022 0.336003 0.092383 0.367592 
0.193598 0.350185 0.222316 0.233901 
0.194382 0.348538 0.228211 0.228868 
0.188973 0.376329 0.111284 0.323413 
0.185100 0.268646 0.169859 0.376395 
0.202712 0.334858 0.094512 0.367918 
0.189880 0.271031 0.234815 0.304275 
0.186177 0.379421 0.323475 0.110926 
0.197653 0.373166 0.327848 0.101333 
0.189698 0.382112 0.062841 0.365349 
0.192177 0.360604 0.252116 0.195103 
0.209865 0.409425 0.013580 0.367130 
0.243985 0.440721 0.000311 0.314983 
0.259420 0.433198 0.000046 0.307336 
0.257552 0.417945 0.000032 0.324472 
0.247190 0.408891 0.000277 0.343643 
0.255185 0.375709 0.000002 0.369103 
0.247985 0.398128 0.000026 0.353862 
0.248116 0.398756 0.000019 0.353109 
0.231838 0.329947 0.001488 0.436727 
0.219948 0.368155 0.000734 0.411164 
0.226885 0.401151 0.000201 0.371764 
0.219718 0.425955 0.002338 0.351988 
0.231405 0.430349 0.001000 0.337246 
0.196254 0.388805 0.036300 0.378640 
0.198567 0.255162 0.191119 0.355152 
0.214313 0.427019 0.036039 0.322629 
0.201015 0.405431 0.031289 0.362265 
0.213274 0.430109 0.010239 0.346379 
0.208747 0.420266 0.013391 0.357596 
0.195212 0.169247 0.372660 0.262881 
0.196667 0.252852 0.354309 0.196172 
0.190787 0.326142 0.375870 0.107202 
0.188316 0.147008 0.374934 0.289742 
0.182193 0.271036 0.189309 0.357462 
0.177375 0.243206 0.312926 0.266493 
0.176925 0.295053 0.266700 0.261321 
0.177190 0.253052 0.281731 0.288027 
0.175590 0.264936 0.285388 0.274086 
0.177703 0.247386 0.311489 0.263421 
0.183936 0.168405 0.273282 0.374377 
0.191684 0.084278 0.374181 0.349857 
0.189747 0.165374 0.370390 0.274490 
0.186095 0.160377 0.375998 0.277530 
0.180976 0.210927 0.329608 0.278489 
0.174846 0.261159 0.257671 0.306325 
0.175296 0.243090 0.291002 0.290613 
0.183187 0.109249 0.334482 0.373082 
0.192842 0.039920 0.383633 0.383606 
0.200443 0.392877 0.047421 0.359259 
0.206432 0.368108 0.102671 0.322790 
0.196997 0.058309 0.381850 0.362844 
0.208732 0.003746 0.403733 0.383789 
0.175878 0.340459 0.243230 0.240432 
0.175510 0.317827 0.237498 0.269166 
0.187272 0.299716 0.138778 0.374234 
0.245502 0.125795 0.356554 0.272149 
0.240644 0.024937 0.447068 0.287351 
0.270830 0.172421 0.406997 0.149752 
0.301408 0.272423 0.387087 0.039082 
0.243304 0.476334 0.057498 0.222865 
0.196580 0.378792 0.043650 0.380978 
0.200083 0.381422 0.036369 0.382126 
0.222653 0.426396 0.001310 0.349642 
0.217605 0.418052 0.003491 0.360852 
0.284037 0.522894 0.000661 0.192407 
0.211036 0.427817 0.018418 0.342729 
0.249808 0.493985 0.012430 0.243777 
0.274911 0.543735 0.021858 0.159496 
0.311157 0.608886 0.020690 0.059266 
0.338201 0.622043 0.012516 0.027240 
0.311081 0.601911 0.014336 0.072672 
0.310763 0.563513 0.023790 0.101933 
0.278496 0.528066 0.001862 0.191576 
0.258246 0.498071 0.002732 0.240952 
0.280816 0.498644 0.000278 0.220262 
0.258958 0.446073 0.000185 0.294784 
0.236808 0.423601 0.000243 0.339348 
0.274497 0.490794 0.022449 0.212261 
0.209059 0.393590 0.001977 0.395374 
0.207762 0.375421 0.016958 0.399858 
0.206852 0.396589 0.002766 0.393793 
0.192991 0.385137 0.039161 0.382711 
0.182551 0.373811 0.131624 0.312014 
0.183334 0.377988 0.155174 0.283505 
0.178116 0.328242 0.312010 0.181632 
0.186661 0.382117 0.359977 0.071245 
0.206423 0.394202 0.394269 0.005107 
0.217827 0.391752 0.390021 0.000401 
0.204070 0.375833 0.411527 0.008570 
0.209377 0.399011 0.004600 0.387012 
0.201869 0.400953 0.008739 0.388440 
0.206768 0.410703 0.010607 0.371922 
0.201670 0.366012 0.088347 0.343971 
0.195608 0.344609 0.082519 0.377263 
0.212349 0.350640 0.124318 0.312693 
0.239101 0.024237 0.451909 0.284753 
0.235684 0.013222 0.462559 0.288535 
0.225457 0.084236 0.374376 0.315931 
0.237432 0.005762 0.439773 0.317033 
0.193835 0.117425 0.313848 0.374891 
0.215848 0.427144 0.034895 0.322114 
0.227165 0.335379 0.138506 0.298950 
0.234721 0.100861 0.409468 0.254950 
0.258782 0.000794 0.477505 0.262919 
0.239405 0.004278 0.468348 0.287969 
0.226729 0.189593 0.333660 0.250018 
0.216921 0.267468 0.240671 0.274941 
0.239320 0.119969 0.383013 0.257698 
0.221403 0.216440 0.275532 0.286625 
0.234129 0.050800 0.454079 0.260992 
0.229236 0.153797 0.364934 0.252033 
0.231941 0.297634 0.229853 0.240572 
0.230815 0.334525 0.199844 0.234816 
0.224997 0.289342 0.237434 0.248227 
0.234815 0.255398 0.254604 0.255182 
0.250790 0.003722 0.487588 0.257900 
0.226315 0.000963 0.421603 0.351118 
0.206926 0.067580 0.390540 0.334954 
0.188779 0.079873 0.368119 0.363229 
0.181894 0.279590 0.175308 0.363208 
0.180730 0.371207 0.224203 0.223860 
0.176832 0.339289 0.271887 0.211992 
0.197824 0.369375 0.355869 0.076932 
0.224345 0.152737 0.275233 0.347685 
0.224438 0.027327 0.296748 0.451488 
0.226608 0.008771 0.310243 0.454377 
0.221584 0.093130 0.298931 0.386355 
0.205085 0.206099 0.312789 0.276027 
0.303556 0.000000 0.386997 0.309447 
0.337683 0.000317 0.514179 0.147821 
0.303024 0.000014 0.482543 0.214418 
0.257430 0.000002 0.356144 0.386424 
0.399065 0.000000 0.489217 0.111717 
0.424138 0.000000 0.483429 0.092433 
0.419209 0.000000 0.441912 0.138879 
0.397450 0.000000 0.448347 0.154202 
0.425172 0.000000 0.470071 0.104757 
0.395395 0.000000 0.413863 0.190741 
0.337061 0.000000 0.346958 0.315981 
0.387514 0.000000 0.387811 0.224675 
0.332701 0.000000 0.340503 0.326796 
0.286720 0.000001 0.286680 0.426598 
0.296375 0.000000 0.300815 0.402809 
0.273373 0.000039 0.272734 0.453854 
0.272546 0.000045 0.271366 0.456043 
0.365171 0.000000 0.368556 0.266273 
0.326629 0.000000 0.339765 0.333606 
0.277354 0.000000 0.350234 0.372412 
0.228064 0.175428 0.257515 0.338994 
0.233827 0.034148 0.266064 0.465961 
0.281025 0.000001 0.302676 0.416298 
0.365857 0.000000 0.380684 0.253459 
0.315206 0.000000 0.311568 0.373226 
0.239572 0.042906 0.250227 0.467295 
0.254236 0.001483 0.264924 0.479358 
0.281734 0.000003 0.288846 0.429417 
0.233429 0.014743 0.284852 0.466975 
0.234008 0.014312 0.286557 0.465123 
0.277064 0.000001 0.391448 0.331488 
0.309402 0.000023 0.501063 0.189511 
0.200750 0.024526 0.403312 0.371413 
0.192640 0.222348 0.220886 0.364127 
0.188813 0.284412 0.152145 0.374630 
0.177410 0.226764 0.291760 0.304066 
0.182164 0.132480 0.355075 0.330281 
0.184181 0.249235 0.209232 0.357353 
0.195972 0.374897 0.086969 0.342162 
0.220838 0.438216 0.021351 0.319595 
0.316661 0.408199 0.264056 0.011083 
0.327004 0.085784 0.584534 0.002678 
0.324383 0.041649 0.619518 0.014450 
0.322149 0.287197 0.390633 0.000022 
0.318181 0.346284 0.335508 0.000026 
0.323547 0.113549 0.562430 0.000474 
0.330246 0.073366 0.596186 0.000201 
0.345014 0.015177 0.639786 0.000022 
0.354231 0.015805 0.629964 0.000001 
0.333768 0.492897 0.169304 0.004032 
0.329072 0.479881 0.184188 0.006859 
0.306583 0.313284 0.349719 0.030414 
0.313158 0.342911 0.342531 0.001400 
0.333605 0.033128 0.631131 0.002136 
0.307241 0.267059 0.417018 0.008682 
0.304743 0.305310 0.378327 0.011620 
0.310281 0.463354 0.216743 0.009623 
0.303138 0.328744 0.354298 0.013820 
0.298517 0.233025 0.424781 0.043677 
0.297271 0.521158 0.130308 0.051264 
0.266882 0.419157 0.186023 0.127937 
0.256035 0.399547 0.185771 0.158646 
0.180776 0.235323 0.260700 0.323202 
0.187834 0.319842 0.115483 0.376840 
0.197966 0.042189 0.381873 0.377972 
0.186778 0.208758 0.373220 0.231244 
0.189110 0.377320 0.385111 0.048458 
0.190399 0.377872 0.075023 0.356706 
0.228084 0.391626 0.000105 0.380186 
0.192166 0.370930 0.085251 0.351653 
0.194583 0.353973 0.138207 0.313237 
0.196720 0.337757 0.232813 0.232711 
0.208863 0.349396 0.337522 0.104219 
0.209360 0.340955 0.364122 0.085563 
0.229997 0.382793 0.000798 0.386412 
0.187558 0.367555 0.211426 0.233461 
0.200637 0.387187 0.012956 0.399221 
0.188374 0.373921 0.138790 0.298915 
0.186238 0.371440 0.237309 0.205013 
0.182318 0.377995 0.232796 0.206892 
0.185121 0.376082 0.268006 0.170791 
0.185683 0.161035 0.348074 0.305207 
0.208773 0.050476 0.405261 0.335490 
0.201585 0.030411 0.394317 0.373687 
0.191961 0.266224 0.177878 0.363937 
0.179441 0.250565 0.356219 0.213774 
0.189954 0.148211 0.291334 0.370501 
0.181150 0.197203 0.364322 0.257325 
0.192712 0.100095 0.371217 0.335977 
0.203915 0.004961 0.396090 0.395034 
0.218897 0.029634 0.438769 0.312700 
0.293668 0.000005 0.454864 0.251462 
0.246968 0.001185 0.286817 0.465030 
0.222290 0.251039 0.258940 0.267731 
0.268317 0.000821 0.238211 0.492652 
0.255703 0.021242 0.227774 0.495282 
0.344685 0.000000 0.237062 0.418253 
0.363981 0.000000 0.267490 0.368529 
0.248619 0.000012 0.369908 0.381462 
0.194502 0.350489 0.370650 0.084359 
0.216480 0.245622 0.298153 0.239745 
0.231497 0.041371 0.275723 0.451408 
0.242689 0.000016 0.372453 0.384842 
0.221722 0.004827 0.334469 0.438981 
0.292278 0.000000 0.366852 0.340870 
0.210083 0.001489 0.395901 0.392526 
0.269345 0.321637 0.299202 0.109816 
0.250102 0.232972 0.343915 0.173012 
0.254914 0.312875 0.273998 0.158213 
0.319173 0.008780 0.620933 0.051115 
0.353900 0.000104 0.594497 0.051499 
0.360208 0.000008 0.556097 0.083687 
0.349048 0.000232 0.603714 0.047007 
0.288070 0.000203 0.505506 0.206222 
0.477236 0.000000 0.400932 0.121832 
0.382858 0.000000 0.145707 0.471434 
0.489688 0.000000 0.103863 0.406450 
0.459701 0.000000 0.112492 0.427807 
0.324633 0.000680 0.095211 0.579476 
0.271928 0.007304 0.192014 0.528754 
0.277051 0.302790 0.091890 0.328269 
0.294470 0.175919 0.062955 0.466657 
0.334377 0.000429 0.074576 0.590618 
0.344469 0.001259 0.037840 0.616433 
0.331207 0.002172 0.054754 0.611867 
0.333907 0.039380 0.025833 0.600880 
0.343982 0.000329 0.064500 0.591189 
0.311715 0.000018 0.188320 0.499948 
0.281515 0.000013 0.272200 0.446272 
0.294987 0.000232 0.191920 0.512861 
0.284405 0.009206 0.149228 0.557161 
0.296416 0.000024 0.221952 0.481608 
0.257551 0.009549 0.224337 0.508564 
0.216047 0.010014 0.368485 0.405455 
0.211607 0.018804 0.344085 0.425505 
0.234001 0.070808 0.253434 0.441757 
0.263003 0.059672 0.176219 0.501107 
0.286488 0.069666 0.092393 0.551453 
0.300968 0.134168 0.042041 0.522823 
0.339005 0.010153 0.004419 0.646423 
0.266160 0.186476 0.134666 0.412699 
0.283739 0.020067 0.129097 0.567097 
0.276022 0.024915 0.145723 0.553340 
0.294046 0.309225 0.044678 0.352052 
0.315946 0.005928 0.070836 0.607289 
0.320535 0.000086 0.136940 0.542439 
0.335482 0.000241 0.083524 0.580753 
0.285138 0.020562 0.135020 0.559280 
0.331166 0.011789 0.017207 0.639838 
0.309851 0.054034 0.049235 0.586880 
0.296305 0.020434 0.096060 0.587201 
0.289107 0.016965 0.152451 0.541477 
0.297772 0.555764 0.136669 0.009794 
0.234988 0.440594 0.264520 0.059898 
0.251932 0.498930 0.241937 0.007200 
0.247456 0.414557 0.206211 0.131776 
0.191921 0.070841 0.360953 0.376286 
0.189546 0.140556 0.295626 0.374272 
0.186237 0.202936 0.237794 0.373033 
0.194763 0.222189 0.229487 0.353561 
0.204571 0.400337 0.029100 0.365992 
0.198601 0.403051 0.019923 0.378425 
0.203455 0.331532 0.167255 0.297758 
0.207989 0.306309 0.210014 0.275689 
0.215547 0.286409 0.198857 0.299187 
0.248952 0.209666 0.116199 0.425184 
0.254313 0.178727 0.116592 0.450369 
0.245602 0.192482 0.232290 0.329627 
0.302095 0.141752 0.001199 0.554954 
0.290928 0.054844 0.412360 0.241868 
0.309680 0.062174 0.584953 0.043193 
0.277218 0.123715 0.534366 0.064701 
0.293985 0.111103 0.016152 0.578760 
0.276817 0.106953 0.141175 0.475055 
0.286068 0.061550 0.300836 0.351546 
0.298156 0.038332 0.222797 0.440715 
0.280546 0.082708 0.283803 0.352943 
0.272764 0.113678 0.364941 0.248617 
0.260999 0.159881 0.442929 0.136191 
0.233828 0.227422 0.283234 0.255516 
0.256905 0.144242 0.300636 0.298217 
0.258933 0.176203 0.099016 0.465848 
0.264579 0.150269 0.090971 0.494182 
0.299817 0.152863 0.000604 0.546716 
0.262014 0.134223 0.324444 0.279318 
0.256312 0.174042 0.103625 0.466021 
0.256598 0.226263 0.193729 0.323411 
0.228669 0.256045 0.413322 0.101964 
0.251460 0.247309 0.493668 0.007562 
0.290948 0.135910 0.005161 0.567981 
0.348590 0.123897 0.000005 0.527508 
0.360511 0.103959 0.000002 0.535528 
0.387908 0.166896 0.000000 0.445196 
0.423369 0.402450 0.000000 0.174180 
0.337126 0.344854 0.000000 0.318020 
0.299182 0.328448 0.000000 0.372370 
0.238134 0.359556 0.000063 0.402247 
0.210393 0.325353 0.328880 0.135373 
0.224864 0.292252 0.441253 0.041631 
0.239679 0.251360 0.483196 0.025765 
0.256840 0.219415 0.031856 0.491890 
0.294285 0.166010 0.001352 0.538353 
0.252826 0.224338 0.340961 0.181875 
0.224473 0.282053 0.246619 0.246855 
0.193903 0.375671 0.066324 0.364102 
0.180327 0.364752 0.221553 0.233368 
0.198746 0.370858 0.045038 0.385358 
0.192501 0.361852 0.246943 0.198703 
0.209825 0.362788 0.007591 0.419796 
0.187378 0.369522 0.220375 0.222726 
0.189695 0.368167 0.186679 0.255459 
0.191918 0.382182 0.385482 0.040419 
0.187105 0.120730 0.374561 0.317604 
0.176257 0.243788 0.317414 0.262540 
0.175087 0.292922 0.265915 0.266076 
0.181414 0.220725 0.220754 0.377107 
0.181604 0.270174 0.264267 0.283956 
0.194540 0.124204 0.314807 0.366450 
0.199758 0.041348 0.388558 0.370336 
0.244432 0.000023 0.399193 0.356351 
0.233411 0.000165 0.372031 0.394392 
0.231817 0.000927 0.429070 0.338187 
0.240344 0.000039 0.402987 0.356629 
0.259132 0.000037 0.432318 0.308514 
0.246408 0.000364 0.443591 0.309637 
0.229947 0.008164 0.455962 0.305928 
0.229883 0.272508 0.227339 0.270270 
0.220180 0.311170 0.194681 0.273968 
0.215971 0.225113 0.273777 0.285139 
0.209323 0.271390 0.217937 0.301350 
0.211855 0.014109 0.425515 0.348520 
0.204445 0.181169 0.295026 0.319360 
0.216311 0.430600 0.005233 0.347855 
0.195347 0.387737 0.037935 0.378981 
0.221845 0.417565 0.000905 0.359685 
0.224695 0.399337 0.000824 0.375144 
0.234231 0.381455 0.000065 0.384249 
0.234457 0.437238 0.023158 0.305148 
0.275812 0.436116 0.000029 0.288042 
0.257800 0.476718 0.000694 0.264788 
0.237352 0.474037 0.019169 0.269442 
0.237006 0.180602 0.309910 0.272482 
0.228612 0.066758 0.393608 0.311022 
0.239819 0.001031 0.449150 0.309999 
0.226709 0.176743 0.336129 0.260419 
0.230080 0.209411 0.324667 0.235843 
0.229504 0.271199 0.268110 0.231188 
0.250591 0.003762 0.491802 0.253846 
0.234236 0.120299 0.403309 0.242155 
0.237467 0.028796 0.476073 0.257664 
0.237356 0.003996 0.468094 0.290554 
0.219950 0.260366 0.257618 0.262065 
0.224693 0.252722 0.270013 0.252572 
0.226287 0.335024 0.187880 0.250808 
0.237244 0.391310 0.128513 0.242933 
0.243887 0.170432 0.339494 0.246187 
0.231286 0.318183 0.219608 0.230924 
0.225788 0.266988 0.263935 0.243290 
0.223889 0.268322 0.258157 0.249632 
0.209532 0.261126 0.231373 0.297970 
0.206260 0.223530 0.254910 0.315299 
0.203915 0.389428 0.043866 0.362790 
0.192011 0.373753 0.239207 0.195029 
0.194551 0.390112 0.018972 0.396365 
0.180680 0.365578 0.138871 0.314871 
0.191604 0.354333 0.076082 0.377980 
0.242629 0.319085 0.220266 0.218020 
0.199822 0.376617 0.073412 0.350149 
0.190467 0.091969 0.344520 0.373045 
0.197255 0.269375 0.186196 0.347175 
0.268280 0.490528 0.107002 0.134189 
0.212135 0.336658 0.151983 0.299224 
0.210294 0.285682 0.205676 0.298348 
0.246995 0.309773 0.263729 0.179502 
0.217071 0.067351 0.411436 0.304143 
0.225523 0.287587 0.241306 0.245584 
0.225940 0.221847 0.304874 0.247339 
0.242555 0.000024 0.400331 0.357090 
0.305025 0.000006 0.468980 0.225989 
0.327641 0.002246 0.599854 0.070259 
0.305694 0.055379 0.573800 0.065127 
0.282554 0.215150 0.388835 0.113461 
0.259600 0.267026 0.321523 0.151851 
0.278597 0.519780 0.088141 0.113482 
0.257790 0.465581 0.103379 0.173250 
0.260322 0.368810 0.211264 0.159605 
0.304814 0.226921 0.403582 0.064683 
0.315108 0.089235 0.575226 0.020432 
0.305480 0.004641 0.581159 0.108720 
0.273298 0.023636 0.515309 0.187757 
0.191237 0.185314 0.347096 0.276353 
0.184269 0.310828 0.203077 0.301826 
0.183274 0.269878 0.319162 0.227686 
0.184372 0.335630 0.335972 0.144026 
0.176966 0.295790 0.273076 0.254167 
0.177479 0.298824 0.248044 0.275654 
0.176281 0.272127 0.275069 0.276523 
0.182954 0.216145 0.228532 0.372369 
0.178840 0.281280 0.271709 0.268172 
0.183279 0.327780 0.327981 0.160961 
0.184927 0.306803 0.134502 0.373768 
0.177320 0.254584 0.291351 0.276745 
0.185723 0.356264 0.104096 0.353916 
0.182942 0.375308 0.267580 0.174170 
0.206737 0.051832 0.359262 0.382170 
0.191896 0.362111 0.376755 0.069239 
0.220735 0.255604 0.277829 0.245832 
0.245522 0.260829 0.183124 0.310525 
0.225336 0.001031 0.353925 0.419708 
0.265517 0.000011 0.307694 0.426779 
0.232667 0.000043 0.379708 0.387582 
0.211383 0.001244 0.386659 0.400713 
0.184515 0.141216 0.296207 0.378062 
0.179883 0.214598 0.230944 0.374575 
0.177544 0.264035 0.229566 0.328856 
0.177498 0.221087 0.255502 0.345912 
0.193985 0.269647 0.183987 0.352381 
0.219091 0.003359 0.364837 0.412713 
0.206605 0.282679 0.315069 0.195647 
0.211451 0.202524 0.296616 0.289409 
0.199991 0.208917 0.328934 0.262158 
0.221631 0.370588 0.269807 0.137974 
0.254656 0.314315 0.157252 0.273778 
0.273242 0.433016 0.109038 0.184704 
0.251616 0.290357 0.163225 0.294802 
0.251431 0.035543 0.213084 0.499942 
0.295307 0.000000 0.298646 0.406047 
0.261008 0.000291 0.281810 0.456891 
0.253111 0.000002 0.382953 0.363935 
0.181466 0.206728 0.238546 0.373260 
0.191074 0.050079 0.375012 0.383835 
0.204883 0.013949 0.415282 0.365886 
0.192762 0.057637 0.374722 0.374879 
0.204357 0.011157 0.415065 0.369421 
0.230072 0.002888 0.447879 0.319161 
0.205999 0.022737 0.418164 0.353100 
0.202998 0.006122 0.407340 0.383539 
0.227162 0.000082 0.385750 0.387007 
0.208523 0.089210 0.320275 0.381992 
0.190243 0.220770 0.359778 0.229208 
0.192414 0.225831 0.351366 0.230389 
0.212364 0.001630 0.391136 0.394870 
0.193402 0.029721 0.388591 0.388286 
0.189466 0.271129 0.318706 0.220699 
0.200445 0.391591 0.393722 0.014242 
0.212388 0.408671 0.377396 0.001545 
0.199955 0.377244 0.379571 0.043230 
0.201077 0.344361 0.372777 0.081786 
0.186185 0.376770 0.178967 0.258078 
0.182989 0.377781 0.229064 0.210167 
0.176211 0.313284 0.259663 0.250842 
0.178828 0.220812 0.357585 0.242775 
0.189907 0.094312 0.376639 0.339142 
0.191798 0.224046 0.359705 0.224452 
0.185438 0.211614 0.376753 0.226195 
0.182502 0.156943 0.375382 0.285173 
0.213782 0.093819 0.304857 0.387542 
0.198970 0.204093 0.336642 0.260295 
0.209182 0.265372 0.303394 0.222052 
0.182943 0.326131 0.361679 0.129247 
0.177697 0.252606 0.239112 0.330586 
0.192028 0.348661 0.084953 0.374358 
0.183725 0.373756 0.263840 0.178679 
0.181257 0.375970 0.246511 0.196262 
0.178578 0.335926 0.307529 0.177967 
0.191264 0.316587 0.115383 0.376766 
0.217036 0.433486 0.037181 0.312297 
0.181159 0.163175 0.280265 0.375401 
0.184562 0.167951 0.270225 0.377261 
0.190401 0.054975 0.371898 0.382726 
0.187706 0.093934 0.338315 0.380044 
0.188392 0.122019 0.315578 0.374011 
0.223459 0.208420 0.310275 0.257846 
0.216904 0.095941 0.393506 0.293650 
0.203758 0.285860 0.169641 0.340740 
0.228495 0.311091 0.219885 0.240529 
0.199318 0.116970 0.338995 0.344717 
0.196224 0.142938 0.311234 0.349604 
0.175742 0.248898 0.246862 0.328498 
0.175926 0.250899 0.333443 0.239732 
0.185766 0.226233 0.216174 0.371828 
0.182965 0.195587 0.244052 0.377396 
0.195917 0.103299 0.343913 0.356871 
0.174703 0.278092 0.254336 0.292869 
0.179654 0.305895 0.156718 0.357732 
0.182602 0.266872 0.305327 0.245200 
0.184987 0.220944 0.375498 0.218572 
0.178081 0.242991 0.327262 0.251666 
0.210142 0.185269 0.324619 0.279970 
0.196226 0.368643 0.364876 0.070256 
0.188342 0.052263 0.378047 0.381348 
0.183751 0.144431 0.365501 0.306317 
0.190354 0.360496 0.378020 0.071130 
0.196875 0.220050 0.345172 0.237903 
0.258584 0.000219 0.283424 0.457773 
0.234176 0.000063 0.363616 0.402145 
0.200881 0.063097 0.384034 0.351988 
0.204794 0.034817 0.410148 0.350241 
0.191164 0.239495 0.356287 0.213055 
0.186534 0.187680 0.372213 0.253573 
0.233467 0.289518 0.222771 0.254245 
0.253917 0.081468 0.184705 0.479909 
0.256458 0.403308 0.159120 0.181115 
0.294752 0.542819 0.158721 0.003708 
0.254191 0.505026 0.198387 0.042396 
0.288559 0.431009 0.113221 0.167211 
0.271311 0.533606 0.177799 0.017285 
0.262577 0.435768 0.301074 0.000581 
0.323598 0.528966 0.147378 0.000058 
0.261456 0.488532 0.249144 0.000868 
0.207553 0.131314 0.328582 0.332551 
0.239472 0.116785 0.224783 0.418960 
0.260306 0.184551 0.160838 0.394306 
0.296045 0.107125 0.057020 0.539811 
0.273669 0.000003 0.304443 0.421885 
0.201854 0.006105 0.400220 0.391821 
0.266752 0.000007 0.412600 0.320640 
0.282370 0.000000 0.377539 0.340091 
0.239027 0.000016 0.386542 0.374415 
0.232828 0.016265 0.471196 0.279711 
0.204354 0.176507 0.300585 0.318554 
0.180068 0.155563 0.326325 0.338044 
0.176358 0.239669 0.265545 0.318428 
0.192688 0.227429 0.229416 0.350467 
0.187048 0.147041 0.374680 0.291231 
0.183346 0.124670 0.378178 0.313806 
0.184216 0.190562 0.377060 0.248162 
0.177621 0.212988 0.355744 0.253647 
0.177899 0.228428 0.365718 0.227955 
0.176345 0.217071 0.312472 0.294112 
0.188913 0.194510 0.246411 0.370166 
0.218224 0.000588 0.388634 0.392554 
0.218447 0.001315 0.371967 0.408271 
0.210651 0.016000 0.345003 0.428345 
0.221936 0.055415 0.289909 0.432740 
0.186274 0.277573 0.377211 0.158942 
0.176223 0.296263 0.220652 0.306862 
0.184811 0.301834 0.134788 0.378566 
0.186263 0.227279 0.215838 0.370620 
0.186258 0.138677 0.297806 0.377259 
0.196627 0.168025 0.291904 0.343443 
0.195382 0.235783 0.226702 0.342134 
0.194999 0.229830 0.231552 0.343620 
0.207114 0.228930 0.254869 0.309088 
0.211986 0.207281 0.286028 0.294705 
0.214698 0.135916 0.340882 0.308504 
0.225006 0.084851 0.416743 0.273400 
0.265103 0.000079 0.450914 0.283905 
0.233563 0.001516 0.446699 0.318222 
0.214135 0.219418 0.286362 0.280086 
0.213436 0.228205 0.287309 0.271050 
0.248461 0.019608 0.233571 0.498360 
0.250866 0.033224 0.219938 0.495971 
0.223739 0.122718 0.273291 0.380252 
0.270952 0.186946 0.131225 0.410877 
0.269968 0.455607 0.126151 0.148274 
0.250354 0.103219 0.189414 0.457013 
0.220343 0.391028 0.280805 0.107824 
0.223736 0.434537 0.333043 0.008684 
0.258723 0.462276 0.278723 0.000279 
0.290686 0.449557 0.259742 0.000014 
0.305351 0.138347 0.119396 0.436907 
0.327863 0.000396 0.095435 0.576306 
0.262842 0.145552 0.148753 0.442853 
0.307184 0.007902 0.103141 0.581772 
0.338222 0.003560 0.024321 0.633897 
0.286191 0.329548 0.062325 0.321936 
0.264363 0.303539 0.124472 0.307626 
0.208894 0.305125 0.305852 0.180129 
0.196154 0.231766 0.341346 0.230734 
0.179450 0.230731 0.372232 0.217588 
0.189461 0.132244 0.307099 0.371196 
0.186623 0.293311 0.354499 0.165567 
0.178273 0.231553 0.292984 0.297190 
0.182768 0.335091 0.110931 0.371210 
0.197422 0.377873 0.366733 0.057972 
0.192346 0.065568 0.379586 0.362500 
0.187893 0.135366 0.363727 0.313014 
0.177701 0.321306 0.211840 0.289154 
0.235127 0.145862 0.387208 0.231803 
0.240919 0.267154 0.284367 0.207560 
0.222478 0.219277 0.298548 0.259697 
0.206298 0.253296 0.227950 0.312456 
0.198511 0.241069 0.226705 0.333716 
0.209096 0.144324 0.338696 0.307884 
0.218961 0.259760 0.245356 0.275922 
0.234982 0.474818 0.024147 0.266053 
0.216747 0.436230 0.013469 0.333554 
0.263233 0.496225 0.005201 0.235341 
0.252544 0.471161 0.065662 0.210633 
0.228714 0.454238 0.013530 0.303518 
0.236994 0.474253 0.012966 0.275787 
0.290062 0.000322 0.510697 0.198920 
0.242848 0.000068 0.344006 0.413078 
0.280007 0.000048 0.467766 0.252179 
0.217286 0.000615 0.380835 0.401264 
0.250999 0.000450 0.289050 0.459502 
0.247245 0.000330 0.304548 0.447878 
0.240155 0.000017 0.370646 0.389182 
0.343033 0.000086 0.568424 0.088457 
0.272299 0.003309 0.518300 0.206091 
0.213472 0.049020 0.327827 0.409681 
0.204224 0.029815 0.353792 0.412169 
0.269307 0.000139 0.261395 0.469159 
0.258674 0.031957 0.199506 0.509864 
0.234247 0.020069 0.309519 0.436165 
0.217747 0.380799 0.336115 0.065340 
0.194111 0.374037 0.375789 0.056063 
0.208815 0.289807 0.356046 0.145332 
0.193238 0.374929 0.333623 0.098210 
0.192518 0.354541 0.256816 0.196125 
0.191721 0.370320 0.099785 0.338174 
0.190085 0.377428 0.100789 0.331698 
0.198969 0.358172 0.077505 0.365354 
0.233906 0.373066 0.000050 0.392979 
0.247366 0.412041 0.000048 0.340545 
0.276090 0.528789 0.002797 0.192324 
0.274433 0.503247 0.001344 0.220976 
0.305551 0.559485 0.001846 0.133118 
0.299594 0.561008 0.001815 0.137584 
0.278923 0.487006 0.000827 0.233244 
0.322995 0.584562 0.000874 0.091569 
0.362842 0.627637 0.000360 0.009161 
0.345026 0.644925 0.006640 0.003408 
0.345306 0.620955 0.033707 0.000032 
0.344586 0.646423 0.006146 0.002845 
0.328688 0.623804 0.003920 0.043587 
0.288600 0.371104 0.241637 0.098659 
0.291113 0.293779 0.368178 0.046930 
0.295931 0.432820 0.230845 0.040403 
0.253775 0.316852 0.269921 0.159451 
0.259847 0.001823 0.494013 0.244316 
0.249890 0.011149 0.502230 0.236730 
0.196916 0.020083 0.401374 0.381626 
0.183084 0.277136 0.178693 0.361087 
0.179593 0.262390 0.191015 0.367002 
0.178196 0.347986 0.211413 0.262405 
0.175184 0.294078 0.270006 0.260732 
0.185275 0.350381 0.086080 0.378264 
0.190559 0.194307 0.241799 0.373335 
0.186667 0.376627 0.336105 0.100600 
0.188529 0.378102 0.106029 0.327340 
0.187337 0.370569 0.202668 0.239425 
0.194954 0.385418 0.030979 0.388649 
0.198582 0.379051 0.382618 0.039749 
0.218262 0.387499 0.393736 0.000503 
0.218103 0.357501 0.406756 0.017640 
0.226380 0.309786 0.326331 0.137502 
0.237885 0.313738 0.447328 0.001049 
0.212032 0.321474 0.409352 0.057142 
0.209189 0.307864 0.219253 0.263694 
0.214750 0.286223 0.257850 0.241177 
0.218738 0.283195 0.268302 0.229765 
0.215681 0.306483 0.136252 0.341583 
0.215250 0.303853 0.121953 0.358944 
0.231856 0.312981 0.004114 0.451050 
0.215270 0.317719 0.064601 0.402411 
0.227417 0.297739 0.043677 0.431167 
0.237021 0.306321 0.453612 0.003046 
0.221939 0.280826 0.284824 0.212411 
0.230911 0.334111 0.001993 0.432986 
0.265150 0.408184 0.000012 0.326654 
0.243572 0.452673 0.004913 0.298842 
0.233456 0.357534 0.050622 0.358389 
0.274760 0.000249 0.414532 0.310460 
0.246551 0.002725 0.452860 0.297865 
0.218361 0.146144 0.338610 0.296885 
0.203090 0.243924 0.216866 0.336120 
0.193831 0.117054 0.314428 0.374687 
0.187855 0.196127 0.242316 0.373702 
0.194477 0.178563 0.254062 0.372898 
0.207875 0.300195 0.156711 0.335219 
0.212282 0.261767 0.203344 0.322607 
0.221808 0.093788 0.374124 0.310280 
0.212063 0.229868 0.249499 0.308570 
0.211216 0.319867 0.150346 0.318572 
0.228754 0.439380 0.019979 0.311887 
0.248086 0.458997 0.023547 0.269370 
0.256860 0.480377 0.003044 0.259719 
0.235796 0.450336 0.008930 0.304938 
0.242731 0.453157 0.003188 0.300923 
0.251624 0.461044 0.002538 0.284794 
0.259054 0.449680 0.001088 0.290178 
0.232153 0.436014 0.012035 0.319799 
0.224428 0.411388 0.040436 0.323747 
0.218637 0.099050 0.327063 0.355250 
0.221578 0.004533 0.389137 0.384752 
0.217939 0.043191 0.352504 0.386366 
0.278924 0.006716 0.218983 0.495378 
0.248619 0.190896 0.296144 0.264341 
0.261408 0.496657 0.214707 0.027228 
0.228163 0.429770 0.305275 0.036792 
0.247746 0.010167 0.281224 0.460863 
0.258585 0.000353 0.304186 0.436875 
0.255822 0.000016 0.393776 0.350386 
0.205569 0.191463 0.337860 0.265107 
0.238905 0.290539 0.232991 0.237565 
0.227290 0.095612 0.281213 0.395884 
0.216776 0.172614 0.298274 0.312337 
0.218237 0.179897 0.316613 0.285253 
0.227585 0.064340 0.290408 0.417667 
0.206341 0.237264 0.328430 0.227965 
0.194274 0.225214 0.364673 0.215839 
0.246996 0.069439 0.268064 0.415501 
0.221850 0.335802 0.281963 0.160385 
0.201328 0.235131 0.344949 0.218593 
0.186620 0.219268 0.375296 0.218816 
0.199679 0.037983 0.383207 0.379131 
0.212621 0.007901 0.359428 0.420050 
0.241047 0.000155 0.353770 0.405028 
0.223744 0.002046 0.428750 0.345461 
0.344468 0.000000 0.237686 0.417846 
0.290163 0.000000 0.365039 0.344798 
0.254014 0.000012 0.391109 0.354864 
0.256613 0.000045 0.409240 0.334102 
0.272427 0.000001 0.345997 0.381576 
0.243374 0.000426 0.332660 0.423540 
0.225586 0.000134 0.386540 0.387740 
0.229145 0.006527 0.310346 0.453982 
0.205279 0.071183 0.357669 0.365869 
0.257836 0.000024 0.349699 0.392440 
0.257061 0.000005 0.369248 0.373686 
0.255477 0.000021 0.412237 0.332265 
0.214606 0.215573 0.276444 0.293378 
0.210655 0.285496 0.202821 0.301028 
0.223404 0.301431 0.209520 0.265645 
0.227130 0.329772 0.179627 0.263471 
0.232188 0.380989 0.134560 0.252264 
0.256198 0.354007 0.139045 0.250750 
0.246361 0.472520 0.003410 0.277709 
0.238927 0.232078 0.257608 0.271387 
0.226837 0.071571 0.393274 0.308318 
0.215178 0.167636 0.307251 0.309935 
0.217027 0.232345 0.261363 0.289265 
0.218059 0.162175 0.330952 0.288814 
0.211932 0.221049 0.266808 0.300211 
0.212600 0.243204 0.251992 0.292205 
0.185846 0.145328 0.290936 0.377890 
0.186590 0.266671 0.171580 0.375159 
0.199412 0.188734 0.277005 0.334848 
0.210417 0.047951 0.411958 0.329674 
0.219138 0.005588 0.420071 0.355204 
0.230314 0.000557 0.414754 0.354376 
0.256613 0.000035 0.430318 0.313034 
0.242648 0.000017 0.396815 0.360519 
0.266027 0.000003 0.407824 0.326146 
0.265977 0.000003 0.333434 0.400586 
0.263498 0.000001 0.391055 0.345446 
0.244498 0.002747 0.475846 0.276909 
0.230501 0.175869 0.356567 0.237062 
0.231733 0.185232 0.350765 0.232270 
0.230983 0.330372 0.207041 0.231604 
0.230310 0.171762 0.358986 0.238942 
0.231249 0.199310 0.337613 0.231828 
0.227875 0.358167 0.164155 0.249803 
0.222454 0.121761 0.382287 0.273498 
0.225914 0.284870 0.241938 0.247278 
0.212966 0.093408 0.348142 0.345483 
0.216572 0.001909 0.403366 0.378153 
0.213096 0.060186 0.401497 0.325222 
0.221209 0.000246 0.392606 0.385939 
0.263083 0.000001 0.346244 0.390671 
0.269016 0.000000 0.380370 0.350614 
0.268217 0.000008 0.401517 0.330258 
0.269651 0.000008 0.407198 0.323143 
0.275889 0.000040 0.443446 0.280625 
0.254260 0.011409 0.473858 0.260473 
0.241806 0.459110 0.032022 0.267062 
0.239420 0.329124 0.180274 0.251183 
0.250904 0.477795 0.001550 0.269751 
0.230311 0.429720 0.074074 0.265896 
0.228663 0.460252 0.010283 0.300801 
0.226590 0.434678 0.008830 0.329902 
0.214532 0.422723 0.012251 0.350494 
0.224811 0.441876 0.052435 0.280878 
0.218142 0.136378 0.342510 0.302969 
0.217326 0.246444 0.249448 0.286782 
0.229592 0.126506 0.385779 0.258122 
0.233269 0.044686 0.447286 0.274758 
0.219663 0.093631 0.396413 0.290293 
0.201048 0.274495 0.187205 0.337252 
0.191522 0.085328 0.344292 0.378859 
0.184885 0.166800 0.272711 0.375605 
0.179107 0.304792 0.205367 0.310734 
0.184863 0.326986 0.112686 0.375465 
0.187102 0.280642 0.155491 0.376765 
0.181120 0.286754 0.169919 0.362207 
0.220166 0.318749 0.177657 0.283429 
0.213416 0.315848 0.170406 0.300330 
0.221545 0.167328 0.334841 0.276287 
0.194090 0.119064 0.316805 0.370041 
0.181620 0.227165 0.229182 0.362032 
0.184532 0.165813 0.280925 0.368729 
0.182726 0.183391 0.295877 0.338007 
0.180732 0.295855 0.282310 0.241103 
0.184549 0.153275 0.355194 0.306982 
0.186335 0.211267 0.227245 0.375153 
0.183071 0.205008 0.250105 0.361816 
0.181420 0.228785 0.254109 0.335685 
0.189244 0.221339 0.373611 0.215806 
0.238018 0.002929 0.444970 0.314083 
0.245116 0.012558 0.466037 0.276289 
0.295270 0.000367 0.502874 0.201489 
0.302038 0.000000 0.385530 0.312432 
0.269341 0.000005 0.346229 0.384425 
0.249562 0.000010 0.377631 0.372796 
0.278896 0.001591 0.495145 0.224368 
0.191893 0.329127 0.314889 0.164091 
0.188848 0.373631 0.200217 0.237304 
0.192427 0.368391 0.092949 0.346233 
0.188680 0.367425 0.106547 0.337348 
0.193744 0.352663 0.074594 0.378999 
0.187718 0.313714 0.122095 0.376473 
0.194772 0.296232 0.292973 0.216024 
0.187129 0.238417 0.374796 0.199658 
0.200408 0.260355 0.349427 0.189810 
0.205746 0.121187 0.352168 0.320898 
0.220841 0.013383 0.334825 0.430951 
0.243288 0.000499 0.327231 0.428982 
0.280847 0.000001 0.399277 0.319875 
0.264889 0.000052 0.312380 0.422679 
0.275182 0.000001 0.340919 0.383898 
0.232228 0.002390 0.348318 0.417063 
0.354653 0.000075 0.558481 0.086791 
0.359588 0.000001 0.476877 0.163534 
0.283408 0.000002 0.400943 0.315648 
0.202885 0.160046 0.347756 0.289313 
0.205126 0.090416 0.348127 0.356331 
0.211834 0.007537 0.377522 0.403108 
0.202553 0.325901 0.365126 0.106420 
0.197617 0.297741 0.370642 0.134001 
0.200509 0.356934 0.137863 0.304695 
0.199329 0.379931 0.038197 0.382543 
0.193382 0.363572 0.113468 0.329577 
0.197895 0.375690 0.081944 0.344470 
0.202703 0.379478 0.039530 0.378289 
0.216070 0.187728 0.259182 0.337020 
0.268420 0.000598 0.401421 0.329561 
0.316974 0.000000 0.355760 0.327266 
0.334835 0.000000 0.342067 0.323099 
0.256875 0.003881 0.469799 0.269445 
0.280808 0.000006 0.409323 0.309863 
0.328869 0.000000 0.343554 0.327577 
0.364154 0.000000 0.205128 0.430718 
0.347955 0.000006 0.154761 0.497278 
0.406193 0.000002 0.038299 0.555506 
0.350638 0.016944 0.006501 0.625917 
0.336007 0.235966 0.001653 0.426374 
0.341686 0.167123 0.000724 0.490467 
0.354693 0.029136 0.004089 0.612081 
0.446569 0.000001 0.005054 0.548376 
0.341188 0.344047 0.003369 0.311396 
0.335446 0.431117 0.004778 0.228659 
0.416384 0.000008 0.013738 0.569870 
0.375097 0.001827 0.010463 0.612613 
0.337667 0.171357 0.009558 0.481418 
0.324593 0.343359 0.032153 0.299896 
0.340872 0.007760 0.053366 0.598002 
0.341698 0.020592 0.042485 0.595225 
0.281343 0.101084 0.168304 0.449269 
0.354059 0.000002 0.181966 0.463973 
0.397989 0.000001 0.107700 0.494310 
0.369726 0.007115 0.031717 0.591442 
0.392056 0.000034 0.048602 0.559308 
0.359858 0.000117 0.105450 0.534575 
0.298786 0.227554 0.117860 0.355800 
0.215331 0.217562 0.344764 0.222342 
0.218300 0.342031 0.364495 0.075174 
0.228049 0.315575 0.325092 0.131284 
0.218816 0.300629 0.362953 0.117602 
0.222135 0.209569 0.350299 0.217998 
0.236520 0.264346 0.333266 0.165869 
0.214420 0.363731 0.320883 0.100965 
0.221969 0.358409 0.300021 0.119601 
0.218624 0.317705 0.344562 0.119109 
0.223616 0.320544 0.096967 0.358873 
0.216835 0.184249 0.341456 0.257461 
0.219979 0.183614 0.294531 0.301876 
0.234605 0.243264 0.198533 0.323599 
0.221742 0.350269 0.303680 0.124309 
0.232484 0.058426 0.348272 0.360818 
0.207055 0.230364 0.265260 0.297321 
0.207912 0.213926 0.219287 0.358875 
0.200007 0.254474 0.291888 0.253631 
0.251417 0.230526 0.263429 0.254628 
0.225433 0.141682 0.300499 0.332386 
0.239958 0.238171 0.235597 0.286274 
0.239115 0.207671 0.260374 0.292840 
0.330092 0.000056 0.481183 0.188668 
0.312943 0.000000 0.348616 0.338441 
0.413046 0.000000 0.382640 0.204313 
0.362664 0.000000 0.422260 0.215077 
0.259825 0.006957 0.442981 0.290237 
0.268834 0.246660 0.272898 0.211607 
0.253490 0.304957 0.217013 0.224541 
0.235739 0.357377 0.119234 0.287650 
0.282417 0.152671 0.390994 0.173917 
0.264189 0.027162 0.452802 0.255847 
0.399271 0.000000 0.456847 0.143882 
0.389131 0.000000 0.279886 0.330983 
0.284802 0.041027 0.194402 0.479769 
0.295121 0.454683 0.128267 0.121930 
0.331928 0.003778 0.113608 0.550686 
0.394600 0.000061 0.027983 0.577356 
0.310757 0.125875 0.084482 0.478887 
0.337362 0.009862 0.077809 0.574967 
0.390412 0.000013 0.070008 0.539566 
0.466314 0.000000 0.006506 0.527180 
0.515901 0.000000 0.008295 0.475804 
0.498897 0.000000 0.010502 0.490601 
0.474665 0.000000 0.035184 0.490151 
0.348102 0.002252 0.077381 0.572266 
0.326957 0.000000 0.301162 0.371881 
0.534716 0.000000 0.105951 0.359334 
0.516949 0.000000 0.016018 0.467033 
0.455598 0.000000 0.025376 0.519026 
0.517794 0.000000 0.007508 0.474698 
0.479523 0.000000 0.024566 0.495911 
0.520918 0.000000 0.008260 0.470822 
0.448813 0.000000 0.038620 0.512567 
0.337471 0.015201 0.062403 0.584926 
0.296863 0.294044 0.102236 0.306857 
0.310651 0.031776 0.122805 0.534769 
0.310166 0.197038 0.081581 0.411215 
0.326020 0.038484 0.088425 0.547070 
0.336254 0.189899 0.019471 0.454376 
0.338684 0.324790 0.001213 0.335313 
0.335832 0.365976 0.006528 0.291665 
0.306140 0.509634 0.116517 0.067709 
0.322569 0.399608 0.050165 0.227659 
0.312419 0.162767 0.070916 0.453898 
0.296208 0.362289 0.120549 0.220955 
0.268752 0.050634 0.228543 0.452071 
0.249952 0.311135 0.255458 0.183455 
0.258255 0.238730 0.225518 0.277497 
0.265042 0.043641 0.243359 0.447958 
0.289618 0.227865 0.140738 0.341779 
0.330046 0.000129 0.196038 0.473787 
0.264588 0.014219 0.275818 0.445375 
0.277970 0.236486 0.189365 0.296179 
0.267983 0.277372 0.236710 0.217935 
0.284548 0.063168 0.192937 0.459347 
0.299254 0.166805 0.140541 0.393400 
0.285223 0.319319 0.152453 0.243004 
0.315895 0.319531 0.068828 0.295745 
0.323010 0.124547 0.113712 0.438731 
0.297418 0.418340 0.143912 0.140330 
0.231125 0.161728 0.326005 0.281142 
0.244328 0.234385 0.271350 0.249937 
0.258092 0.083896 0.253219 0.404793 
0.241148 0.013303 0.331106 0.414443 
0.230005 0.061952 0.347209 0.360834 
0.210750 0.152912 0.275971 0.360367 
0.215518 0.373773 0.037232 0.373478 
0.221557 0.366107 0.362782 0.049554 
0.231237 0.186415 0.325219 0.257129 
0.221157 0.351350 0.338386 0.089107 
