0.255518 0.251299 0.237378 0.255805 
0.290710 0.248095 0.277947 0.183248 
0.327066 0.295866 0.315472 0.061596 
0.337634 0.328378 0.329574 0.004414 
0.338273 0.325688 0.336031 0.000008 
0.346295 0.322030 0.331676 0.000000 
0.356829 0.340966 0.302205 0.000000 
0.365541 0.348652 0.285807 0.000000 
0.362257 0.326900 0.310843 0.000000 
0.358613 0.313206 0.328181 0.000000 
0.357249 0.316985 0.325766 0.000000 
0.356951 0.308140 0.334909 0.000000 
0.348577 0.312713 0.338710 0.000000 
0.348358 0.307368 0.344274 0.000000 
0.339956 0.321741 0.338303 0.000000 
0.338818 0.322436 0.338746 0.000000 
0.340986 0.322630 0.336383 0.000001 
0.338530 0.322885 0.338584 0.000000 
0.341804 0.318410 0.339786 0.000000 
0.342205 0.317402 0.340394 0.000000 
0.342767 0.314479 0.342754 0.000000 
0.342135 0.323241 0.334624 0.000000 
0.341915 0.323071 0.334981 0.000033 
0.348879 0.310300 0.340808 0.000014 
0.359917 0.280024 0.360059 0.000000 
0.357530 0.291594 0.350874 0.000001 
0.349322 0.304419 0.346259 0.000000 
0.347451 0.312293 0.340256 0.000000 
0.346860 0.312228 0.340912 0.000000 
0.350406 0.326043 0.323552 0.000000 
0.342106 0.327297 0.330596 0.000000 
0.341111 0.335764 0.323126 0.000000 
0.347884 0.322528 0.329588 0.000000 
0.351812 0.321590 0.326597 0.000000 
0.363469 0.346780 0.289726 0.000025 
0.357582 0.335258 0.307160 0.000000 
0.363651 0.335347 0.301002 0.000000 
0.387002 0.353235 0.259723 0.000041 
0.363939 0.347312 0.288749 0.000001 
0.372197 0.352885 0.274674 0.000244 
0.368844 0.345697 0.284496 0.000963 
0.358772 0.336398 0.304828 0.000001 
0.389110 0.377313 0.232177 0.001400 
0.401464 0.388313 0.126195 0.084028 
0.400893 0.390164 0.109849 0.099094 
0.394121 0.386396 0.015275 0.204207 
0.400467 0.390055 0.093846 0.115632 
0.401618 0.384048 0.121953 0.092381 
0.395528 0.389511 0.170937 0.044024 
0.387792 0.382000 0.227928 0.002279 
0.383360 0.361158 0.255439 0.000043 
0.338774 0.303906 0.357320 0.000000 
0.345368 0.319845 0.334787 0.000000 
0.301455 0.279969 0.418576 0.000000 
0.305514 0.291738 0.402748 0.000000 
0.347526 0.333790 0.318678 0.000006 
0.282488 0.270863 0.446649 0.000000 
0.309176 0.280016 0.410807 0.000000 
0.376575 0.340565 0.282858 0.000001 
0.384287 0.357012 0.258648 0.000052 
0.382224 0.361862 0.255666 0.000248 
0.387822 0.371313 0.002330 0.238536 
0.393143 0.386594 0.011317 0.208945 
0.386469 0.386873 0.010785 0.215874 
0.382106 0.377682 0.001217 0.238995 
0.394882 0.381751 0.011842 0.211524 
0.392244 0.385704 0.155832 0.066219 
0.398596 0.393215 0.076591 0.131598 
0.395423 0.393784 0.052398 0.158395 
0.388363 0.380463 0.193213 0.037962 
0.376320 0.366458 0.257206 0.000017 
0.367696 0.351754 0.280550 0.000000 
0.387679 0.378404 0.232595 0.001321 
0.367051 0.356756 0.276193 0.000000 
0.367676 0.348374 0.283946 0.000003 
0.373905 0.345940 0.280144 0.000010 
0.377061 0.339839 0.283099 0.000001 
0.381717 0.338418 0.279863 0.000003 
0.398493 0.317431 0.283926 0.000149 
0.400632 0.326933 0.057304 0.215131 
0.401594 0.302909 0.000016 0.295481 
0.415119 0.333262 0.006848 0.244772 
0.417439 0.344597 0.094647 0.143317 
0.425092 0.337251 0.125741 0.111916 
0.414378 0.361053 0.143524 0.081045 
0.408479 0.349136 0.005576 0.236809 
0.399122 0.348768 0.000624 0.251486 
0.382149 0.327851 0.000003 0.289997 
0.392957 0.326791 0.000008 0.280244 
0.392036 0.326418 0.000011 0.281535 
0.400580 0.316014 0.000017 0.283389 
0.400547 0.323086 0.000079 0.276289 
0.388237 0.282538 0.000007 0.329218 
0.371660 0.291099 0.000000 0.337241 
0.375495 0.289430 0.000000 0.335075 
0.397975 0.310347 0.000008 0.291669 
0.415745 0.285720 0.000103 0.298432 
0.400191 0.300961 0.000004 0.298844 
0.401720 0.316553 0.000025 0.281703 
0.409272 0.333294 0.010876 0.246558 
0.420003 0.331041 0.012836 0.236120 
0.420406 0.330158 0.014436 0.235000 
0.437933 0.311093 0.098013 0.152962 
0.439564 0.297755 0.153835 0.108846 
0.437948 0.303016 0.053561 0.205475 
0.440502 0.298190 0.197758 0.063550 
0.438716 0.283257 0.251648 0.026379 
0.432575 0.189470 0.085927 0.292028 
0.413210 0.247724 0.008160 0.330905 
0.401065 0.259615 0.000416 0.338904 
0.404060 0.275090 0.000361 0.320488 
0.388999 0.297775 0.000011 0.313215 
0.381844 0.290827 0.000001 0.327327 
0.371210 0.300386 0.000000 0.328404 
0.379263 0.310438 0.000000 0.310299 
0.375597 0.321648 0.000000 0.302755 
0.362474 0.311233 0.000000 0.326292 
0.358957 0.324979 0.000003 0.316061 
0.356303 0.334891 0.000000 0.308806 
0.361831 0.328657 0.000000 0.309512 
0.344573 0.321063 0.000000 0.334364 
0.352188 0.335144 0.000000 0.312668 
0.353445 0.334752 0.000000 0.311802 
0.363012 0.338431 0.000000 0.298558 
0.379073 0.352955 0.000007 0.267965 
0.378546 0.363123 0.000032 0.258299 
0.379913 0.362277 0.000023 0.257787 
0.367748 0.359146 0.000001 0.273105 
0.381385 0.369543 0.000320 0.248752 
0.402393 0.386361 0.104847 0.106399 
0.403774 0.382715 0.113548 0.099963 
0.401463 0.365494 0.006937 0.226106 
0.399989 0.354825 0.003540 0.241646 
0.406447 0.376135 0.068970 0.148449 
0.412439 0.361017 0.048740 0.177804 
0.392184 0.336448 0.000021 0.271348 
0.334776 0.291407 0.000000 0.373817 
0.304140 0.258130 0.000000 0.437729 
0.221653 0.177186 0.000000 0.601161 
0.196898 0.169847 0.000012 0.633243 
0.241707 0.185767 0.000043 0.572483 
0.178305 0.132227 0.000000 0.689468 
0.276715 0.227913 0.000000 0.495373 
0.196607 0.157424 0.000000 0.645969 
0.183141 0.137316 0.000000 0.679543 
0.262857 0.202906 0.000000 0.534238 
0.183233 0.128900 0.000000 0.687866 
0.340181 0.256551 0.000000 0.403268 
0.239537 0.175949 0.000000 0.584515 
0.196742 0.152251 0.000000 0.651007 
0.213423 0.177647 0.000000 0.608930 
0.229781 0.192198 0.000000 0.578021 
0.288827 0.260844 0.000000 0.450329 
0.369833 0.349723 0.000001 0.280444 
0.408700 0.371197 0.094726 0.125378 
0.410865 0.365578 0.146612 0.076945 
0.408463 0.361122 0.070005 0.160409 
0.402193 0.383439 0.057767 0.156601 
0.390813 0.374120 0.001430 0.233637 
0.400707 0.384769 0.051746 0.162778 
0.402217 0.388947 0.105990 0.102845 
0.405733 0.381390 0.096464 0.116412 
0.392357 0.377544 0.218877 0.011222 
0.388842 0.386299 0.216273 0.008586 
0.394534 0.392657 0.170153 0.042656 
0.390460 0.390419 0.206820 0.012301 
0.391454 0.391042 0.203751 0.013753 
0.382875 0.382888 0.000752 0.233486 
0.360819 0.360621 0.000001 0.278559 
0.388992 0.388121 0.025449 0.197439 
0.360969 0.354466 0.000000 0.284565 
0.308355 0.304630 0.000000 0.387015 
0.323060 0.322435 0.000000 0.354505 
0.342949 0.342998 0.000000 0.314053 
0.372765 0.372106 0.000012 0.255116 
0.346462 0.342726 0.000000 0.310812 
0.361244 0.346352 0.000000 0.292403 
0.377181 0.369074 0.000025 0.253720 
0.380377 0.376993 0.001562 0.241068 
0.364560 0.352385 0.000000 0.283054 
0.398891 0.369596 0.007487 0.224026 
0.408675 0.369798 0.120894 0.100632 
0.402223 0.366447 0.033297 0.198033 
0.405549 0.364452 0.040560 0.189439 
0.403626 0.356770 0.004918 0.234687 
0.408181 0.331057 0.002875 0.257887 
0.422275 0.310426 0.001990 0.265309 
0.406576 0.318150 0.000169 0.275105 
0.416054 0.317899 0.000963 0.265084 
0.435820 0.314211 0.082079 0.167890 
0.422742 0.326389 0.035346 0.215523 
0.425738 0.330489 0.190173 0.053599 
0.424404 0.339505 0.148782 0.087309 
0.418417 0.334555 0.233137 0.013891 
0.408809 0.324004 0.000648 0.266540 
0.423162 0.332657 0.144160 0.100021 
0.433376 0.325576 0.120007 0.121041 
0.431472 0.316000 0.040376 0.212152 
0.430128 0.327455 0.107982 0.134435 
0.424422 0.333381 0.095784 0.146412 
0.428185 0.312056 0.012112 0.247647 
0.426407 0.318317 0.056834 0.198443 
0.415176 0.346428 0.050290 0.188107 
0.404082 0.336204 0.001776 0.257938 
0.391251 0.340527 0.000079 0.268143 
0.361761 0.287609 0.000000 0.350630 
0.227916 0.159251 0.000000 0.612833 
0.228847 0.170320 0.000000 0.600833 
0.308315 0.253578 0.000000 0.438107 
0.299657 0.225674 0.000000 0.474668 
0.347656 0.275797 0.000000 0.376547 
0.359160 0.290000 0.000000 0.350840 
0.380771 0.294410 0.000000 0.324818 
0.423987 0.338019 0.055521 0.182473 
0.434320 0.319012 0.136735 0.109933 
0.427599 0.316154 0.104400 0.151847 
0.434311 0.317377 0.182167 0.066145 
0.424158 0.337383 0.181409 0.057050 
0.429973 0.324323 0.049774 0.195930 
0.430939 0.325032 0.108026 0.136003 
0.426562 0.327617 0.039545 0.206276 
0.420143 0.338541 0.026421 0.214895 
0.424216 0.344321 0.110397 0.121066 
0.422182 0.346564 0.106499 0.124755 
0.424939 0.334461 0.162594 0.078005 
0.420220 0.352381 0.111877 0.115521 
0.412503 0.351990 0.181388 0.054119 
0.413545 0.341985 0.236282 0.008188 
0.404387 0.352994 0.224608 0.018011 
0.403394 0.360865 0.214631 0.021111 
0.421832 0.335525 0.091717 0.150927 
0.416477 0.309308 0.000685 0.273530 
0.434899 0.321593 0.115939 0.127569 
0.445875 0.292538 0.097743 0.163844 
0.448319 0.284591 0.150287 0.116803 
0.452255 0.274474 0.142871 0.130401 
0.436182 0.255563 0.014181 0.294074 
0.428317 0.246152 0.013306 0.312224 
0.430825 0.104721 0.144127 0.320326 
0.411654 0.109852 0.110816 0.367678 
0.414565 0.113893 0.107553 0.363989 
0.420695 0.071371 0.161240 0.346694 
0.443562 0.121881 0.134684 0.299873 
0.434787 0.057964 0.209401 0.297848 
0.449740 0.282871 0.100836 0.166554 
0.454127 0.244916 0.194656 0.106300 
0.449211 0.197503 0.212352 0.140934 
0.442786 0.114221 0.284015 0.158978 
0.425711 0.158846 0.231455 0.183989 
0.430259 0.282861 0.285309 0.001570 
0.407132 0.212704 0.352316 0.027848 
0.422132 0.118838 0.325750 0.133281 
0.416561 0.089137 0.343919 0.150383 
0.443932 0.137145 0.234385 0.184538 
0.395407 0.128597 0.397511 0.078485 
0.365932 0.091843 0.457311 0.084913 
0.369971 0.091424 0.446314 0.092290 
0.384012 0.040266 0.409406 0.166316 
0.338434 0.098092 0.504679 0.058795 
0.313178 0.000291 0.506866 0.179666 
0.406455 0.054590 0.371555 0.167400 
0.383489 0.095661 0.422828 0.098021 
0.397413 0.010108 0.374964 0.217516 
0.272374 0.000003 0.553439 0.174183 
0.266101 0.001905 0.605325 0.126669 
0.221312 0.000000 0.598290 0.180398 
0.353687 0.008223 0.459010 0.179080 
0.355999 0.000000 0.301860 0.342141 
0.430788 0.001768 0.285235 0.282210 
0.434890 0.015114 0.253513 0.296484 
0.437527 0.090981 0.160172 0.311320 
0.454591 0.192757 0.226755 0.125896 
0.455427 0.208062 0.211465 0.125046 
0.448014 0.129764 0.230395 0.191826 
0.431742 0.002215 0.288930 0.277113 
0.435199 0.018413 0.243986 0.302401 
0.413014 0.151316 0.074619 0.361051 
0.411973 0.000634 0.270684 0.316710 
0.407494 0.004049 0.245061 0.343396 
0.418846 0.077781 0.153939 0.349433 
0.414482 0.027872 0.207254 0.350392 
0.395504 0.000010 0.286801 0.317684 
0.399553 0.000020 0.281564 0.318862 
0.412049 0.011300 0.239967 0.336684 
0.416202 0.053877 0.181745 0.348177 
0.429027 0.013407 0.249801 0.307766 
0.432120 0.255754 0.010400 0.301726 
0.418135 0.231542 0.015868 0.334455 
0.406105 0.235450 0.005627 0.352818 
0.420992 0.116138 0.119615 0.343254 
0.412110 0.195564 0.035396 0.356930 
0.395176 0.268370 0.000070 0.336384 
0.387955 0.278162 0.000011 0.333871 
0.394357 0.282395 0.000012 0.323236 
0.352860 0.367350 0.000000 0.279790 
0.349532 0.392970 0.000001 0.257497 
0.361432 0.413421 0.000193 0.224954 
0.407720 0.321173 0.000194 0.270914 
0.381212 0.422734 0.148245 0.047809 
0.398263 0.347531 0.000693 0.253513 
0.414135 0.331869 0.008450 0.245546 
0.422179 0.346289 0.099055 0.132477 
0.411717 0.365037 0.140887 0.082359 
0.396938 0.395803 0.094505 0.112754 
0.403741 0.385138 0.106875 0.104246 
0.416654 0.317003 0.002161 0.264183 
0.442394 0.294035 0.152069 0.111502 
0.436509 0.304548 0.145296 0.113647 
0.424567 0.334362 0.196782 0.044290 
0.383790 0.377290 0.000806 0.238114 
0.383198 0.377747 0.001427 0.237629 
0.399054 0.332964 0.000076 0.267906 
0.418431 0.294528 0.000158 0.286884 
0.430829 0.297527 0.019829 0.251815 
0.432301 0.281749 0.002283 0.283667 
0.424689 0.253168 0.011899 0.310244 
0.398358 0.254107 0.000388 0.347147 
0.395795 0.201181 0.019584 0.383440 
0.390726 0.197666 0.022159 0.389448 
0.388782 0.211522 0.011650 0.388047 
0.394107 0.196649 0.019543 0.389701 
0.395593 0.204950 0.016950 0.382507 
0.411819 0.145583 0.076857 0.365741 
0.406305 0.109003 0.105813 0.378879 
0.403713 0.077755 0.148888 0.369643 
0.410182 0.129058 0.090683 0.370077 
0.415916 0.085569 0.149922 0.348593 
0.404955 0.153697 0.064744 0.376604 
0.402715 0.093062 0.118023 0.386200 
0.404420 0.100455 0.113671 0.381454 
0.426599 0.120745 0.114643 0.338012 
0.413848 0.123784 0.098616 0.363753 
0.406925 0.108684 0.105563 0.378828 
0.412012 0.165550 0.059144 0.363295 
0.415238 0.104814 0.117920 0.362028 
0.422356 0.052536 0.185017 0.340091 
0.424406 0.049280 0.192115 0.334198 
0.442160 0.123739 0.128205 0.305896 
0.443574 0.145229 0.109518 0.301679 
0.425065 0.110562 0.121949 0.342423 
0.436092 0.120310 0.123848 0.319750 
0.436680 0.072936 0.178248 0.312137 
0.414956 0.121590 0.101203 0.362251 
0.427075 0.126354 0.108863 0.337708 
0.436399 0.122113 0.122533 0.318955 
0.428423 0.023959 0.228342 0.319277 
0.416078 0.153922 0.073323 0.356677 
0.410793 0.210040 0.023486 0.355681 
0.435649 0.140690 0.105725 0.317936 
0.408691 0.108323 0.107346 0.375640 
0.426663 0.035120 0.210704 0.327512 
0.435477 0.143195 0.102028 0.319300 
0.423917 0.174334 0.074094 0.327654 
0.414479 0.228428 0.016290 0.340803 
0.402913 0.000019 0.286218 0.310850 
0.405335 0.000017 0.294224 0.300423 
0.408123 0.000395 0.326592 0.264891 
0.427342 0.001618 0.274498 0.296543 
0.451176 0.140606 0.130308 0.277910 
0.448737 0.132161 0.133044 0.286057 
0.426940 0.131638 0.112828 0.328594 
0.428185 0.125820 0.114745 0.331251 
0.444263 0.128604 0.128811 0.298323 
0.438272 0.150197 0.101989 0.309542 
0.430844 0.175988 0.071019 0.322149 
0.434687 0.157351 0.092261 0.315702 
0.440830 0.122544 0.133249 0.303377 
0.436574 0.129932 0.121202 0.312292 
0.447066 0.187187 0.124902 0.240845 
0.436353 0.130939 0.129255 0.303453 
0.440237 0.142246 0.128617 0.288900 
0.449614 0.177771 0.125921 0.246694 
0.452824 0.199435 0.173731 0.174010 
0.450586 0.236614 0.135280 0.177520 
0.450603 0.186030 0.211020 0.152348 
0.449711 0.198757 0.179838 0.171695 
0.443913 0.131246 0.283036 0.141804 
0.437532 0.023215 0.264420 0.274832 
0.442052 0.111260 0.152214 0.294474 
0.433649 0.139080 0.115693 0.311577 
0.433355 0.164156 0.091419 0.311070 
0.408867 0.009026 0.242517 0.339591 
0.409988 0.045998 0.193712 0.350302 
0.411881 0.012349 0.241377 0.334393 
0.429311 0.025790 0.243614 0.301286 
0.443076 0.090880 0.230316 0.235728 
0.430524 0.184214 0.308634 0.076628 
0.418253 0.245893 0.320144 0.015711 
0.427289 0.091386 0.304733 0.176591 
0.431626 0.163916 0.306398 0.098060 
0.426409 0.084572 0.169005 0.320013 
0.441619 0.171426 0.285719 0.101237 
0.443919 0.089450 0.252292 0.214339 
0.438552 0.137260 0.156368 0.267820 
0.439836 0.283830 0.138824 0.137510 
0.440557 0.242369 0.100684 0.216390 
0.438788 0.261839 0.147138 0.152236 
0.435489 0.262962 0.045069 0.256480 
0.432719 0.298849 0.106586 0.161846 
0.420745 0.291024 0.284020 0.004210 
0.409462 0.250831 0.324933 0.014774 
0.397160 0.271874 0.329218 0.001748 
0.389302 0.200720 0.369505 0.040473 
0.392070 0.114727 0.371511 0.121692 
0.402037 0.192157 0.345495 0.060312 
0.394417 0.070770 0.356489 0.178324 
0.379791 0.006906 0.368623 0.244680 
0.387306 0.150707 0.372811 0.089177 
0.381759 0.061539 0.375928 0.180775 
0.380192 0.150638 0.388277 0.080893 
0.368546 0.223019 0.389419 0.019016 
0.358775 0.246300 0.390643 0.004282 
0.337940 0.288389 0.373666 0.000005 
0.343613 0.298545 0.357841 0.000001 
0.335870 0.309831 0.354300 0.000000 
0.317284 0.336570 0.346146 0.000000 
0.280488 0.402692 0.316819 0.000000 
0.246519 0.488704 0.264777 0.000000 
0.278622 0.441914 0.279464 0.000000 
0.305794 0.396865 0.297341 0.000000 
0.306216 0.404506 0.289277 0.000000 
0.315986 0.373301 0.310712 0.000000 
0.304484 0.407065 0.288451 0.000000 
0.306440 0.402382 0.291178 0.000000 
0.344288 0.368303 0.287407 0.000002 
0.334551 0.366870 0.298580 0.000000 
0.347125 0.374075 0.278767 0.000032 
0.366066 0.318907 0.315026 0.000001 
0.363524 0.309521 0.326954 0.000001 
0.353000 0.294970 0.352028 0.000002 
0.384896 0.250692 0.358663 0.005749 
0.386866 0.254844 0.347296 0.010994 
0.396589 0.266409 0.332005 0.004997 
0.413073 0.234290 0.315442 0.037195 
0.402809 0.041676 0.337457 0.218058 
0.410963 0.124438 0.331121 0.133478 
0.414658 0.152717 0.317800 0.114825 
0.416432 0.128533 0.314975 0.140060 
0.413674 0.128451 0.324635 0.133241 
0.405571 0.180775 0.334894 0.078760 
0.424502 0.072035 0.242694 0.260770 
0.430852 0.130994 0.175427 0.262726 
0.433822 0.172748 0.185669 0.207761 
0.430981 0.168173 0.227457 0.173389 
0.421304 0.141406 0.307764 0.129525 
0.394604 0.118550 0.361562 0.125284 
0.407398 0.128523 0.338442 0.125638 
0.391573 0.069569 0.361640 0.177218 
0.378073 0.099507 0.397449 0.124971 
0.322001 0.025516 0.498994 0.153489 
0.378593 0.005153 0.376883 0.239371 
0.351115 0.004803 0.419231 0.224851 
0.375720 0.090262 0.399002 0.135016 
0.396937 0.121320 0.364229 0.117515 
0.404051 0.052940 0.341281 0.201729 
0.374693 0.118731 0.403765 0.102811 
0.390884 0.118181 0.363354 0.127581 
0.390227 0.025528 0.353296 0.230950 
0.374173 0.074014 0.395493 0.156320 
0.396023 0.108508 0.355750 0.139719 
0.396468 0.031790 0.346345 0.225397 
0.329465 0.077618 0.488850 0.104067 
0.337295 0.082131 0.469595 0.110979 
0.296794 0.001136 0.515003 0.187066 
0.359339 0.157514 0.421006 0.062141 
0.306050 0.003162 0.510022 0.180766 
0.284093 0.003272 0.544850 0.167785 
0.314291 0.048011 0.516808 0.120890 
0.382701 0.100352 0.388826 0.128120 
0.375414 0.065067 0.401699 0.157821 
0.373133 0.099570 0.406868 0.120430 
0.395453 0.077857 0.359009 0.167680 
0.326341 0.090145 0.490188 0.093326 
0.285721 0.038285 0.559436 0.116558 
0.329197 0.086385 0.489759 0.094660 
0.393847 0.086819 0.371453 0.147880 
0.402120 0.252848 0.337485 0.007548 
0.424586 0.231628 0.064429 0.279357 
0.428824 0.146914 0.118162 0.306101 
0.428225 0.170700 0.096129 0.304946 
0.420676 0.202056 0.073947 0.303320 
0.397758 0.258666 0.005384 0.338192 
0.406850 0.300117 0.000412 0.292620 
0.409861 0.329479 0.250016 0.010643 
0.395090 0.364231 0.227478 0.013201 
0.402038 0.318906 0.015689 0.263367 
0.397259 0.314690 0.286980 0.001070 
0.363269 0.292199 0.344499 0.000034 
0.399241 0.324074 0.243501 0.033185 
0.348467 0.414370 0.236846 0.000316 
0.367462 0.348374 0.284160 0.000004 
0.336903 0.414286 0.248803 0.000009 
0.266141 0.444848 0.289011 0.000000 
0.278634 0.459462 0.261904 0.000001 
0.340020 0.438714 0.203779 0.017487 
0.358652 0.452567 0.131191 0.057590 
0.363408 0.438270 0.075747 0.122575 
0.363475 0.429956 0.187648 0.018922 
0.378537 0.416986 0.127678 0.076799 
0.397733 0.382292 0.101095 0.118880 
0.393793 0.390661 0.102953 0.112593 
0.419449 0.322536 0.025792 0.232223 
0.432841 0.301154 0.076950 0.189054 
0.446322 0.230122 0.188566 0.134990 
0.443786 0.189851 0.255537 0.110826 
0.426025 0.011939 0.277901 0.284136 
0.436099 0.052559 0.220958 0.290384 
0.410770 0.017607 0.233703 0.337920 
0.418524 0.008429 0.313711 0.259336 
0.432806 0.086435 0.310754 0.170005 
0.442726 0.104132 0.265830 0.187312 
0.429716 0.165251 0.314432 0.090601 
0.413132 0.004945 0.262869 0.319054 
0.412729 0.052065 0.340082 0.195124 
0.419915 0.075799 0.340836 0.163450 
0.435408 0.075885 0.308072 0.180635 
0.438375 0.048900 0.293452 0.219273 
0.448755 0.189270 0.158341 0.203634 
0.450777 0.224103 0.148732 0.176388 
0.449419 0.261519 0.133667 0.155395 
0.451615 0.250915 0.162886 0.134583 
0.449926 0.200821 0.222323 0.126930 
0.440330 0.116414 0.141234 0.302022 
0.446435 0.064594 0.206742 0.282229 
0.424985 0.000860 0.283138 0.291016 
0.417773 0.023535 0.222825 0.335868 
0.401211 0.019768 0.204487 0.374535 
0.398021 0.067996 0.142050 0.391933 
0.396032 0.048432 0.163550 0.391987 
0.388706 0.009888 0.212124 0.389282 
0.376344 0.000104 0.248052 0.375500 
0.343111 0.000000 0.315869 0.341020 
0.373876 0.000062 0.253494 0.372568 
0.386429 0.000621 0.247249 0.365701 
0.390067 0.002590 0.232345 0.374998 
0.381015 0.000494 0.241742 0.376748 
0.377424 0.000001 0.285092 0.337484 
0.371296 0.000002 0.270871 0.357831 
0.393503 0.022512 0.194469 0.389516 
0.377578 0.000099 0.255456 0.366866 
0.310147 0.000000 0.405601 0.284252 
0.381446 0.000000 0.293491 0.325062 
0.357041 0.000000 0.293524 0.349434 
0.364977 0.000000 0.275362 0.359660 
0.360562 0.000000 0.278078 0.361360 
0.378336 0.000008 0.273693 0.347964 
0.370566 0.000005 0.266513 0.362916 
0.286972 0.000000 0.424241 0.288787 
0.332653 0.000000 0.333314 0.334033 
0.360942 0.000000 0.325714 0.313343 
0.359909 0.000000 0.308408 0.331682 
0.367219 0.000000 0.335699 0.297082 
0.355970 0.000050 0.416001 0.227979 
0.353977 0.000852 0.442293 0.202878 
0.333720 0.000018 0.446155 0.220106 
0.383402 0.000967 0.383262 0.232369 
0.434704 0.112819 0.313915 0.138562 
0.411596 0.251311 0.334252 0.002841 
0.400283 0.237512 0.356777 0.005428 
0.413727 0.307232 0.278611 0.000429 
0.401800 0.275282 0.000074 0.322845 
0.366824 0.270307 0.000001 0.362868 
0.391170 0.250636 0.000299 0.357894 
0.385993 0.255249 0.000696 0.358063 
0.404618 0.332520 0.000441 0.262421 
0.377481 0.358180 0.000008 0.264330 
0.370442 0.270104 0.000011 0.359444 
0.370436 0.260952 0.000005 0.368607 
0.235897 0.166482 0.000000 0.597621 
0.240923 0.164208 0.000000 0.594869 
0.227826 0.123661 0.000042 0.648470 
0.064592 0.027297 0.001014 0.907097 
0.045421 0.012722 0.005110 0.936747 
0.045907 0.005990 0.012285 0.935818 
0.082101 0.002846 0.031401 0.883652 
0.245195 0.000855 0.122240 0.631710 
0.062127 0.014833 0.010637 0.912404 
0.159487 0.059974 0.006518 0.774021 
0.176212 0.081773 0.000623 0.741393 
0.195029 0.092078 0.000493 0.712401 
0.224428 0.112042 0.000943 0.662587 
0.164623 0.080841 0.000178 0.754357 
0.240993 0.123762 0.000273 0.634973 
0.313678 0.195260 0.000034 0.491028 
0.336604 0.207733 0.000124 0.455540 
0.256819 0.116295 0.013386 0.613501 
0.280192 0.024279 0.122439 0.573090 
0.340080 0.012291 0.186872 0.460758 
0.307124 0.000004 0.214822 0.478049 
0.313718 0.000031 0.201543 0.484707 
0.302520 0.000001 0.205445 0.492034 
0.256952 0.000000 0.201961 0.541087 
0.326700 0.000000 0.258538 0.414762 
0.332312 0.000000 0.266098 0.401589 
0.205768 0.000413 0.099841 0.693978 
0.244261 0.008902 0.097918 0.648919 
0.265233 0.055544 0.053165 0.626058 
0.303317 0.068389 0.070119 0.558175 
0.254285 0.000080 0.141444 0.604191 
0.349083 0.000005 0.244413 0.406499 
0.396038 0.007066 0.375393 0.221504 
0.383143 0.012649 0.406198 0.198009 
0.353663 0.000149 0.428530 0.217658 
0.386245 0.000018 0.345443 0.268294 
0.385718 0.006273 0.394049 0.213960 
0.305957 0.101718 0.554627 0.037699 
0.306933 0.050816 0.552818 0.089433 
0.212757 0.000000 0.522426 0.264817 
0.277945 0.000475 0.569037 0.152543 
0.342901 0.052516 0.473620 0.130962 
0.326832 0.146391 0.509934 0.016843 
0.361590 0.015548 0.446430 0.176432 
0.373390 0.086695 0.439743 0.100172 
0.413182 0.022141 0.346625 0.218052 
0.400508 0.127140 0.384331 0.088021 
0.386373 0.091283 0.414686 0.107658 
0.414720 0.057188 0.351146 0.176946 
0.384096 0.004813 0.392416 0.218675 
0.394867 0.000859 0.352442 0.251832 
0.422310 0.083814 0.332377 0.161499 
0.445295 0.076975 0.279998 0.197731 
0.425145 0.076061 0.170177 0.328616 
0.430895 0.230397 0.031314 0.307394 
0.421098 0.260885 0.003049 0.314968 
0.403177 0.213612 0.017911 0.365300 
0.401001 0.224620 0.009513 0.364867 
0.409008 0.246695 0.009615 0.334682 
0.409577 0.255334 0.002196 0.332893 
0.434747 0.255521 0.012693 0.297039 
0.451163 0.118296 0.176683 0.253858 
0.443191 0.019914 0.271830 0.265064 
0.426558 0.003270 0.268543 0.301628 
0.399575 0.000278 0.340492 0.259655 
0.429474 0.044305 0.321828 0.204393 
0.448527 0.054652 0.238019 0.258801 
0.452324 0.131952 0.262699 0.153024 
0.453289 0.149848 0.252713 0.144150 
0.434662 0.015329 0.252310 0.297699 
0.437705 0.195796 0.058685 0.307814 
0.428154 0.130169 0.107185 0.334492 
0.453319 0.126580 0.165419 0.254682 
0.440015 0.097559 0.153753 0.308672 
0.449564 0.066620 0.270467 0.213349 
0.449034 0.055845 0.227969 0.267152 
0.446142 0.080314 0.259046 0.214499 
0.449449 0.139870 0.244472 0.166209 
0.441743 0.095378 0.301479 0.161400 
0.434991 0.167367 0.314047 0.083596 
0.446768 0.132450 0.291979 0.128803 
0.451988 0.240735 0.203106 0.104171 
0.453888 0.256643 0.155628 0.133841 
0.444106 0.257439 0.038997 0.259458 
0.450752 0.283015 0.138505 0.127728 
0.449811 0.190604 0.097590 0.261994 
0.432551 0.116990 0.124003 0.326455 
0.393676 0.112895 0.091496 0.401933 
0.335675 0.039790 0.118946 0.505589 
0.302036 0.000000 0.222912 0.475052 
0.113053 0.000000 0.320291 0.566656 
0.094810 0.000000 0.380140 0.525050 
0.114021 0.000000 0.360385 0.525594 
0.167355 0.000000 0.380216 0.452429 
0.077513 0.000000 0.135325 0.787162 
0.193336 0.000000 0.203361 0.603302 
0.252753 0.000027 0.144432 0.602789 
0.391499 0.003986 0.226189 0.378326 
0.414544 0.032625 0.202588 0.350242 
0.359193 0.015139 0.174612 0.451056 
0.384112 0.003198 0.222409 0.390280 
0.352947 0.175512 0.013831 0.457710 
0.336370 0.183365 0.001315 0.478950 
0.356111 0.058359 0.121098 0.464433 
0.423621 0.083297 0.157983 0.335099 
0.426410 0.149869 0.090581 0.333141 
0.426627 0.111346 0.126715 0.335313 
0.404479 0.048810 0.184552 0.362159 
0.442964 0.245296 0.028641 0.283098 
0.439593 0.139034 0.113282 0.308092 
0.445475 0.042376 0.277000 0.235149 
0.428762 0.032267 0.220489 0.318482 
0.341930 0.065039 0.095292 0.497739 
0.438607 0.124483 0.126284 0.310626 
0.456186 0.174778 0.192939 0.176097 
0.455027 0.210066 0.197327 0.137580 
0.452475 0.165270 0.245754 0.136501 
0.442767 0.132225 0.296835 0.128173 
0.447362 0.145870 0.284147 0.122621 
0.438194 0.131469 0.305634 0.124703 
0.448048 0.266437 0.111806 0.173708 
0.434270 0.239759 0.110424 0.215547 
0.444848 0.286673 0.142482 0.125997 
0.451695 0.233893 0.166990 0.147422 
0.432962 0.285757 0.274073 0.007208 
0.438433 0.296322 0.194320 0.070926 
0.435146 0.303980 0.110209 0.150666 
0.445258 0.270886 0.204022 0.079835 
0.448706 0.192672 0.250400 0.108221 
0.445450 0.107284 0.286876 0.160390 
0.441627 0.044262 0.287234 0.226877 
0.433330 0.096101 0.314894 0.155674 
0.437808 0.046313 0.216192 0.299687 
0.396535 0.109717 0.393410 0.100338 
0.373841 0.037542 0.429876 0.158741 
0.382796 0.094378 0.419481 0.103345 
0.301644 0.033044 0.562440 0.102872 
0.336316 0.001917 0.479594 0.182172 
0.301945 0.062550 0.559389 0.076117 
0.417352 0.045371 0.345330 0.191947 
0.424019 0.088407 0.335099 0.152475 
0.422261 0.000608 0.288142 0.288989 
0.416335 0.007028 0.328924 0.247713 
0.379491 0.000050 0.363652 0.256807 
0.343799 0.000000 0.274887 0.381314 
0.330938 0.000000 0.413274 0.255788 
0.384529 0.025654 0.401167 0.188649 
0.382400 0.099959 0.418504 0.099137 
0.239167 0.045241 0.659845 0.055747 
0.242025 0.026075 0.651494 0.080406 
0.270803 0.043597 0.610421 0.075179 
0.311536 0.073085 0.544437 0.070943 
0.354743 0.083535 0.468285 0.093437 
0.319579 0.083150 0.531547 0.065725 
0.224628 0.002886 0.668796 0.103690 
0.212643 0.002109 0.687826 0.097422 
0.189869 0.001157 0.720410 0.088564 
0.137602 0.000000 0.759209 0.103189 
0.164928 0.000000 0.674875 0.160197 
0.110724 0.000000 0.430037 0.459239 
0.256565 0.000000 0.499087 0.244349 
0.276833 0.000000 0.480127 0.243040 
0.199660 0.000000 0.481895 0.318445 
0.294161 0.000000 0.396660 0.309179 
0.294304 0.000422 0.543467 0.161808 
0.254285 0.000000 0.404289 0.341425 
0.279758 0.000000 0.484614 0.235628 
0.182555 0.000000 0.631088 0.186357 
0.105569 0.000000 0.617690 0.276740 
0.077446 0.000000 0.526499 0.396055 
0.127504 0.000000 0.656172 0.216325 
0.165140 0.000000 0.703084 0.131777 
0.136651 0.000000 0.765426 0.097923 
0.194977 0.000000 0.612359 0.192665 
0.265156 0.002487 0.607995 0.124362 
0.277704 0.026297 0.601711 0.094289 
0.266481 0.069609 0.620332 0.043578 
0.343987 0.010081 0.470538 0.175395 
0.316314 0.000441 0.508458 0.174788 
0.275767 0.000108 0.561295 0.162830 
0.338860 0.055527 0.486910 0.118703 
0.356662 0.140620 0.467015 0.035703 
0.435728 0.130142 0.314858 0.119272 
0.405973 0.167053 0.374101 0.052872 
0.420470 0.089012 0.349669 0.140849 
0.407999 0.002779 0.340395 0.248827 
0.444799 0.040901 0.278706 0.235593 
0.418815 0.000638 0.300080 0.280468 
0.264992 0.000000 0.376950 0.358058 
0.301295 0.000000 0.374082 0.324623 
0.284053 0.000000 0.377837 0.338110 
0.222220 0.000000 0.168206 0.609574 
0.195329 0.000000 0.150149 0.654522 
0.170604 0.000000 0.144143 0.685252 
0.348039 0.000000 0.328448 0.323514 
0.427877 0.119642 0.328152 0.124330 
0.411619 0.000873 0.314725 0.272784 
0.370178 0.000000 0.337186 0.292636 
0.424135 0.005754 0.291649 0.278463 
0.430827 0.007780 0.287637 0.273756 
0.423917 0.002075 0.280148 0.293860 
0.393154 0.000015 0.310587 0.296244 
0.401170 0.010075 0.229284 0.359472 
0.405067 0.050151 0.184364 0.360418 
0.391211 0.005767 0.227577 0.375445 
0.340441 0.000000 0.309330 0.350229 
0.330310 0.000000 0.335222 0.334468 
0.330935 0.000000 0.354850 0.314215 
0.287424 0.000000 0.437592 0.274985 
0.353714 0.000000 0.293495 0.352791 
0.359023 0.000000 0.276423 0.364554 
0.352190 0.000000 0.317507 0.330304 
0.366643 0.000000 0.319382 0.313975 
0.369193 0.000000 0.305372 0.325435 
0.368545 0.000000 0.319705 0.311751 
0.389365 0.000620 0.266675 0.343340 
0.390228 0.000093 0.265281 0.344398 
0.370341 0.000007 0.268189 0.361463 
0.373460 0.000088 0.256309 0.370144 
0.410803 0.168592 0.069953 0.350653 
0.402760 0.224725 0.011365 0.361150 
0.397578 0.169222 0.052559 0.380641 
0.399094 0.183708 0.049477 0.367721 
0.391964 0.155574 0.067476 0.384986 
0.405982 0.146761 0.078570 0.368686 
0.387934 0.034756 0.192665 0.384645 
0.384496 0.001662 0.235071 0.378771 
0.380063 0.000856 0.236491 0.382591 
0.388664 0.011111 0.215111 0.385114 
0.392437 0.210900 0.017181 0.379482 
0.381801 0.219219 0.006132 0.392848 
0.385106 0.185162 0.033444 0.396287 
0.386865 0.132245 0.079761 0.401129 
0.377843 0.007833 0.223350 0.390974 
0.375920 0.000061 0.261212 0.362806 
0.344750 0.000000 0.304905 0.350345 
0.363594 0.000076 0.254534 0.381797 
0.347671 0.000000 0.298525 0.353804 
0.306915 0.000000 0.369279 0.323806 
0.285158 0.000000 0.410709 0.304133 
0.248394 0.000000 0.496402 0.255205 
0.344216 0.000000 0.300179 0.355605 
0.282347 0.000000 0.409763 0.307890 
0.191956 0.000000 0.608296 0.199747 
0.194892 0.000000 0.594066 0.211042 
0.269626 0.000000 0.438180 0.292194 
0.275665 0.000000 0.475182 0.249153 
0.251761 0.000000 0.519940 0.228299 
0.171835 0.000000 0.677208 0.150956 
0.191045 0.000000 0.641398 0.167556 
0.184023 0.000000 0.618686 0.197291 
0.178299 0.000000 0.622459 0.199243 
0.146147 0.000000 0.685346 0.168507 
0.170643 0.000000 0.629280 0.200077 
0.185466 0.000000 0.601785 0.212749 
0.199038 0.000000 0.588557 0.212405 
0.227965 0.000000 0.555557 0.216477 
0.268531 0.000012 0.529376 0.202082 
0.209288 0.002737 0.673518 0.114456 
0.298928 0.001225 0.517144 0.182703 
0.359921 0.005732 0.409402 0.224944 
0.354663 0.009590 0.424336 0.211412 
0.326367 0.000000 0.378661 0.294972 
0.358698 0.000000 0.326292 0.315010 
0.350758 0.000001 0.347673 0.301569 
0.363506 0.000299 0.261158 0.375037 
0.338787 0.000000 0.340218 0.320995 
0.297990 0.000000 0.425544 0.276466 
0.364744 0.000007 0.295272 0.339976 
0.394164 0.010338 0.252359 0.343139 
0.372300 0.002291 0.253316 0.372093 
0.370326 0.124695 0.096606 0.408373 
0.361795 0.221379 0.014093 0.402732 
0.366169 0.208764 0.022128 0.402939 
0.366766 0.178195 0.047397 0.407642 
0.364294 0.156485 0.066931 0.412290 
0.357279 0.229375 0.007527 0.405819 
0.361981 0.222815 0.014127 0.401077 
0.364278 0.224146 0.014433 0.397143 
0.360154 0.230492 0.008178 0.401176 
0.360885 0.224727 0.013808 0.400580 
0.381416 0.190723 0.046952 0.380909 
0.370389 0.212566 0.034132 0.382913 
0.364483 0.162854 0.077833 0.394830 
0.378304 0.194128 0.048370 0.379198 
0.371386 0.151370 0.083336 0.393909 
0.365034 0.025112 0.214325 0.395529 
0.376463 0.054196 0.192393 0.376948 
0.369217 0.161477 0.074888 0.394418 
0.370555 0.123686 0.117209 0.388550 
0.377446 0.020024 0.248076 0.354455 
0.376919 0.033284 0.229738 0.360059 
0.378673 0.202860 0.055388 0.363079 
0.401379 0.128626 0.145762 0.324232 
0.390937 0.050451 0.220384 0.338228 
0.403833 0.165190 0.112787 0.318190 
0.402403 0.089551 0.188668 0.319377 
0.415950 0.135653 0.200499 0.247899 
0.416774 0.059633 0.244613 0.278979 
0.408602 0.010328 0.298211 0.282859 
0.414827 0.030082 0.283749 0.271342 
0.417884 0.112145 0.170047 0.299925 
0.415934 0.104692 0.169951 0.309423 
0.428711 0.172212 0.134362 0.264714 
0.413293 0.198083 0.072790 0.315834 
0.405608 0.166496 0.087402 0.340494 
0.403612 0.014737 0.251694 0.329957 
0.386699 0.023150 0.228542 0.361608 
0.378901 0.062117 0.172979 0.386003 
0.379937 0.106885 0.120006 0.393172 
0.372659 0.063051 0.163659 0.400632 
0.355477 0.241138 0.003620 0.399765 
0.349481 0.263760 0.000369 0.386390 
0.303694 0.339645 0.000000 0.356661 
0.293379 0.358967 0.000000 0.347654 
0.235247 0.490325 0.000000 0.274428 
0.246503 0.477761 0.000000 0.275737 
0.231876 0.506171 0.000000 0.261953 
0.202774 0.541980 0.000000 0.255246 
0.197972 0.553535 0.000000 0.248493 
0.247605 0.440093 0.000000 0.312302 
0.270409 0.407615 0.000000 0.321975 
0.292317 0.354927 0.000013 0.352743 
0.274934 0.421265 0.000000 0.303801 
0.311758 0.365384 0.000000 0.322858 
0.302977 0.493751 0.017234 0.186038 
0.310219 0.481969 0.017678 0.190135 
0.297297 0.427821 0.000001 0.274881 
0.309853 0.400118 0.000001 0.290028 
0.325366 0.373318 0.000002 0.301314 
0.307729 0.363942 0.000000 0.328328 
0.347080 0.383720 0.000628 0.268572 
0.344724 0.368144 0.000075 0.287056 
0.347073 0.343231 0.000011 0.309685 
0.371645 0.360488 0.026793 0.241074 
0.337126 0.366871 0.000028 0.295975 
0.354344 0.395922 0.217234 0.032500 
0.261842 0.435671 0.302487 0.000000 
0.271748 0.508628 0.219403 0.000221 
0.239646 0.530438 0.229893 0.000022 
0.209163 0.572466 0.218367 0.000004 
0.174654 0.628470 0.196876 0.000000 
0.130599 0.639406 0.229995 0.000000 
0.184856 0.669390 0.144916 0.000839 
0.228301 0.605044 0.001832 0.164823 
0.220490 0.567689 0.000002 0.211819 
0.209562 0.574133 0.000001 0.216304 
0.256129 0.510778 0.000005 0.233089 
0.286768 0.433705 0.000002 0.279526 
0.333569 0.426506 0.018023 0.221903 
0.308856 0.477815 0.167490 0.045840 
0.337995 0.415857 0.215435 0.030713 
0.359945 0.359494 0.005780 0.274781 
0.374589 0.354941 0.052133 0.218338 
0.370492 0.366264 0.026065 0.237178 
0.384978 0.324398 0.012594 0.278030 
0.395117 0.320679 0.143097 0.141107 
0.414354 0.267883 0.152131 0.165632 
0.412981 0.140550 0.217921 0.228548 
0.396260 0.140233 0.144782 0.318726 
0.391035 0.020835 0.284550 0.303579 
0.391328 0.127932 0.147806 0.332934 
0.374052 0.199482 0.067872 0.358594 
0.361565 0.268934 0.006635 0.362866 
0.351218 0.269597 0.001555 0.377630 
0.367263 0.202057 0.058617 0.372063 
0.362928 0.150489 0.097823 0.388759 
0.357714 0.143917 0.111197 0.387172 
0.336474 0.000197 0.284133 0.379196 
0.354142 0.013421 0.248005 0.384432 
0.373006 0.124366 0.128730 0.373898 
0.392721 0.053811 0.217762 0.335705 
0.372092 0.044275 0.211768 0.371865 
0.365645 0.000027 0.314638 0.319689 
0.366991 0.000240 0.302365 0.330404 
0.394201 0.085173 0.198647 0.321980 
0.407209 0.187669 0.231545 0.173577 
0.397508 0.198377 0.095636 0.308479 
0.404893 0.123049 0.192699 0.279359 
0.399288 0.142191 0.148486 0.310034 
0.405784 0.232086 0.149506 0.212623 
0.399700 0.301590 0.110544 0.188166 
0.389871 0.287198 0.012290 0.310641 
0.404930 0.294287 0.093338 0.207445 
0.384339 0.278040 0.015785 0.321836 
0.374099 0.269123 0.070528 0.286250 
0.368576 0.358805 0.132653 0.139966 
0.365016 0.373342 0.047068 0.214575 
0.347898 0.426609 0.086400 0.139093 
0.288420 0.520984 0.178279 0.012317 
0.283955 0.489266 0.226686 0.000093 
0.290579 0.435927 0.273493 0.000002 
0.308557 0.411259 0.280139 0.000045 
0.337780 0.377112 0.024875 0.260232 
0.341695 0.371139 0.000035 0.287130 
0.343168 0.383308 0.005936 0.267587 
0.338291 0.424065 0.011071 0.226573 
0.345135 0.437231 0.078498 0.139136 
0.383140 0.357646 0.213732 0.045482 
0.376449 0.376413 0.153504 0.093634 
0.373899 0.359817 0.003622 0.262662 
0.366316 0.371916 0.003144 0.258624 
0.357578 0.430372 0.122664 0.089387 
0.356767 0.435489 0.106692 0.101052 
0.344806 0.451964 0.170135 0.033095 
0.364629 0.411446 0.162088 0.061837 
0.344352 0.266105 0.389535 0.000009 
0.327278 0.245177 0.427401 0.000144 
0.284163 0.021126 0.526776 0.167934 
0.306459 0.211852 0.481525 0.000163 
0.348844 0.196688 0.435508 0.018960 
0.360083 0.151052 0.428504 0.060361 
0.344635 0.011446 0.443443 0.200476 
0.358243 0.044210 0.425795 0.171751 
0.416220 0.131572 0.310251 0.141957 
0.407168 0.027119 0.279395 0.286319 
0.380135 0.062953 0.184272 0.372640 
0.366243 0.000634 0.278725 0.354398 
0.368957 0.000928 0.279399 0.350717 
0.353400 0.000026 0.354886 0.291688 
0.267677 0.000000 0.324141 0.408182 
0.189200 0.000000 0.167898 0.642901 
0.086691 0.000000 0.299406 0.613904 
0.216291 0.000000 0.259634 0.524075 
0.224642 0.004276 0.132764 0.638318 
0.233088 0.064724 0.054153 0.648035 
0.162222 0.036975 0.042443 0.758360 
0.082862 0.011166 0.030362 0.875610 
0.050501 0.008418 0.016295 0.924786 
0.119277 0.021260 0.040992 0.818470 
0.064046 0.009294 0.023084 0.903576 
0.100789 0.000287 0.059483 0.839440 
