0.283561 0.279052 0.153573 0.283814 
0.331775 0.331394 0.003084 0.333748 
0.330932 0.336042 0.000098 0.332928 
0.317251 0.328443 0.000418 0.353888 
0.325837 0.337084 0.000000 0.337080 
0.309173 0.335493 0.000000 0.355334 
0.317201 0.329696 0.000000 0.353102 
0.317329 0.318135 0.000000 0.364536 
0.286154 0.297395 0.000042 0.416408 
0.236283 0.241200 0.418632 0.103885 
0.239846 0.244145 0.338809 0.177200 
0.232853 0.232951 0.356615 0.177580 
0.237207 0.235300 0.097002 0.430491 
0.257294 0.254298 0.478256 0.010151 
0.261470 0.258271 0.001178 0.479081 
0.284546 0.283757 0.000005 0.431692 
0.286158 0.289593 0.000004 0.424246 
0.301803 0.306687 0.000000 0.391510 
0.331368 0.333979 0.000000 0.334653 
0.322159 0.327815 0.000000 0.350027 
0.314946 0.318963 0.000000 0.366091 
0.331508 0.333637 0.000000 0.334856 
0.331460 0.333000 0.000000 0.335540 
0.313454 0.319822 0.000000 0.366724 
0.310504 0.327164 0.000000 0.362332 
0.305424 0.331564 0.000000 0.363012 
0.318736 0.334870 0.000000 0.346394 
0.297822 0.322438 0.000000 0.379741 
0.264694 0.285396 0.000087 0.449822 
0.274679 0.295128 0.000206 0.429986 
0.269058 0.289640 0.000036 0.441266 
0.293632 0.309108 0.000000 0.397260 
0.293666 0.302164 0.000015 0.404155 
0.304523 0.324950 0.000000 0.370527 
0.297439 0.304623 0.000001 0.397937 
0.305099 0.328963 0.000000 0.365939 
0.321461 0.353198 0.000000 0.325341 
0.330321 0.337795 0.000000 0.331884 
0.331426 0.338658 0.000000 0.329915 
0.332897 0.339987 0.000000 0.327116 
0.332212 0.326968 0.000000 0.340820 
0.329022 0.325092 0.000000 0.345886 
0.313426 0.315190 0.000000 0.371385 
0.313954 0.317992 0.000000 0.368054 
0.328118 0.332764 0.000000 0.339119 
0.326004 0.332879 0.000000 0.341117 
0.324168 0.329726 0.000000 0.346106 
0.313242 0.336584 0.000000 0.350174 
0.330730 0.333446 0.000000 0.335824 
0.330104 0.334214 0.000000 0.335681 
0.326721 0.323353 0.000000 0.349925 
0.326028 0.321014 0.000000 0.352958 
0.324642 0.330230 0.000000 0.345128 
0.328725 0.338870 0.000000 0.332406 
0.330030 0.348957 0.000000 0.321013 
0.325734 0.345167 0.000000 0.329099 
0.323207 0.357966 0.000000 0.318827 
0.300352 0.338185 0.000000 0.361463 
0.294178 0.348415 0.000000 0.357407 
0.299485 0.348484 0.000000 0.352032 
0.315338 0.337099 0.000000 0.347563 
0.300354 0.338046 0.000000 0.361600 
0.302183 0.356606 0.000000 0.341211 
0.299150 0.335262 0.000000 0.365589 
0.270138 0.353565 0.000001 0.376297 
0.277488 0.313417 0.000005 0.409091 
0.270916 0.326048 0.000009 0.403027 
0.276152 0.320012 0.000002 0.403834 
0.259702 0.286425 0.002433 0.451439 
0.270168 0.306986 0.000014 0.422832 
0.246788 0.295718 0.003238 0.454256 
0.250965 0.297917 0.001253 0.449864 
0.234550 0.279252 0.151749 0.334448 
0.224024 0.277166 0.333299 0.165511 
0.225347 0.280295 0.149010 0.345348 
0.224222 0.282796 0.119367 0.373616 
0.232702 0.278963 0.043867 0.444468 
0.233308 0.279772 0.128124 0.358796 
0.233508 0.311281 0.007179 0.448032 
0.219789 0.316270 0.039808 0.424133 
0.216866 0.336514 0.433984 0.012636 
0.207276 0.379740 0.405019 0.007965 
0.212197 0.367252 0.415114 0.005437 
0.202778 0.370120 0.303573 0.123529 
0.219968 0.374899 0.404455 0.000679 
0.251858 0.436319 0.311530 0.000293 
0.278754 0.001085 0.261879 0.458282 
0.211879 0.379077 0.354342 0.054702 
0.207720 0.084689 0.373700 0.333891 
0.219813 0.022999 0.442093 0.315095 
0.231155 0.068450 0.438771 0.261623 
0.235562 0.001065 0.444452 0.318921 
0.218715 0.164855 0.340785 0.275644 
0.230144 0.210984 0.315711 0.243161 
0.228430 0.233089 0.287932 0.250550 
0.214697 0.077946 0.397115 0.310242 
0.232058 0.405540 0.110108 0.252294 
0.245799 0.471426 0.023054 0.259721 
0.239062 0.068663 0.440906 0.251368 
0.239377 0.026701 0.462515 0.271407 
0.263021 0.000664 0.463606 0.272710 
0.271165 0.000020 0.444134 0.284680 
0.285828 0.000007 0.426213 0.287951 
0.275001 0.000178 0.447361 0.277460 
0.259948 0.000714 0.478323 0.261015 
0.254837 0.001033 0.472559 0.271570 
0.248064 0.001141 0.463994 0.286801 
0.246401 0.000067 0.415151 0.338380 
0.263328 0.000011 0.416637 0.320024 
0.244015 0.000527 0.435773 0.319685 
0.248977 0.000849 0.436756 0.313417 
0.257806 0.000766 0.444635 0.296793 
0.257198 0.000003 0.361660 0.381139 
0.265707 0.000017 0.411289 0.322986 
0.299028 0.000000 0.380842 0.320131 
0.299211 0.000000 0.324550 0.376238 
0.305799 0.000000 0.322187 0.372014 
0.306370 0.000000 0.306699 0.386931 
0.307534 0.000000 0.308310 0.384156 
0.325214 0.000000 0.336934 0.337852 
0.306141 0.000000 0.307472 0.386387 
0.312527 0.000000 0.310218 0.377255 
0.306423 0.000001 0.303987 0.389589 
0.310652 0.000000 0.315748 0.373600 
0.312483 0.000000 0.315718 0.371799 
0.282777 0.000003 0.286220 0.431000 
0.255933 0.001454 0.265840 0.476773 
0.283044 0.000000 0.331053 0.385903 
0.275698 0.000000 0.348794 0.375509 
0.270832 0.000000 0.346944 0.382224 
0.272498 0.000002 0.390543 0.336957 
0.246232 0.000048 0.383176 0.370544 
0.256376 0.000074 0.422237 0.321313 
0.263567 0.000220 0.418698 0.317515 
0.250968 0.000041 0.414889 0.334103 
0.229900 0.005101 0.450820 0.314179 
0.231248 0.001928 0.441164 0.325660 
0.219567 0.006554 0.434812 0.339067 
0.216284 0.003609 0.424990 0.355117 
0.209391 0.070192 0.389811 0.330606 
0.203369 0.008166 0.403386 0.385079 
0.201518 0.011184 0.387954 0.399344 
0.199041 0.202629 0.353537 0.244793 
0.185485 0.247712 0.376894 0.189909 
0.190756 0.140700 0.369028 0.299517 
0.217307 0.428923 0.337391 0.016379 
0.200725 0.320268 0.336813 0.142194 
0.206823 0.294109 0.321255 0.177813 
0.204203 0.299713 0.322944 0.173141 
0.232926 0.002310 0.314166 0.450598 
0.258115 0.000073 0.300054 0.441759 
0.250981 0.000378 0.295913 0.452728 
0.266614 0.000016 0.304191 0.429180 
0.293161 0.000000 0.321590 0.385249 
0.233408 0.142365 0.265605 0.358622 
0.250913 0.035786 0.269678 0.443623 
0.257912 0.459907 0.275152 0.007029 
0.266587 0.003643 0.273255 0.456516 
0.237128 0.332738 0.249036 0.181098 
0.244380 0.471093 0.249815 0.034712 
0.257723 0.001472 0.261161 0.479644 
0.250613 0.002800 0.260063 0.486524 
0.265803 0.000109 0.278801 0.455286 
0.226568 0.271810 0.245708 0.255914 
0.232146 0.241488 0.230387 0.295978 
0.221978 0.283893 0.280735 0.213394 
0.230807 0.068427 0.270432 0.430335 
0.240678 0.003183 0.287152 0.468987 
0.246843 0.000919 0.289539 0.462699 
0.418761 0.000000 0.483247 0.097992 
0.299102 0.000000 0.308891 0.392007 
0.250821 0.000412 0.294326 0.454441 
0.288339 0.000000 0.399917 0.311743 
0.258654 0.000001 0.383302 0.358042 
0.275314 0.000000 0.348752 0.375934 
0.445424 0.000000 0.493141 0.061435 
0.312413 0.000000 0.339129 0.348458 
0.310383 0.000000 0.316995 0.372622 
0.300803 0.000000 0.336710 0.362487 
0.256481 0.000210 0.306525 0.436785 
0.287578 0.000000 0.318282 0.394139 
0.246430 0.004958 0.265500 0.483112 
0.250834 0.000238 0.302581 0.446347 
0.245008 0.400657 0.277042 0.077292 
0.224653 0.358718 0.267630 0.148999 
0.225428 0.008141 0.322780 0.443651 
0.241035 0.004328 0.286132 0.468505 
0.254738 0.000109 0.314240 0.430913 
0.223446 0.361908 0.268845 0.145800 
0.227186 0.050103 0.287373 0.435339 
0.231808 0.131747 0.269073 0.367372 
0.239621 0.463394 0.248514 0.048470 
0.234335 0.359847 0.232556 0.173261 
0.232799 0.243894 0.229667 0.293639 
0.251023 0.019301 0.252320 0.477356 
0.239476 0.050097 0.241204 0.469222 
0.230364 0.367645 0.252235 0.149755 
0.235396 0.101315 0.247784 0.415504 
0.232774 0.262182 0.230231 0.274813 
0.234312 0.129697 0.240910 0.395081 
0.236058 0.379369 0.233214 0.151359 
0.242998 0.218975 0.241868 0.296159 
0.234450 0.202266 0.239950 0.323335 
0.232217 0.157415 0.237909 0.372459 
0.238606 0.041663 0.253655 0.466076 
0.245846 0.008309 0.299513 0.446332 
0.231448 0.367062 0.287003 0.114487 
0.244736 0.472405 0.277570 0.005289 
0.239005 0.453311 0.288262 0.019423 
0.270171 0.439193 0.290593 0.000042 
0.272601 0.426132 0.301252 0.000015 
0.273361 0.415616 0.310145 0.000878 
0.282228 0.410420 0.307324 0.000028 
0.281976 0.374823 0.343200 0.000001 
0.295555 0.367826 0.336619 0.000000 
0.292225 0.388093 0.319682 0.000000 
0.292615 0.389969 0.317416 0.000000 
0.297697 0.389363 0.312939 0.000000 
0.289651 0.416584 0.293495 0.000271 
0.281520 0.411228 0.307050 0.000201 
0.279973 0.430610 0.289254 0.000163 
0.276380 0.443122 0.279977 0.000521 
0.272460 0.429985 0.295581 0.001974 
0.276796 0.000939 0.293469 0.428797 
0.271951 0.000058 0.304226 0.423765 
0.275834 0.000180 0.279831 0.444155 
0.236175 0.008289 0.297852 0.457685 
0.236954 0.000260 0.350554 0.412233 
0.210373 0.207648 0.313544 0.268435 
0.232796 0.001071 0.340015 0.426118 
0.228585 0.153824 0.260569 0.357022 
0.218096 0.157680 0.301012 0.323212 
0.217634 0.016268 0.356919 0.409179 
0.228533 0.017192 0.324433 0.429842 
0.216719 0.023756 0.404697 0.354827 
0.208292 0.408882 0.356353 0.026473 
0.214481 0.295845 0.303947 0.185726 
0.200579 0.204087 0.343673 0.251661 
0.197243 0.198395 0.357367 0.246994 
0.213819 0.005507 0.381036 0.399639 
0.204543 0.025210 0.376248 0.393999 
0.207302 0.006567 0.393107 0.393024 
0.188758 0.187388 0.373926 0.249928 
0.186999 0.206375 0.248762 0.357865 
0.182629 0.298835 0.289743 0.228793 
0.187472 0.359426 0.186792 0.266311 
0.185447 0.337607 0.270670 0.206277 
0.190637 0.125208 0.314460 0.369695 
0.187243 0.280720 0.370087 0.161950 
0.179632 0.303836 0.258358 0.258174 
0.185315 0.193860 0.347506 0.273320 
0.182806 0.237889 0.359644 0.219661 
0.184130 0.137091 0.311662 0.367118 
0.182394 0.162047 0.358672 0.296886 
0.188742 0.356289 0.086483 0.368487 
0.234111 0.412762 0.073442 0.279685 
0.195315 0.261139 0.179064 0.364483 
0.213387 0.008314 0.405750 0.372550 
0.191347 0.276187 0.173702 0.358764 
0.218355 0.050641 0.387418 0.343586 
0.197018 0.380101 0.039806 0.383075 
0.185054 0.352249 0.237020 0.225676 
0.190657 0.364882 0.152829 0.291632 
0.200985 0.380147 0.375860 0.043008 
0.196036 0.367165 0.226253 0.210546 
0.200901 0.382445 0.033488 0.383167 
0.195725 0.315879 0.113603 0.374793 
0.194777 0.222808 0.210419 0.371996 
0.194679 0.176449 0.256541 0.372332 
0.205160 0.184094 0.261190 0.349556 
0.201652 0.307489 0.120217 0.370642 
0.195747 0.226961 0.209892 0.367400 
0.215205 0.043805 0.410840 0.330150 
0.197986 0.037832 0.380066 0.384115 
0.210672 0.017232 0.407508 0.364588 
0.188305 0.107992 0.370711 0.332991 
0.193180 0.131913 0.300464 0.374442 
0.246801 0.375895 0.147321 0.229983 
0.221943 0.138886 0.282299 0.356873 
0.226440 0.440622 0.034508 0.298430 
0.241102 0.417879 0.088736 0.252284 
0.232847 0.447315 0.014264 0.305574 
0.236283 0.453632 0.020015 0.290069 
0.201863 0.383973 0.030171 0.383992 
0.192012 0.371776 0.167860 0.268353 
0.197085 0.360297 0.222297 0.220321 
0.203674 0.351782 0.144299 0.300244 
0.199380 0.360931 0.188253 0.251436 
0.196156 0.371564 0.246178 0.186103 
0.204414 0.352851 0.251066 0.191669 
0.214571 0.337403 0.303779 0.144247 
0.209857 0.344296 0.127189 0.318659 
0.199356 0.352926 0.287332 0.160386 
0.210433 0.343121 0.244988 0.201457 
0.234792 0.343833 0.002127 0.419248 
0.221982 0.356822 0.071447 0.349749 
0.257519 0.406196 0.336239 0.000046 
0.278146 0.471799 0.221093 0.028962 
0.248857 0.432920 0.317642 0.000581 
0.217339 0.374250 0.373917 0.034494 
0.198845 0.374508 0.379622 0.047025 
0.187927 0.379495 0.076166 0.356412 
0.182517 0.365186 0.159692 0.292604 
0.187714 0.361795 0.106131 0.344361 
0.197925 0.379235 0.048333 0.374507 
0.230595 0.001242 0.403570 0.364594 
0.225667 0.002130 0.393193 0.379010 
0.221543 0.023600 0.425170 0.329688 
0.237301 0.026856 0.447825 0.288018 
0.227855 0.194362 0.304134 0.273649 
0.250633 0.486854 0.003591 0.258922 
0.256621 0.457784 0.000219 0.285377 
0.269295 0.429922 0.000014 0.300769 
0.241165 0.444892 0.000533 0.313410 
0.232413 0.442210 0.001425 0.323951 
0.232116 0.454281 0.014727 0.298876 
0.222761 0.425972 0.048346 0.302920 
0.233704 0.469990 0.019583 0.276723 
0.207796 0.393741 0.028974 0.369490 
0.200661 0.400550 0.028943 0.369846 
0.178954 0.368566 0.221059 0.231421 
0.180270 0.373946 0.222809 0.222976 
0.190110 0.383801 0.041111 0.384977 
0.208760 0.416392 0.007248 0.367599 
0.228979 0.412122 0.097929 0.260970 
0.274719 0.541571 0.038338 0.145373 
0.304378 0.478137 0.174792 0.042693 
0.303627 0.434760 0.224504 0.037109 
0.301371 0.397865 0.211525 0.089239 
0.239914 0.434507 0.079373 0.246206 
0.211529 0.002634 0.394114 0.391722 
0.259507 0.000257 0.282470 0.457765 
0.227951 0.173097 0.248969 0.349983 
0.223148 0.383736 0.097519 0.295596 
0.308954 0.596953 0.026826 0.067266 
0.324940 0.620850 0.009630 0.044581 
0.338387 0.606176 0.004767 0.050671 
0.283240 0.466070 0.000187 0.250502 
0.344110 0.566637 0.000050 0.089204 
0.384319 0.564411 0.000002 0.051269 
0.389748 0.573892 0.000002 0.036358 
0.335377 0.438921 0.000000 0.225702 
0.402195 0.524592 0.000000 0.073213 
0.372594 0.453062 0.000000 0.174344 
0.243865 0.347830 0.000033 0.408272 
0.278079 0.435887 0.000028 0.286005 
0.262537 0.389676 0.000001 0.347786 
0.311653 0.412935 0.000000 0.275412 
0.250187 0.310810 0.000121 0.438882 
0.228006 0.280117 0.367581 0.124296 
0.225073 0.257906 0.331384 0.185637 
0.235057 0.255167 0.107892 0.401884 
0.242388 0.259632 0.487450 0.010530 
0.257779 0.317477 0.424695 0.000049 
0.260577 0.307716 0.000026 0.431680 
0.263149 0.295991 0.000040 0.440820 
0.238129 0.275720 0.018361 0.467790 
0.228801 0.274240 0.152728 0.344232 
0.248995 0.316855 0.000723 0.433426 
0.239291 0.321951 0.000674 0.438084 
0.258400 0.350895 0.000002 0.390703 
0.259653 0.362769 0.000002 0.377577 
0.267079 0.410315 0.000004 0.322603 
0.281626 0.402479 0.000003 0.315892 
0.297260 0.392590 0.000000 0.310150 
0.306524 0.372145 0.000000 0.321331 
0.308784 0.365732 0.000000 0.325483 
0.301156 0.384961 0.000000 0.313882 
0.278388 0.381161 0.000000 0.340451 
0.277494 0.409924 0.000003 0.312579 
0.250472 0.398087 0.000193 0.351248 
0.274898 0.389744 0.000001 0.335357 
0.249836 0.364486 0.000204 0.385474 
0.244500 0.416927 0.001555 0.337017 
0.260764 0.388844 0.000005 0.350386 
0.248466 0.370491 0.000052 0.380992 
0.246677 0.322900 0.000809 0.429614 
0.246147 0.344671 0.000078 0.409103 
0.240969 0.326562 0.000434 0.432036 
0.248899 0.345400 0.000175 0.405525 
0.250099 0.342601 0.000129 0.407170 
0.274232 0.352577 0.000001 0.373190 
0.263209 0.300582 0.000075 0.436134 
0.292534 0.344113 0.000000 0.363353 
0.283964 0.324525 0.000000 0.391510 
0.288348 0.308718 0.000000 0.402934 
0.281152 0.291518 0.000006 0.427324 
0.267188 0.294134 0.000673 0.438005 
0.316233 0.337091 0.000000 0.346676 
0.302606 0.323340 0.000000 0.374054 
0.286550 0.326264 0.000000 0.387186 
0.290021 0.322010 0.000001 0.387968 
0.305751 0.317324 0.000000 0.376926 
0.300447 0.314130 0.000000 0.385423 
0.325297 0.328265 0.000000 0.346438 
0.330714 0.330603 0.000000 0.338683 
0.328711 0.324034 0.000000 0.347255 
0.329458 0.329097 0.000000 0.341445 
0.335575 0.330754 0.000000 0.333672 
0.329667 0.320245 0.000000 0.350088 
0.330076 0.330421 0.000000 0.339503 
0.319421 0.328908 0.000000 0.351672 
0.317424 0.317872 0.000000 0.364704 
0.332709 0.340479 0.000000 0.326812 
0.330031 0.333776 0.000000 0.336193 
0.339729 0.335270 0.000000 0.325001 
0.342048 0.326048 0.000000 0.331904 
0.341421 0.327978 0.000000 0.330601 
0.333884 0.321145 0.000000 0.344971 
0.333048 0.326543 0.000000 0.340409 
0.332127 0.323061 0.000000 0.344813 
0.334178 0.338220 0.000000 0.327601 
0.335854 0.333059 0.000000 0.331087 
0.334815 0.322306 0.000000 0.342879 
0.318249 0.306166 0.000000 0.375585 
0.297220 0.285980 0.000017 0.416783 
0.328541 0.322973 0.000000 0.348486 
0.334990 0.311393 0.000000 0.353617 
0.323315 0.295481 0.000000 0.381205 
0.300465 0.271360 0.000052 0.428123 
0.296553 0.267633 0.000034 0.435780 
0.277043 0.259115 0.001789 0.462054 
0.259810 0.239324 0.022889 0.477976 
0.251476 0.246927 0.194592 0.307005 
0.257789 0.240402 0.045656 0.456154 
0.289913 0.269508 0.000041 0.440539 
0.297772 0.284359 0.000024 0.417845 
0.311524 0.307224 0.000000 0.381252 
0.301559 0.321345 0.000000 0.377096 
0.287873 0.299204 0.000004 0.412919 
0.288353 0.307933 0.000003 0.403711 
0.270219 0.293970 0.000078 0.435734 
0.288367 0.288652 0.000006 0.422975 
0.281188 0.274372 0.000167 0.444273 
0.246029 0.239814 0.152781 0.361376 
0.246795 0.228776 0.299935 0.224493 
0.255698 0.237044 0.439714 0.067544 
0.277473 0.255269 0.001650 0.465608 
0.269528 0.253559 0.002305 0.474607 
0.263665 0.250604 0.011915 0.473816 
0.267231 0.251022 0.013823 0.467924 
0.272387 0.263327 0.001049 0.463238 
0.246109 0.236778 0.210433 0.306680 
0.248980 0.225807 0.256956 0.268257 
0.251447 0.224245 0.244524 0.279784 
0.256964 0.230091 0.165669 0.347276 
0.258233 0.233206 0.430757 0.077804 
0.276638 0.246908 0.096650 0.379804 
0.274912 0.250876 0.001873 0.472340 
0.263575 0.244254 0.020374 0.471796 
0.256241 0.237085 0.327612 0.179061 
0.268026 0.241377 0.474664 0.015932 
0.266415 0.236596 0.019281 0.477707 
0.316232 0.282099 0.000000 0.401668 
0.260405 0.231860 0.420564 0.087171 
0.289968 0.263650 0.000553 0.445829 
0.274977 0.248264 0.004888 0.471871 
0.267935 0.245906 0.006625 0.479533 
0.266844 0.242369 0.061938 0.428849 
0.251809 0.226236 0.197432 0.324523 
0.251415 0.232278 0.263007 0.253300 
0.249071 0.233659 0.244571 0.272698 
0.251587 0.227321 0.268839 0.252253 
0.265686 0.239145 0.419474 0.075696 
0.266446 0.233484 0.370080 0.129990 
0.252093 0.224432 0.272364 0.251110 
0.255131 0.241483 0.192802 0.310585 
0.253199 0.228842 0.171371 0.346589 
0.252673 0.236826 0.422768 0.087733 
0.248337 0.241510 0.382327 0.127825 
0.249626 0.265518 0.457143 0.027713 
0.254022 0.271760 0.008087 0.466130 
0.271941 0.289724 0.000205 0.438130 
0.273183 0.294851 0.000100 0.431866 
0.260034 0.261615 0.005132 0.473220 
0.245193 0.239747 0.102259 0.412800 
0.260955 0.240468 0.456435 0.042142 
0.252088 0.233016 0.127386 0.387510 
0.277845 0.248217 0.001771 0.472166 
0.252566 0.227072 0.163863 0.356500 
0.254242 0.232712 0.091834 0.421212 
0.261597 0.230515 0.408072 0.099816 
0.266122 0.239990 0.013554 0.480335 
0.275449 0.242193 0.123395 0.358962 
0.262330 0.231818 0.429206 0.076646 
0.270504 0.243256 0.469061 0.017179 
0.277307 0.249860 0.445049 0.027784 
0.258517 0.227366 0.181267 0.332850 
0.265600 0.232570 0.349625 0.152205 
0.264614 0.225723 0.327038 0.182624 
0.261090 0.225247 0.341688 0.171975 
0.261251 0.224245 0.250874 0.263630 
0.258361 0.223861 0.244084 0.273694 
0.264819 0.226513 0.413173 0.095496 
0.259775 0.220821 0.262244 0.257160 
0.269118 0.225840 0.083709 0.421333 
0.279412 0.236581 0.011932 0.472075 
0.304757 0.262351 0.000064 0.432828 
0.345381 0.339856 0.000000 0.314763 
0.293239 0.286282 0.000065 0.420414 
0.347548 0.350941 0.000000 0.301511 
0.386167 0.419589 0.000000 0.194244 
0.430382 0.429024 0.000000 0.140594 
0.319536 0.316664 0.000000 0.363800 
0.263033 0.279196 0.259217 0.198554 
0.274924 0.289707 0.008459 0.426910 
0.330306 0.311810 0.000001 0.357883 
0.339485 0.341742 0.003514 0.315260 
0.361190 0.343786 0.000000 0.295024 
0.364050 0.342217 0.000000 0.293733 
0.371915 0.339516 0.000000 0.288569 
0.378329 0.330237 0.000000 0.291434 
0.364431 0.304329 0.000000 0.331240 
0.347824 0.291194 0.000001 0.360982 
0.307149 0.294317 0.000660 0.397874 
0.321023 0.326237 0.000001 0.352739 
0.317432 0.333431 0.000003 0.349135 
0.341356 0.389058 0.000003 0.269582 
0.342352 0.406145 0.000022 0.251481 
0.344318 0.401069 0.000030 0.254583 
0.346891 0.392140 0.000002 0.260966 
0.347240 0.397181 0.000010 0.255568 
0.350823 0.396136 0.000007 0.253034 
0.357618 0.382544 0.000001 0.259837 
0.343260 0.403386 0.000110 0.253244 
0.354855 0.382785 0.000005 0.262355 
0.296178 0.323512 0.000500 0.379811 
0.263295 0.318521 0.304213 0.113971 
0.260473 0.327675 0.270087 0.141765 
0.268070 0.355710 0.343163 0.033056 
0.265686 0.131622 0.332270 0.270421 
0.250209 0.311945 0.095941 0.341906 
0.259240 0.214325 0.193798 0.332637 
0.233915 0.217380 0.283333 0.265372 
0.241578 0.076375 0.347343 0.334705 
0.240521 0.151671 0.346103 0.261705 
0.242303 0.209822 0.206109 0.341767 
0.277244 0.135100 0.318827 0.268829 
0.273361 0.327731 0.110989 0.287918 
0.258921 0.224028 0.204998 0.312052 
0.256797 0.235866 0.199868 0.307469 
0.271886 0.260581 0.186189 0.281344 
0.259771 0.302075 0.137654 0.300499 
0.256339 0.335609 0.071321 0.336731 
0.251000 0.336991 0.068829 0.343181 
0.255191 0.191133 0.240071 0.313605 
0.266965 0.105167 0.349934 0.277934 
0.247000 0.127364 0.296039 0.329598 
0.247925 0.202373 0.223538 0.326164 
0.234973 0.297720 0.159261 0.308046 
0.241675 0.263785 0.143799 0.350740 
0.264473 0.153509 0.274967 0.307051 
0.272323 0.216131 0.221472 0.290074 
0.275194 0.161504 0.278979 0.284323 
0.290330 0.106408 0.351808 0.251455 
0.283341 0.048032 0.392629 0.275997 
0.288925 0.218975 0.260001 0.232099 
0.296970 0.256982 0.236055 0.209993 
0.294149 0.246434 0.235938 0.223479 
0.310546 0.049614 0.422354 0.217486 
0.304334 0.257669 0.224044 0.213953 
0.304037 0.384805 0.087399 0.223758 
0.309628 0.421481 0.024390 0.244501 
0.302857 0.226692 0.239971 0.230479 
0.291533 0.240230 0.233415 0.234822 
0.304193 0.090770 0.367166 0.237870 
0.321185 0.012836 0.435148 0.230831 
0.318429 0.135420 0.332020 0.214131 
0.299171 0.284667 0.201883 0.214279 
0.299744 0.244189 0.247259 0.208807 
0.291385 0.242350 0.254129 0.212136 
0.308451 0.015407 0.448046 0.228096 
0.285803 0.245828 0.245973 0.222396 
0.280431 0.055309 0.399275 0.264985 
0.265675 0.206791 0.249466 0.278068 
0.265008 0.204159 0.253923 0.276909 
0.280474 0.220420 0.261367 0.237739 
0.292500 0.410654 0.074823 0.222023 
0.276761 0.264502 0.217310 0.241427 
0.263989 0.359202 0.099972 0.276837 
0.265958 0.267206 0.223818 0.243018 
0.276060 0.049330 0.418859 0.255751 
0.265423 0.106736 0.360697 0.267144 
0.269726 0.206446 0.285144 0.238685 
0.273464 0.283755 0.217118 0.225663 
0.258172 0.349170 0.111697 0.280962 
0.266690 0.405140 0.014773 0.313397 
0.234004 0.271409 0.146998 0.347588 
0.236134 0.349599 0.148991 0.265276 
0.275743 0.336211 0.014985 0.373060 
0.271117 0.084281 0.335147 0.309454 
0.295919 0.000255 0.347724 0.356102 
0.286713 0.003479 0.330572 0.379236 
0.323176 0.000124 0.252328 0.424372 
0.396709 0.000000 0.221852 0.381439 
0.339569 0.000001 0.284267 0.376163 
0.394517 0.000000 0.279919 0.325564 
0.360284 0.000000 0.260693 0.379022 
0.401454 0.000000 0.238135 0.360412 
0.396689 0.000000 0.236432 0.366879 
0.419090 0.000000 0.250762 0.330147 
0.414197 0.000001 0.291504 0.294298 
0.447118 0.000000 0.233032 0.319850 
0.439982 0.000001 0.246533 0.313484 
0.397454 0.000001 0.320148 0.282397 
0.433129 0.000002 0.261570 0.305300 
0.358529 0.000058 0.385581 0.255832 
0.368688 0.000012 0.385334 0.245966 
0.336502 0.006779 0.436264 0.220454 
0.328790 0.016679 0.438526 0.216005 
0.308740 0.159582 0.316363 0.215315 
0.314636 0.138444 0.334155 0.212764 
0.328612 0.003063 0.434730 0.233595 
0.383296 0.000001 0.342811 0.273892 
0.341997 0.000246 0.422576 0.235180 
0.385955 0.000001 0.345267 0.268777 
0.446289 0.000001 0.242274 0.311437 
0.459661 0.000001 0.208248 0.332090 
0.389923 0.000003 0.325462 0.284611 
0.331821 0.001689 0.421340 0.245150 
0.293050 0.175955 0.301294 0.229701 
0.297242 0.226300 0.261820 0.214637 
0.302446 0.079105 0.391058 0.227391 
0.310323 0.013156 0.445888 0.230633 
0.348038 0.000050 0.403699 0.248214 
0.351137 0.000005 0.388345 0.260514 
0.376285 0.000000 0.350651 0.273064 
0.387790 0.000000 0.333571 0.278639 
0.380631 0.000000 0.343728 0.275640 
0.402413 0.000002 0.322570 0.275016 
0.408041 0.000001 0.296968 0.294989 
0.407613 0.000001 0.288293 0.304092 
0.385550 0.000001 0.260455 0.353994 
0.374158 0.000004 0.255967 0.369871 
0.380953 0.000001 0.261858 0.357188 
0.394181 0.000001 0.268904 0.336914 
0.387845 0.000009 0.256020 0.356126 
0.397935 0.000020 0.264791 0.337254 
0.358263 0.000014 0.270091 0.371632 
0.381232 0.000002 0.312242 0.306524 
0.387130 0.000004 0.269378 0.343489 
0.373923 0.000011 0.283469 0.342597 
0.353477 0.000053 0.272968 0.373502 
0.353547 0.000036 0.257146 0.389271 
0.349754 0.000915 0.225976 0.423355 
0.383723 0.000018 0.244379 0.371881 
0.382980 0.000203 0.239583 0.377234 
0.350731 0.001358 0.226128 0.421783 
0.326099 0.115265 0.204656 0.353980 
0.310983 0.311520 0.221716 0.155781 
0.323254 0.423361 0.214379 0.039006 
0.336493 0.431000 0.226851 0.005656 
0.331294 0.095599 0.226010 0.347096 
0.335372 0.001736 0.245274 0.417618 
0.309078 0.246349 0.226683 0.217890 
0.312835 0.078158 0.224296 0.384711 
0.312830 0.059627 0.230871 0.396672 
0.298056 0.093630 0.258853 0.349461 
0.294773 0.248016 0.243918 0.213293 
0.307365 0.233939 0.222622 0.236074 
0.315263 0.225834 0.214707 0.244196 
0.318726 0.251467 0.205298 0.224509 
0.319493 0.223286 0.203884 0.253337 
0.318470 0.288546 0.209978 0.183007 
0.325869 0.174130 0.211297 0.288703 
0.330469 0.302883 0.209607 0.157042 
0.333482 0.101278 0.209230 0.356010 
0.335586 0.353361 0.203743 0.107310 
0.338589 0.315775 0.212200 0.133436 
0.332759 0.389194 0.221772 0.056274 
0.336834 0.422431 0.221451 0.019284 
0.325216 0.273139 0.203898 0.197747 
0.333747 0.111847 0.206228 0.348178 
0.354313 0.395605 0.213016 0.037066 
0.354075 0.369515 0.211693 0.064717 
0.346702 0.034498 0.211360 0.407439 
0.349652 0.009135 0.215019 0.426193 
0.330331 0.331426 0.219125 0.119117 
0.315163 0.268978 0.224821 0.191037 
0.319165 0.224364 0.209890 0.246581 
0.315308 0.216991 0.234546 0.233155 
0.340868 0.000040 0.293061 0.366031 
0.305826 0.247861 0.242281 0.204033 
0.301795 0.247099 0.259411 0.191695 
0.298663 0.046430 0.293679 0.361228 
0.298685 0.055932 0.285089 0.360294 
0.284480 0.089447 0.297309 0.328764 
0.307064 0.011220 0.303302 0.378413 
0.313898 0.001814 0.317513 0.366775 
0.324880 0.002299 0.333991 0.338830 
0.333885 0.011716 0.413615 0.240785 
0.310745 0.040318 0.365439 0.283498 
0.315543 0.232934 0.200035 0.251488 
0.304920 0.241865 0.170817 0.282398 
0.321046 0.032430 0.372847 0.273677 
0.327086 0.003850 0.373392 0.295671 
0.317350 0.001394 0.340858 0.340398 
0.299325 0.015583 0.334784 0.350309 
0.351800 0.000223 0.324793 0.323184 
0.361091 0.000803 0.371609 0.266497 
0.355371 0.054063 0.359075 0.231491 
0.350943 0.072457 0.352495 0.224105 
0.355079 0.095546 0.341094 0.208281 
0.374252 0.398306 0.009397 0.218045 
0.376335 0.408823 0.006427 0.208415 
0.362254 0.393115 0.009724 0.234907 
0.349194 0.337156 0.102993 0.210657 
0.342586 0.243556 0.211837 0.202021 
0.377018 0.000934 0.398665 0.223383 
0.341690 0.093088 0.344683 0.220539 
0.327682 0.357422 0.061110 0.253787 
0.392624 0.000145 0.346840 0.260392 
0.371420 0.009138 0.413465 0.205977 
0.397845 0.002718 0.378551 0.220885 
0.408171 0.000654 0.358997 0.232178 
0.393009 0.000387 0.386470 0.220134 
0.407268 0.000385 0.355447 0.236900 
0.439431 0.000410 0.318271 0.241888 
0.430407 0.000529 0.328950 0.240114 
0.373642 0.027248 0.398372 0.200738 
0.359301 0.112057 0.333122 0.195520 
0.390042 0.001906 0.399012 0.209040 
0.359060 0.231741 0.218923 0.190276 
0.356382 0.231294 0.219692 0.192633 
0.359916 0.183257 0.261763 0.195064 
0.351309 0.276954 0.166927 0.204811 
0.346593 0.190850 0.247266 0.215291 
0.340796 0.213520 0.219597 0.226087 
0.345702 0.199544 0.246933 0.207821 
0.358534 0.249724 0.198771 0.192971 
0.360939 0.257660 0.184114 0.197286 
0.364662 0.250945 0.194623 0.189771 
0.358513 0.213153 0.226224 0.202110 
0.355342 0.158209 0.266368 0.220081 
0.366500 0.352004 0.077837 0.203659 
0.376284 0.400842 0.024545 0.198329 
0.366448 0.384015 0.042723 0.206814 
0.366364 0.368604 0.060908 0.204124 
0.359668 0.215264 0.224052 0.201016 
0.351962 0.228484 0.223034 0.196520 
0.352491 0.256241 0.190251 0.201017 
0.368040 0.022170 0.402197 0.207592 
0.365351 0.056709 0.374235 0.203705 
0.360030 0.054635 0.386960 0.198375 
0.348894 0.248745 0.200807 0.201553 
0.356032 0.213425 0.238041 0.192502 
0.360710 0.185827 0.260394 0.193069 
0.345305 0.219356 0.203614 0.231726 
0.339683 0.011968 0.356824 0.291525 
0.303409 0.204245 0.320086 0.172261 
0.297388 0.174890 0.304899 0.222824 
0.299715 0.214100 0.165026 0.321158 
0.324938 0.215163 0.198134 0.261765 
0.308899 0.197680 0.203414 0.290007 
0.327710 0.227948 0.208690 0.235653 
0.328988 0.246501 0.182431 0.242080 
0.289010 0.141581 0.250307 0.319102 
0.275175 0.211322 0.186875 0.326628 
0.272677 0.244990 0.300050 0.182283 
0.267092 0.190147 0.281658 0.261103 
0.264273 0.316926 0.219575 0.199226 
0.265290 0.198509 0.226125 0.310076 
0.269789 0.228277 0.330060 0.171875 
0.284116 0.257415 0.332161 0.126308 
0.271578 0.189855 0.297970 0.240597 
0.268319 0.189914 0.220420 0.321347 
0.276034 0.210620 0.184566 0.328780 
0.299941 0.245521 0.183355 0.271183 
0.287000 0.105066 0.312236 0.295698 
0.285888 0.213551 0.212764 0.287797 
0.275902 0.314140 0.088775 0.321183 
0.283473 0.230110 0.174262 0.312154 
0.274482 0.249436 0.326111 0.149971 
0.284819 0.305408 0.288111 0.121661 
0.257105 0.220651 0.338015 0.184229 
0.272929 0.251828 0.318056 0.157187 
0.282594 0.355732 0.323936 0.037737 
0.288121 0.363399 0.345044 0.003435 
0.294301 0.361731 0.340853 0.003115 
0.294278 0.336104 0.335185 0.034434 
0.303053 0.312912 0.320260 0.063775 
0.311563 0.336120 0.000062 0.352255 
0.316109 0.312713 0.000879 0.370298 
0.300821 0.305633 0.037866 0.355680 
0.305445 0.315942 0.017641 0.360972 
0.327246 0.337793 0.000047 0.334914 
0.320725 0.331578 0.000121 0.347576 
0.303659 0.330472 0.001053 0.364817 
0.302247 0.311072 0.005820 0.380861 
0.276522 0.302229 0.239760 0.181490 
0.279446 0.296811 0.178818 0.244925 
0.294261 0.302867 0.368844 0.034028 
0.295411 0.309879 0.361253 0.033457 
0.319442 0.315929 0.363088 0.001542 
0.320664 0.300808 0.051487 0.327040 
0.337547 0.282463 0.374042 0.005948 
0.307107 0.273378 0.189165 0.230349 
0.301765 0.265838 0.271038 0.161358 
0.342902 0.281260 0.000910 0.374927 
0.361557 0.262317 0.000253 0.375874 
0.424475 0.297681 0.000975 0.276869 
0.388772 0.256182 0.000211 0.354835 
0.336220 0.225673 0.327354 0.110753 
0.336963 0.224091 0.280448 0.158498 
0.327089 0.231820 0.343264 0.097827 
0.327450 0.233513 0.209918 0.229119 
0.345144 0.258073 0.005706 0.391077 
0.342733 0.236675 0.054554 0.366038 
0.358240 0.228151 0.016038 0.397571 
0.339798 0.234460 0.212477 0.213265 
0.333965 0.242687 0.107397 0.315951 
0.362118 0.259283 0.000933 0.377666 
0.396331 0.288221 0.000563 0.314885 
0.226593 0.265700 0.206117 0.301591 
0.334879 0.275666 0.221890 0.167564 
0.375092 0.284889 0.017869 0.322149 
0.394905 0.284764 0.001038 0.319293 
0.361136 0.244752 0.028585 0.365528 
0.374190 0.235141 0.386769 0.003900 
0.364918 0.227973 0.381232 0.025877 
0.361322 0.218623 0.205440 0.214616 
0.366434 0.206973 0.152432 0.274160 
0.390135 0.215586 0.001393 0.392886 
0.389773 0.208344 0.004187 0.397696 
0.407142 0.229248 0.000287 0.363323 
0.420302 0.228723 0.007798 0.343177 
0.440541 0.235570 0.004517 0.319372 
0.429033 0.233700 0.000919 0.336348 
0.428753 0.236146 0.000497 0.334604 
0.392632 0.219361 0.000295 0.387712 
0.390208 0.222660 0.000278 0.386854 
0.368518 0.210474 0.027469 0.393539 
0.354149 0.205709 0.088064 0.352078 
0.358731 0.218894 0.278004 0.144371 
0.363375 0.221361 0.406995 0.008269 
0.375172 0.233506 0.389205 0.002117 
0.355266 0.219293 0.282233 0.143209 
0.351714 0.233982 0.403050 0.011254 
0.342883 0.231306 0.386375 0.039436 
0.332241 0.221904 0.213185 0.232670 
0.337198 0.225276 0.159610 0.277916 
0.362210 0.226706 0.404165 0.006919 
0.398802 0.242959 0.357872 0.000366 
0.459939 0.272304 0.265422 0.002335 
0.392510 0.221844 0.384173 0.001474 
0.365031 0.209820 0.324675 0.100474 
0.365371 0.203707 0.020470 0.410452 
0.375330 0.209175 0.003183 0.412312 
0.347552 0.201970 0.109316 0.341162 
0.356633 0.207168 0.406751 0.029448 
0.339255 0.207577 0.360697 0.092471 
0.350985 0.227641 0.006843 0.414531 
0.334097 0.214713 0.340601 0.110589 
0.336781 0.204865 0.309018 0.149335 
0.350578 0.215940 0.013288 0.420195 
0.360027 0.214398 0.003801 0.421775 
0.405953 0.293958 0.072125 0.227964 
0.370605 0.226284 0.003254 0.399857 
0.353049 0.220409 0.424031 0.002512 
0.353444 0.217741 0.423055 0.005760 
0.327235 0.202880 0.308255 0.161630 
0.324615 0.202129 0.251036 0.222219 
0.336911 0.206882 0.047633 0.408574 
0.333662 0.201957 0.139874 0.324507 
0.335346 0.208221 0.068790 0.387643 
0.328352 0.212372 0.053766 0.405509 
0.388322 0.242887 0.000011 0.368780 
0.388097 0.239254 0.000017 0.372632 
0.407683 0.255268 0.000011 0.337038 
0.437033 0.277797 0.000009 0.285161 
0.443001 0.277818 0.000014 0.279167 
0.416610 0.264225 0.005952 0.313213 
0.419224 0.257285 0.000021 0.323469 
0.415874 0.260795 0.000044 0.323287 
0.427079 0.269221 0.000019 0.303681 
0.405135 0.265155 0.000040 0.329670 
0.381975 0.252979 0.000039 0.365006 
0.408066 0.264745 0.000104 0.327085 
0.409576 0.255268 0.000042 0.335114 
0.419438 0.259439 0.000032 0.321091 
0.369286 0.218388 0.002537 0.409790 
0.388295 0.232841 0.000046 0.378819 
0.375413 0.229844 0.000092 0.394650 
0.371150 0.226222 0.000206 0.402423 
0.336230 0.197958 0.236893 0.228920 
0.334604 0.205141 0.089271 0.370983 
0.334682 0.212472 0.369930 0.082916 
0.340527 0.215375 0.120480 0.323618 
0.356466 0.228549 0.404916 0.010070 
0.375401 0.259796 0.364696 0.000107 
0.376773 0.258333 0.359437 0.005457 
0.354491 0.249475 0.395591 0.000443 
0.352391 0.240620 0.405375 0.001613 
0.370423 0.232276 0.002244 0.395056 
0.489393 0.314410 0.000017 0.196180 
0.504265 0.320941 0.000013 0.174781 
0.385249 0.256295 0.000011 0.358444 
0.441827 0.293360 0.000006 0.264807 
0.528813 0.362635 0.000011 0.108542 
0.371301 0.239066 0.000020 0.389613 
0.386665 0.245517 0.000032 0.367786 
0.361663 0.246050 0.000018 0.392269 
0.363575 0.255736 0.000057 0.380633 
0.473975 0.332266 0.000002 0.193758 
0.425857 0.294797 0.000002 0.279343 
0.523098 0.363528 0.000003 0.113370 
0.432349 0.291120 0.000007 0.276525 
0.365757 0.238215 0.000075 0.395953 
0.379555 0.245539 0.000005 0.374901 
0.355606 0.231727 0.002631 0.410036 
0.327579 0.218783 0.010957 0.442681 
0.358262 0.246035 0.000014 0.395689 
0.325370 0.227625 0.302021 0.144984 
0.321450 0.222265 0.134215 0.322070 
0.310353 0.219809 0.094582 0.375256 
0.316959 0.221470 0.183450 0.278122 
0.309580 0.208514 0.184304 0.297601 
0.306454 0.222924 0.254763 0.215859 
0.339761 0.236647 0.000658 0.422933 
0.353711 0.245714 0.001313 0.399262 
0.352723 0.251485 0.000053 0.395739 
0.347032 0.231453 0.094132 0.327383 
0.333743 0.225314 0.433022 0.007921 
0.366657 0.241491 0.391837 0.000015 
0.377572 0.245945 0.376472 0.000011 
0.352244 0.228773 0.418586 0.000396 
0.314164 0.205746 0.291699 0.188390 
0.320616 0.210725 0.384277 0.084383 
0.312639 0.213009 0.347019 0.127333 
0.324719 0.231882 0.434964 0.008435 
0.327900 0.249391 0.421141 0.001569 
0.327698 0.262208 0.407241 0.002853 
0.339736 0.282540 0.377668 0.000056 
0.341791 0.251893 0.405811 0.000505 
0.368881 0.264897 0.366217 0.000004 
0.349942 0.246645 0.403343 0.000070 
0.357563 0.243441 0.398964 0.000032 
0.344668 0.238563 0.416364 0.000405 
0.354601 0.243377 0.402000 0.000022 
0.334153 0.235708 0.401694 0.028445 
0.346172 0.254285 0.399527 0.000017 
0.336793 0.252408 0.410301 0.000498 
0.343389 0.264992 0.391126 0.000493 
0.333850 0.292324 0.373705 0.000121 
0.316199 0.257980 0.394176 0.031646 
0.337763 0.288006 0.000030 0.374200 
0.329723 0.277188 0.000105 0.392984 
0.311875 0.269930 0.002424 0.415772 
0.314554 0.280314 0.000868 0.404264 
0.303328 0.280649 0.003843 0.412179 
0.292753 0.278475 0.018997 0.409775 
0.284262 0.253072 0.249365 0.213301 
0.286902 0.233571 0.297020 0.182507 
0.295961 0.228598 0.314471 0.160970 
0.295213 0.224723 0.336923 0.143141 
0.298801 0.228305 0.392527 0.080367 
0.305951 0.231001 0.014584 0.448464 
0.316714 0.240666 0.005631 0.436989 
0.340037 0.256729 0.000015 0.403219 
0.459705 0.349187 0.000001 0.191107 
0.324186 0.242606 0.017178 0.416030 
0.330254 0.267478 0.402118 0.000149 
0.313942 0.245404 0.085651 0.355002 
0.307580 0.259734 0.430158 0.002528 
0.292215 0.249274 0.378661 0.079850 
0.286678 0.265184 0.085245 0.362893 
0.297180 0.251005 0.099178 0.352636 
0.283516 0.293379 0.382846 0.040259 
0.306317 0.286414 0.003599 0.403670 
0.273208 0.289556 0.135889 0.301348 
0.273484 0.300374 0.309634 0.116508 
0.302521 0.315982 0.357901 0.023596 
0.341267 0.394890 0.258925 0.004918 
0.369602 0.419325 0.208632 0.002441 
0.322989 0.389051 0.286699 0.001261 
0.314559 0.359273 0.325639 0.000528 
0.290119 0.363764 0.336953 0.009164 
0.264776 0.284609 0.117835 0.332780 
0.264087 0.193944 0.310884 0.231084 
0.276604 0.100153 0.336103 0.287140 
0.282188 0.112686 0.333713 0.271413 
0.289720 0.276853 0.320450 0.112977 
0.304673 0.013675 0.326045 0.355608 
0.294409 0.192781 0.306414 0.206397 
0.314358 0.239981 0.263632 0.182029 
0.311192 0.143170 0.262713 0.282925 
0.306811 0.028907 0.293692 0.370590 
0.305182 0.062482 0.271627 0.360709 
0.280405 0.045594 0.337085 0.336916 
0.293057 0.161930 0.304557 0.240455 
0.350411 0.067884 0.182549 0.399156 
0.333554 0.181746 0.208946 0.275754 
0.390758 0.015562 0.133279 0.460401 
0.461040 0.001436 0.042769 0.494755 
0.431192 0.000815 0.102080 0.465913 
0.415784 0.194239 0.027012 0.362965 
0.413205 0.493742 0.053157 0.039896 
0.412960 0.472028 0.042030 0.072982 
0.413155 0.517701 0.034627 0.034517 
0.431204 0.514907 0.045461 0.008429 
