0.247583 0.254415 0.250625 0.247377 
0.115445 0.151297 0.564340 0.168918 
0.000946 0.001391 0.996419 0.001244 
0.000006 0.000059 0.999929 0.000006 
0.000001 0.000012 0.999986 0.000001 
0.000000 0.000000 1.000000 0.000000 
0.000000 0.000000 1.000000 0.000000 
0.000000 0.000000 1.000000 0.000000 
0.000000 0.000000 1.000000 0.000000 
0.000000 0.000000 1.000000 0.000000 
0.000000 0.000000 1.000000 0.000000 
0.000000 0.000000 0.999999 0.000001 
0.000000 0.000000 0.999994 0.000006 
0.000000 0.000000 0.999580 0.000420 
0.000000 0.000000 0.991305 0.008695 
0.000000 0.000000 0.992684 0.007316 
0.000000 0.000000 0.974621 0.025379 
0.000000 0.000000 0.284540 0.715460 
0.000000 0.000000 0.344304 0.655696 
0.000000 0.000000 0.214170 0.785830 
0.000000 0.000000 0.183048 0.816952 
0.000000 0.000000 0.532346 0.467654 
0.000000 0.000000 0.553926 0.446074 
0.000000 0.000000 0.266353 0.733647 
0.000000 0.000000 0.882393 0.117607 
0.000000 0.000000 0.661627 0.338373 
0.000000 0.000000 0.660676 0.339324 
0.000000 0.000000 0.478546 0.521454 
0.000000 0.000000 0.088517 0.911483 
0.000000 0.000000 0.994426 0.005574 
0.000000 0.000000 0.999811 0.000189 
0.000000 0.000000 1.000000 0.000000 
0.000000 0.000000 0.999930 0.000070 
0.000000 0.000000 1.000000 0.000000 
0.000000 0.000000 1.000000 0.000000 
0.000000 0.000000 1.000000 0.000000 
0.000000 0.000000 1.000000 0.000000 
0.000000 0.000000 1.000000 0.000000 
0.000000 0.000000 1.000000 0.000000 
0.000000 0.000000 1.000000 0.000000 
0.000000 0.000000 0.533021 0.466979 
0.000000 0.000000 0.128442 0.871558 
0.000000 0.000000 0.060126 0.939874 
0.000000 0.000000 0.520767 0.479233 
0.000000 0.000000 0.067194 0.932806 
0.000000 0.000000 0.563990 0.436010 
0.000000 0.000000 0.578086 0.421914 
0.000000 0.000000 0.708969 0.291031 
0.000000 0.000000 0.999814 0.000186 
0.000000 0.000000 0.999415 0.000585 
0.000000 0.000000 0.937788 0.062212 
0.000000 0.000000 0.998040 0.001960 
0.000000 0.000000 0.986018 0.013982 
0.000000 0.000000 0.749178 0.250822 
0.000000 0.000000 0.894667 0.105333 
0.000000 0.000000 0.000000 1.000000 
0.000000 0.000000 0.000012 0.999988 
0.000000 0.000000 0.000127 0.999873 
0.000000 0.000000 0.598647 0.401353 
0.000000 0.000000 0.990450 0.009550 
0.000000 0.000000 0.984206 0.015794 
0.000000 0.000000 0.991983 0.008017 
0.000000 0.000000 0.736253 0.263747 
0.000000 0.000000 0.089929 0.910071 
0.000000 0.000000 0.437038 0.562962 
0.000000 0.000000 0.107627 0.892373 
0.000000 0.000000 0.991955 0.008045 
0.000000 0.000000 0.938400 0.061600 
0.000000 0.000000 0.350979 0.649021 
0.000000 0.000000 0.306870 0.693130 
0.000000 0.000000 0.169875 0.830125 
0.000000 0.000000 0.000000 1.000000 
0.000000 0.000000 0.000000 1.000000 
0.000010 0.090269 0.004474 0.905246 
0.000000 0.000387 0.999577 0.000036 
0.000000 0.000009 0.999991 0.000000 
0.000000 0.000002 0.999998 0.000000 
0.000000 0.000105 0.999895 0.000000 
0.000000 0.000001 0.999999 0.000000 
0.000000 0.000000 1.000000 0.000000 
0.000000 0.000057 0.999943 0.000000 
0.000000 0.000000 1.000000 0.000000 
0.000000 0.000000 1.000000 0.000000 
0.000000 0.000000 0.999993 0.000007 
0.000000 0.000014 0.999283 0.000703 
0.000000 0.000212 0.844733 0.155054 
0.000000 0.000140 0.535969 0.463891 
0.000000 0.000002 0.685042 0.314956 
0.000000 0.000023 0.651091 0.348886 
0.000000 0.000310 0.865235 0.134455 
0.000000 0.007403 0.938719 0.053878 
0.000000 0.000439 0.549771 0.449790 
0.000000 0.000070 0.736745 0.263185 
0.000000 0.000175 0.502985 0.496840 
0.000000 0.000109 0.919469 0.080422 
0.000000 0.000037 0.910739 0.089224 
0.000000 0.000052 0.122299 0.877649 
0.000000 0.000446 0.008270 0.991284 
0.000000 0.000343 0.155641 0.844016 
0.000000 0.001045 0.477360 0.521595 
0.000000 0.000888 0.336885 0.662227 
0.000000 0.015781 0.976480 0.007739 
0.000000 0.006577 0.450425 0.542999 
0.000000 0.003564 0.205909 0.790527 
0.000000 0.001358 0.950893 0.047749 
0.000000 0.003874 0.105872 0.890254 
0.000000 0.000180 0.004382 0.995438 
0.000000 0.000119 0.047718 0.952163 
0.000000 0.012660 0.809273 0.178067 
0.000000 0.001704 0.276611 0.721685 
0.000000 0.000787 0.085306 0.913907 
0.000000 0.001410 0.306454 0.692135 
0.000000 0.000453 0.239874 0.759673 
0.000000 0.011651 0.316758 0.671591 
0.000000 0.095728 0.251743 0.652529 
0.000000 0.020967 0.000013 0.979020 
0.000000 0.170257 0.001917 0.827827 
0.000000 0.740995 0.000004 0.259001 
0.000000 0.577814 0.000045 0.422140 
0.000000 0.481209 0.000104 0.518687 
0.000000 0.342684 0.102304 0.555012 
0.000000 0.112174 0.001197 0.886629 
0.000000 0.433399 0.000000 0.566600 
0.000000 0.751763 0.000000 0.248237 
0.000000 0.972029 0.000001 0.027969 
0.000000 0.461326 0.000062 0.538613 
0.000000 0.012438 0.000161 0.987400 
0.000000 0.127225 0.000013 0.872762 
0.000000 0.138912 0.000034 0.861054 
0.000000 0.318507 0.000045 0.681448 
0.000000 0.975963 0.000004 0.024033 
0.000000 0.157557 0.001197 0.841246 
0.000000 0.032456 0.000003 0.967541 
0.000000 0.005066 0.002772 0.992162 
0.000000 0.039502 0.252319 0.708178 
0.000000 0.077075 0.814157 0.108767 
0.000000 0.020268 0.974463 0.005269 
0.000000 0.014999 0.984938 0.000063 
0.000000 0.589900 0.410100 0.000000 
0.000000 0.813571 0.186429 0.000000 
0.000000 0.999871 0.000129 0.000000 
0.000000 0.993975 0.006025 0.000000 
0.000000 0.996525 0.003475 0.000000 
0.000000 0.704612 0.295388 0.000000 
0.000000 0.817539 0.182461 0.000000 
0.000000 0.998393 0.001607 0.000000 
0.000000 0.999912 0.000088 0.000000 
0.000000 0.999977 0.000023 0.000000 
0.000000 0.999984 0.000016 0.000000 
0.000000 0.999996 0.000004 0.000000 
0.000000 0.994159 0.005841 0.000000 
0.000000 0.999999 0.000000 0.000000 
0.000000 0.999999 0.000001 0.000000 
0.000000 1.000000 0.000000 0.000000 
0.000000 1.000000 0.000000 0.000000 
0.000000 1.000000 0.000000 0.000000 
0.000000 0.999968 0.000000 0.000032 
0.000000 0.999998 0.000000 0.000002 
0.000000 0.999898 0.000002 0.000101 
0.000000 0.999977 0.000023 0.000000 
0.000000 0.997348 0.002652 0.000000 
0.000000 0.995559 0.004441 0.000000 
0.000000 0.987236 0.012764 0.000000 
0.000000 0.990983 0.009017 0.000000 
0.000000 0.846908 0.153092 0.000000 
0.000000 0.911357 0.088643 0.000000 
0.000000 0.745855 0.254145 0.000000 
0.000000 0.903266 0.096734 0.000000 
0.000000 0.981679 0.016739 0.001583 
0.000000 0.811318 0.003358 0.185324 
0.000000 0.412187 0.015206 0.572607 
0.000000 0.326680 0.659985 0.013335 
0.000000 0.641835 0.035288 0.322877 
0.000000 0.570253 0.426439 0.003308 
0.000000 0.618075 0.380594 0.001331 
0.000000 0.480866 0.518629 0.000505 
0.000000 0.864324 0.126019 0.009657 
0.000000 0.588729 0.411194 0.000077 
0.000000 0.289643 0.707519 0.002838 
0.000000 0.099948 0.900040 0.000012 
0.000000 0.554233 0.445766 0.000000 
0.000000 0.834455 0.165545 0.000000 
0.000000 0.465908 0.534092 0.000000 
0.000000 0.289807 0.710191 0.000002 
0.000000 0.146025 0.853970 0.000004 
0.000000 0.126961 0.873027 0.000013 
0.000000 0.009782 0.990214 0.000004 
0.000000 0.140475 0.859517 0.000008 
0.000000 0.020164 0.979819 0.000017 
0.000000 0.087014 0.912932 0.000054 
0.000000 0.225043 0.591364 0.183593 
0.000000 0.297665 0.218269 0.484066 
0.000000 0.061516 0.924527 0.013956 
0.000000 0.000019 0.504542 0.495439 
0.000000 0.000000 0.372032 0.627968 
0.000000 0.000000 0.934179 0.065821 
0.000000 0.000000 0.065751 0.934249 
0.000000 0.000002 0.000002 0.999996 
0.000000 0.000000 0.040335 0.959664 
0.000000 0.000000 0.790305 0.209695 
0.000000 0.000000 0.777451 0.222549 
0.000000 0.000000 0.698441 0.301559 
0.000000 0.000000 0.086695 0.913305 
0.000000 0.000000 0.013366 0.986634 
0.000000 0.002268 0.000024 0.997709 
0.000000 0.000982 0.000065 0.998952 
0.000000 0.000052 0.000000 0.999948 
0.000000 0.000000 0.000000 1.000000 
0.000000 0.000000 0.000000 1.000000 
0.000000 0.000000 0.000000 1.000000 
0.000007 0.000127 0.003226 0.996639 
0.000000 0.000000 0.000000 1.000000 
0.000000 0.000000 0.000000 1.000000 
0.000000 0.000000 0.000000 1.000000 
0.000000 0.000000 0.000000 1.000000 
0.000000 0.000000 0.000150 0.999850 
0.000000 0.000000 0.000000 1.000000 
0.000000 0.000000 0.992763 0.007237 
0.000000 0.000000 0.950620 0.049380 
0.000000 0.000000 0.424511 0.575489 
0.000000 0.000000 0.036053 0.963947 
0.000000 0.000064 0.136366 0.863570 
0.000000 0.000014 0.015652 0.984334 
0.000000 0.002690 0.000084 0.997226 
0.000000 0.000716 0.008330 0.990954 
0.000000 0.000000 0.018612 0.981388 
0.000000 0.000000 0.001510 0.998490 
0.000000 0.000000 0.000018 0.999982 
0.000000 0.000007 0.000469 0.999524 
0.000000 0.000000 0.012717 0.987283 
0.000000 0.000000 0.307258 0.692742 
0.000000 0.000000 0.428181 0.571819 
0.000000 0.000000 0.897991 0.102009 
0.000000 0.000000 0.507750 0.492250 
0.000000 0.000000 0.842126 0.157874 
0.000000 0.000001 0.285416 0.714583 
0.000000 0.000000 0.030326 0.969674 
0.000000 0.000000 0.026629 0.973371 
0.000000 0.000000 0.146017 0.853983 
0.000000 0.000000 0.446681 0.553319 
0.000000 0.000000 0.390230 0.609770 
0.000000 0.004507 0.231049 0.764443 
0.000000 0.000055 0.608351 0.391594 
0.000000 0.000006 0.722285 0.277710 
0.000000 0.002069 0.934954 0.062977 
0.000000 0.003415 0.995845 0.000739 
0.000000 0.000023 0.999911 0.000066 
0.000000 0.000016 0.999924 0.000060 
0.000000 0.000000 0.999999 0.000000 
0.000000 0.000000 1.000000 0.000000 
0.000000 0.000000 1.000000 0.000000 
0.000000 0.000000 1.000000 0.000000 
0.000000 0.000000 1.000000 0.000000 
0.000000 0.000001 0.999999 0.000000 
0.000000 0.000026 0.999974 0.000000 
0.000000 0.007268 0.992732 0.000000 
0.000000 0.490499 0.509500 0.000000 
0.000000 0.000004 0.999996 0.000000 
0.000000 0.000056 0.999944 0.000000 
0.000000 0.000039 0.999960 0.000000 
0.000000 0.000000 1.000000 0.000000 
0.000000 0.000000 1.000000 0.000000 
0.000000 0.000014 0.999969 0.000017 
0.000000 0.000000 0.982805 0.017195 
0.000000 0.000001 0.829915 0.170084 
0.000000 0.003346 0.993616 0.003038 
0.000000 0.000049 0.998149 0.001802 
0.000000 0.000014 0.990700 0.009286 
0.000000 0.000000 0.989403 0.010597 
0.000000 0.000014 0.982409 0.017576 
0.000000 0.000000 0.999244 0.000756 
0.000000 0.000004 0.954556 0.045440 
0.000000 0.000009 0.995436 0.004555 
0.000000 0.000033 0.433116 0.566851 
0.000000 0.000002 0.882701 0.117297 
0.000000 0.000000 0.241459 0.758541 
0.000000 0.000001 0.539582 0.460418 
0.000000 0.000012 0.393835 0.606153 
0.000000 0.000065 0.147966 0.851970 
0.000000 0.000010 0.793360 0.206631 
0.000000 0.000394 0.886050 0.113556 
0.000000 0.037975 0.492405 0.469620 
0.000000 0.012727 0.303959 0.683315 
0.000000 0.000020 0.674647 0.325333 
0.000000 0.000003 0.919337 0.080660 
0.000000 0.000000 0.986029 0.013970 
0.000000 0.000003 0.999960 0.000037 
0.000000 0.000000 0.986091 0.013909 
0.000000 0.000003 0.999965 0.000032 
0.000000 0.000000 0.999949 0.000051 
0.000000 0.000045 0.999874 0.000081 
0.000000 0.000004 0.998439 0.001557 
0.000000 0.043486 0.949155 0.007359 
0.000000 0.000729 0.982813 0.016458 
0.000000 0.217188 0.576547 0.206265 
0.000000 0.648328 0.000025 0.351647 
0.000000 0.140714 0.000012 0.859274 
0.000000 0.020383 0.000052 0.979565 
0.000000 0.999561 0.000065 0.000374 
0.000000 0.999999 0.000001 0.000000 
0.000000 0.999611 0.000128 0.000261 
0.000000 0.999841 0.000017 0.000142 
0.000000 0.999934 0.000035 0.000031 
0.000000 0.999021 0.000978 0.000000 
0.000000 0.948185 0.000082 0.051733 
0.000000 0.962772 0.000112 0.037115 
0.000000 0.893167 0.000008 0.106825 
0.000000 0.979044 0.000062 0.020894 
0.000000 0.994906 0.000015 0.005079 
0.000000 0.999191 0.000112 0.000696 
0.000000 0.979125 0.002191 0.018684 
0.000000 0.740708 0.003683 0.255609 
0.000000 0.659569 0.004083 0.336349 
0.000000 0.350868 0.044065 0.605067 
0.000000 0.001329 0.119340 0.879332 
0.000000 0.003119 0.090811 0.906069 
0.000000 0.002361 0.072164 0.925475 
0.000000 0.016580 0.017504 0.965916 
0.000000 0.263404 0.032192 0.704404 
0.000000 0.025951 0.018847 0.955201 
0.000000 0.062162 0.265707 0.672131 
0.000000 0.131731 0.860103 0.008166 
0.000000 0.186562 0.737657 0.075781 
0.000000 0.126370 0.693813 0.179817 
0.000000 0.008782 0.555450 0.435767 
0.000000 0.001490 0.339684 0.658826 
0.000000 0.013089 0.722280 0.264632 
0.000000 0.001037 0.989294 0.009669 
0.000000 0.000000 0.999551 0.000449 
0.000000 0.000000 0.999999 0.000001 
0.000000 0.000000 1.000000 0.000000 
0.000000 0.000000 1.000000 0.000000 
0.000000 0.000000 0.998237 0.001763 
0.000000 0.000000 0.999990 0.000010 
0.000000 0.000000 0.999597 0.000403 
0.000000 0.000000 0.999814 0.000186 
0.000000 0.000000 0.999944 0.000056 
0.000000 0.000000 1.000000 0.000000 
0.000000 0.000000 0.999998 0.000002 
0.000000 0.000000 0.999730 0.000270 
0.000000 0.000000 0.999889 0.000111 
0.000000 0.000000 0.999954 0.000046 
0.000000 0.000000 0.999980 0.000020 
0.000000 0.000000 0.999832 0.000168 
0.000000 0.000000 0.986461 0.013539 
0.000000 0.000000 0.999980 0.000020 
0.000000 0.000000 0.986557 0.013443 
0.000000 0.000000 0.832826 0.167174 
0.000000 0.000000 0.757398 0.242602 
0.000000 0.000000 0.543126 0.456874 
0.000000 0.000000 0.912588 0.087412 
0.000000 0.000000 0.996225 0.003775 
0.000000 0.000000 0.860714 0.139286 
0.000000 0.000000 0.689669 0.310331 
0.000000 0.000064 0.538530 0.461406 
0.000000 0.000104 0.826639 0.173257 
0.000000 0.000087 0.523971 0.475943 
0.000000 0.000056 0.511396 0.488548 
0.000000 0.000000 0.318121 0.681879 
0.000000 0.012165 0.635240 0.352594 
0.000000 0.000335 0.876088 0.123577 
0.000000 0.000000 0.543729 0.456271 
0.000000 0.000000 0.612462 0.387538 
0.000000 0.000002 0.948510 0.051488 
0.000000 0.000002 0.999998 0.000000 
0.000000 0.000001 0.999999 0.000000 
0.000000 0.000004 0.999996 0.000000 
0.000000 0.000000 1.000000 0.000000 
0.000000 0.000000 0.999961 0.000039 
0.000000 0.000000 1.000000 0.000000 
0.000000 0.000003 0.999996 0.000000 
0.000000 0.000104 0.999501 0.000396 
0.000000 0.000027 0.995501 0.004472 
0.000000 0.000000 0.622752 0.377248 
0.000000 0.000589 0.501565 0.497846 
0.000000 0.009271 0.543076 0.447653 
0.000000 0.004213 0.628216 0.367572 
0.000000 0.000161 0.987871 0.011968 
0.000000 0.007847 0.989912 0.002241 
0.000000 0.000166 0.999834 0.000000 
0.000000 0.005520 0.994479 0.000001 
0.000000 0.365518 0.634481 0.000000 
0.000000 0.136346 0.863654 0.000000 
0.000000 0.703832 0.296168 0.000000 
0.000000 0.877724 0.122276 0.000000 
0.000000 0.999046 0.000954 0.000000 
0.000000 0.999529 0.000471 0.000000 
0.000000 0.999599 0.000401 0.000000 
0.000000 0.999673 0.000327 0.000000 
0.000000 0.999981 0.000019 0.000000 
0.000000 1.000000 0.000000 0.000000 
0.000000 1.000000 0.000000 0.000000 
0.000000 1.000000 0.000000 0.000000 
0.000000 1.000000 0.000000 0.000000 
0.000000 1.000000 0.000000 0.000000 
0.000000 1.000000 0.000000 0.000000 
0.000000 1.000000 0.000000 0.000000 
0.000000 1.000000 0.000000 0.000000 
0.000000 1.000000 0.000000 0.000000 
0.000000 1.000000 0.000000 0.000000 
0.000000 1.000000 0.000000 0.000000 
0.000000 1.000000 0.000000 0.000000 
0.000000 1.000000 0.000000 0.000000 
0.000000 0.999999 0.000000 0.000001 
0.000000 0.999961 0.000002 0.000038 
0.000000 0.999339 0.000104 0.000557 
0.000000 0.999985 0.000015 0.000000 
0.000000 1.000000 0.000000 0.000000 
0.000000 0.999999 0.000000 0.000000 
0.000000 0.999999 0.000001 0.000000 
0.000000 0.999186 0.000814 0.000000 
0.000000 0.999239 0.000761 0.000000 
0.000000 0.998791 0.001209 0.000000 
0.000000 0.908959 0.091041 0.000000 
0.000000 0.997775 0.002225 0.000000 
0.000000 0.999941 0.000059 0.000000 
0.000000 0.993680 0.006320 0.000000 
0.000000 0.999724 0.000276 0.000000 
0.000000 0.999987 0.000013 0.000000 
0.000000 0.994884 0.005116 0.000000 
0.000000 0.997046 0.002954 0.000000 
0.000000 0.993985 0.006015 0.000000 
0.000000 0.941214 0.058786 0.000000 
0.000000 0.123631 0.876369 0.000000 
0.000000 0.608436 0.391564 0.000000 
0.000000 0.953797 0.046203 0.000000 
0.000000 0.974180 0.025820 0.000000 
0.000000 0.996787 0.003213 0.000000 
0.000000 0.999999 0.000001 0.000000 
0.000000 1.000000 0.000000 0.000000 
0.000000 1.000000 0.000000 0.000000 
0.000000 1.000000 0.000000 0.000000 
0.000000 0.999999 0.000001 0.000000 
0.000000 1.000000 0.000000 0.000000 
0.000000 1.000000 0.000000 0.000000 
0.000000 0.999996 0.000001 0.000003 
0.000000 1.000000 0.000000 0.000000 
0.000000 0.999998 0.000001 0.000002 
0.000000 0.999999 0.000000 0.000001 
0.000000 0.545305 0.000000 0.454695 
0.000000 0.687595 0.000000 0.312405 
0.000000 0.510543 0.000001 0.489456 
0.000000 0.039599 0.000000 0.960401 
0.000000 0.793676 0.000019 0.206305 
0.000000 0.752036 0.000002 0.247962 
0.000000 0.499088 0.000003 0.500909 
0.000000 0.993965 0.000000 0.006035 
0.000000 0.671607 0.000003 0.328390 
0.000000 0.531794 0.000000 0.468206 
0.000000 0.520583 0.000010 0.479408 
0.000000 0.545583 0.000044 0.454373 
0.000000 0.476843 0.002208 0.520948 
0.000000 0.490739 0.000166 0.509094 
0.000000 0.708773 0.000008 0.291219 
0.000000 0.617804 0.000000 0.382196 
0.000000 0.989084 0.000000 0.010916 
0.000000 0.999996 0.000000 0.000004 
0.000000 0.999889 0.000000 0.000111 
0.000000 0.998503 0.000000 0.001497 
0.000000 0.999952 0.000000 0.000048 
0.000000 0.999993 0.000004 0.000004 
0.000000 0.999957 0.000043 0.000000 
0.000000 0.999974 0.000026 0.000000 
0.000000 0.999382 0.000618 0.000000 
0.000000 0.999372 0.000618 0.000010 
0.000000 0.999935 0.000051 0.000014 
0.000000 0.999836 0.000162 0.000001 
0.000000 0.999976 0.000005 0.000019 
0.000000 0.999999 0.000001 0.000000 
0.000000 0.999999 0.000000 0.000000 
0.000000 0.999930 0.000061 0.000009 
0.000000 0.998793 0.000965 0.000242 
0.000000 0.997089 0.000329 0.002582 
0.000000 0.999890 0.000057 0.000053 
0.000000 0.999944 0.000027 0.000030 
0.000000 0.999934 0.000064 0.000002 
0.000000 0.999082 0.000131 0.000787 
0.000000 0.883516 0.001291 0.115193 
0.000000 0.987544 0.000017 0.012439 
0.000000 0.992888 0.000000 0.007112 
0.000000 0.998910 0.000000 0.001090 
0.000000 0.999932 0.000001 0.000067 
0.000000 0.999921 0.000024 0.000055 
0.000000 0.995103 0.000000 0.004897 
0.000000 0.847050 0.000000 0.152950 
0.000000 0.964283 0.000000 0.035717 
0.000000 0.886277 0.000000 0.113723 
0.000000 0.697928 0.000000 0.302072 
0.000000 0.282557 0.000000 0.717443 
0.000000 0.082411 0.000000 0.917589 
0.000000 0.090384 0.000000 0.909616 
0.000000 0.041930 0.000000 0.958070 
0.000000 0.034444 0.000000 0.965556 
0.000000 0.002953 0.000000 0.997047 
0.000000 0.020471 0.000000 0.979529 
0.000000 0.050968 0.000000 0.949032 
0.000000 0.223855 0.000000 0.776145 
0.000000 0.512554 0.000000 0.487446 
0.000000 0.927540 0.000000 0.072460 
0.000000 0.033898 0.000000 0.966102 
0.000000 0.283040 0.000000 0.716960 
0.000000 0.565254 0.000000 0.434746 
0.000000 0.821289 0.000001 0.178710 
0.000000 0.903587 0.000000 0.096413 
0.000000 0.355667 0.000000 0.644333 
0.000000 0.919377 0.000082 0.080541 
0.000000 0.561708 0.001868 0.436424 
0.000000 0.957034 0.000765 0.042201 
0.000000 0.999786 0.000212 0.000002 
0.000000 0.990882 0.000637 0.008482 
0.000000 0.582270 0.000659 0.417071 
0.000000 0.761493 0.000028 0.238479 
0.000000 0.997461 0.000022 0.002517 
0.000000 0.927202 0.000135 0.072663 
0.000000 0.747151 0.015759 0.237089 
0.000000 0.830612 0.063653 0.105735 
0.000000 0.595937 0.129987 0.274076 
0.000000 0.050886 0.642336 0.306778 
0.000000 0.393016 0.524921 0.082064 
0.000000 0.762708 0.219798 0.017494 
0.000000 0.446179 0.367434 0.186388 
0.000000 0.436435 0.000018 0.563547 
0.000000 0.869906 0.053210 0.076884 
0.000000 0.372415 0.554035 0.073550 
0.000000 0.442310 0.557690 0.000000 
0.000000 0.416029 0.582701 0.001270 
0.000000 0.614835 0.385164 0.000001 
0.000000 0.997212 0.002777 0.000010 
0.000000 0.684487 0.296975 0.018537 
0.000000 0.173019 0.430070 0.396912 
0.000000 0.085814 0.811114 0.103072 
0.000000 0.142082 0.819703 0.038215 
0.000000 0.041332 0.587208 0.371460 
0.000000 0.008305 0.496192 0.495504 
0.000000 0.000265 0.598613 0.401122 
0.000000 0.012932 0.583508 0.403560 
0.000000 0.036774 0.476469 0.486757 
0.000000 0.139322 0.327497 0.533181 
0.000000 0.644133 0.347429 0.008438 
0.000000 0.019749 0.980251 0.000000 
0.000000 0.411384 0.588616 0.000000 
0.000000 0.089314 0.705666 0.205020 
0.000000 0.000369 0.972959 0.026671 
0.000000 0.040079 0.959195 0.000725 
0.000000 0.906179 0.091909 0.001911 
0.000000 0.802474 0.184815 0.012710 
0.000000 0.725998 0.274000 0.000002 
0.000000 0.404073 0.595927 0.000000 
0.000000 0.409962 0.590038 0.000000 
0.000000 0.645441 0.354559 0.000000 
0.000000 0.954155 0.045839 0.000006 
0.000000 0.723832 0.276168 0.000000 
0.000000 0.986908 0.010931 0.002161 
0.000000 0.999999 0.000001 0.000000 
0.000000 0.999943 0.000057 0.000000 
0.000000 0.999926 0.000074 0.000000 
0.000000 0.995306 0.004694 0.000000 
0.000000 0.982620 0.017380 0.000000 
0.000000 0.999771 0.000229 0.000000 
0.000000 0.999995 0.000005 0.000000 
0.000000 0.999974 0.000001 0.000024 
0.000000 0.999655 0.000302 0.000043 
0.000000 0.999941 0.000058 0.000000 
0.000000 0.999990 0.000000 0.000010 
0.000000 1.000000 0.000000 0.000000 
0.000000 1.000000 0.000000 0.000000 
0.000000 1.000000 0.000000 0.000000 
0.000000 1.000000 0.000000 0.000000 
0.000000 0.995008 0.000000 0.004992 
0.000000 0.988771 0.000000 0.011229 
0.000000 0.932426 0.000000 0.067574 
0.000000 0.999270 0.000000 0.000730 
0.000000 0.999999 0.000000 0.000000 
0.000000 0.759450 0.000000 0.240550 
0.000000 0.240712 0.000000 0.759288 
0.000000 0.281291 0.000000 0.718709 
0.000000 0.792094 0.000000 0.207906 
0.000000 0.491694 0.000000 0.508306 
0.000000 0.536022 0.000000 0.463978 
0.000000 0.824785 0.000000 0.175215 
0.000000 0.539372 0.000000 0.460628 
0.000000 0.285320 0.000000 0.714680 
0.000000 0.063981 0.000000 0.936019 
0.000000 0.988172 0.000000 0.011828 
0.000000 0.995710 0.000000 0.004290 
0.000000 0.614084 0.000000 0.385916 
0.000000 0.728025 0.000000 0.271975 
0.000000 0.999311 0.000000 0.000689 
0.000000 0.999968 0.000000 0.000032 
0.000000 1.000000 0.000000 0.000000 
0.000000 0.999999 0.000001 0.000000 
0.000000 0.997873 0.000002 0.002125 
0.000000 0.999931 0.000000 0.000069 
0.000000 0.998957 0.000000 0.001043 
0.000000 0.212693 0.000000 0.787307 
0.000000 0.172466 0.000000 0.827533 
0.000000 0.510667 0.000001 0.489332 
0.000000 0.590004 0.000408 0.409588 
0.000000 0.967021 0.000033 0.032946 
0.000000 0.999973 0.000016 0.000012 
0.000000 0.580963 0.000000 0.419036 
0.000000 0.956592 0.000005 0.043402 
0.000000 0.997421 0.002054 0.000525 
0.000000 0.984264 0.000003 0.015733 
0.000000 0.999333 0.000000 0.000666 
0.000000 0.999952 0.000004 0.000044 
0.000000 0.999143 0.000000 0.000857 
0.000000 0.999737 0.000023 0.000240 
0.000000 0.633455 0.000000 0.366545 
0.000000 0.930517 0.000000 0.069483 
0.000000 0.818741 0.000002 0.181257 
0.000000 0.659053 0.000000 0.340947 
0.000000 0.494037 0.000000 0.505963 
0.000000 0.809277 0.000000 0.190723 
0.000000 0.993707 0.000000 0.006293 
0.000000 0.464617 0.000000 0.535383 
0.000000 0.447693 0.000000 0.552307 
0.000000 0.230534 0.000000 0.769466 
0.000000 0.547554 0.000000 0.452446 
0.000000 0.383878 0.000000 0.616122 
0.000000 0.502485 0.000000 0.497515 
0.000000 0.680872 0.000000 0.319128 
0.000000 0.598535 0.000000 0.401465 
0.000000 0.051840 0.000000 0.948160 
0.000000 0.002015 0.000000 0.997985 
0.000000 0.112711 0.000000 0.887289 
0.000000 0.838919 0.000000 0.161081 
0.000000 0.457411 0.000000 0.542589 
0.000000 0.794654 0.000000 0.205346 
0.000000 0.707432 0.000000 0.292568 
0.000000 0.461178 0.000000 0.538822 
0.000000 0.581416 0.000000 0.418584 
0.000000 0.309911 0.000000 0.690089 
0.000000 0.822328 0.000000 0.177672 
0.000000 0.130774 0.000000 0.869226 
0.000000 0.998546 0.000000 0.001454 
0.000000 0.997254 0.000000 0.002746 
0.000000 0.997585 0.000000 0.002414 
0.000000 0.999769 0.000000 0.000231 
0.000000 0.997634 0.000001 0.002366 
0.000000 0.796223 0.000001 0.203776 
0.000000 0.952708 0.000039 0.047253 
0.000000 0.693307 0.000014 0.306679 
0.000000 0.209381 0.000000 0.790619 
0.000000 0.819354 0.000002 0.180644 
0.000000 0.925898 0.000002 0.074099 
0.000000 0.795972 0.000000 0.204028 
0.000000 0.969146 0.000000 0.030854 
0.000000 0.443816 0.000000 0.556184 
0.000000 0.987266 0.000000 0.012734 
0.000000 0.999989 0.000000 0.000011 
0.000000 1.000000 0.000000 0.000000 
0.000000 1.000000 0.000000 0.000000 
0.000000 0.999987 0.000000 0.000013 
0.000000 0.999980 0.000001 0.000019 
0.000000 1.000000 0.000000 0.000000 
0.000000 1.000000 0.000000 0.000000 
0.000000 1.000000 0.000000 0.000000 
0.000000 1.000000 0.000000 0.000000 
0.000000 0.873562 0.000000 0.126438 
0.000000 0.998375 0.000000 0.001625 
0.000000 0.995954 0.000000 0.004046 
0.000000 0.999999 0.000000 0.000001 
0.000000 0.974431 0.000002 0.025567 
0.000000 0.791214 0.000000 0.208786 
0.000000 0.990106 0.000005 0.009889 
0.000000 0.514195 0.001689 0.484116 
0.000000 0.003187 0.005718 0.991095 
0.000000 0.000000 0.000291 0.999708 
0.000000 0.000011 0.062292 0.937696 
0.000000 0.000000 0.016992 0.983008 
0.000000 0.000000 0.033818 0.966182 
0.000000 0.000000 0.055237 0.944763 
0.000000 0.000000 0.022555 0.977445 
0.000000 0.000000 0.029360 0.970640 
0.000000 0.000000 0.158732 0.841268 
0.000000 0.000000 0.085518 0.914482 
0.000000 0.000006 0.903279 0.096715 
0.000000 0.000000 0.279702 0.720298 
0.000000 0.000000 0.166799 0.833201 
0.000000 0.000000 0.000940 0.999060 
0.000000 0.000000 0.651821 0.348179 
0.000000 0.000000 0.496110 0.503890 
0.000000 0.000000 0.474323 0.525677 
0.000000 0.000000 0.492262 0.507738 
0.000000 0.000000 0.783849 0.216151 
0.000000 0.000000 0.782226 0.217774 
0.000000 0.000000 0.796977 0.203023 
0.000000 0.000000 0.383476 0.616524 
0.000000 0.000000 0.000100 0.999900 
0.000000 0.000000 0.435025 0.564974 
0.000000 0.000000 0.999374 0.000626 
0.000000 0.000000 0.999989 0.000011 
0.000000 0.000000 0.999830 0.000170 
0.000000 0.000000 0.949560 0.050440 
0.000000 0.000000 0.999976 0.000024 
0.000000 0.000000 0.999891 0.000109 
0.000000 0.000000 1.000000 0.000000 
0.000000 0.000000 0.999999 0.000001 
0.000000 0.000000 1.000000 0.000000 
0.000000 0.000000 1.000000 0.000000 
0.000000 0.000000 1.000000 0.000000 
0.000000 0.000000 1.000000 0.000000 
0.000000 0.000000 1.000000 0.000000 
0.000000 0.000000 1.000000 0.000000 
0.000000 0.000000 1.000000 0.000000 
0.000000 0.000000 1.000000 0.000000 
0.000000 0.000000 1.000000 0.000000 
0.000000 0.000004 0.999996 0.000000 
0.000000 0.000021 0.999979 0.000000 
0.000000 0.000261 0.999739 0.000000 
0.000000 0.000058 0.999942 0.000000 
0.000000 0.089384 0.910616 0.000000 
0.000000 0.147356 0.852644 0.000000 
0.000000 0.023561 0.976439 0.000000 
0.000000 0.275653 0.724347 0.000000 
0.000000 0.052155 0.947845 0.000000 
0.000000 0.034521 0.965479 0.000000 
0.000000 0.532325 0.467675 0.000000 
0.000000 0.855259 0.144741 0.000000 
0.000000 0.941374 0.058626 0.000000 
0.000000 0.999682 0.000318 0.000000 
0.000000 0.999018 0.000982 0.000000 
0.000000 0.999896 0.000104 0.000000 
0.000000 0.998595 0.001404 0.000001 
0.000000 0.960432 0.038668 0.000900 
0.000000 0.614144 0.229923 0.155933 
0.000000 0.886848 0.105675 0.007477 
0.000000 0.766389 0.182166 0.051446 
0.000000 0.377265 0.491165 0.131570 
0.000000 0.106089 0.078863 0.815048 
0.000000 0.123678 0.488249 0.388073 
0.000000 0.242067 0.407087 0.350846 
0.000000 0.472958 0.086299 0.440742 
0.000000 0.980045 0.004199 0.015756 
0.000000 0.751193 0.000037 0.248770 
0.000000 0.573560 0.000000 0.426440 
0.000000 0.979800 0.000037 0.020163 
0.000000 0.787448 0.004648 0.207904 
0.000000 0.507222 0.000002 0.492775 
0.000000 0.969038 0.000008 0.030954 
0.000000 0.707190 0.254004 0.038806 
0.000000 0.519456 0.479552 0.000992 
0.000000 0.996137 0.003513 0.000350 
0.000000 0.999999 0.000000 0.000001 
0.000000 0.973163 0.026797 0.000040 
0.000000 0.728228 0.271772 0.000000 
0.000000 0.346490 0.653510 0.000000 
0.000000 0.196899 0.803100 0.000000 
0.000000 0.999354 0.000646 0.000000 
0.000000 0.995225 0.004775 0.000000 
0.000000 0.995757 0.004243 0.000000 
0.000000 0.999485 0.000515 0.000000 
0.000000 0.999743 0.000257 0.000000 
0.000000 0.956017 0.043983 0.000000 
0.000000 0.084237 0.915763 0.000000 
0.000000 0.038617 0.961383 0.000000 
0.000000 0.075055 0.924945 0.000000 
0.000000 0.776284 0.223715 0.000000 
0.000000 0.528037 0.471961 0.000002 
0.000000 0.878362 0.121638 0.000000 
0.000000 0.977068 0.022932 0.000000 
0.000000 0.957665 0.042335 0.000001 
0.000000 0.516660 0.483340 0.000000 
0.000000 0.568434 0.431566 0.000000 
0.000000 0.383670 0.616330 0.000000 
0.000000 0.149459 0.850541 0.000000 
0.000000 0.317745 0.682255 0.000000 
0.000000 0.512730 0.487270 0.000000 
0.000000 0.318302 0.681698 0.000000 
0.000000 0.330296 0.669704 0.000000 
0.000000 0.091750 0.908250 0.000000 
0.000000 0.000006 0.999994 0.000000 
0.000000 0.000000 1.000000 0.000000 
0.000000 0.000000 1.000000 0.000000 
0.000000 0.000000 1.000000 0.000000 
0.000000 0.000000 1.000000 0.000000 
0.000000 0.000000 1.000000 0.000000 
0.000000 0.000000 1.000000 0.000000 
0.000000 0.000000 1.000000 0.000000 
0.000000 0.000000 1.000000 0.000000 
0.000000 0.000000 1.000000 0.000000 
0.000001 0.000000 0.999999 0.000000 
0.000000 0.000000 1.000000 0.000000 
0.000000 0.000000 1.000000 0.000000 
0.000000 0.000000 1.000000 0.000000 
0.000000 0.000000 1.000000 0.000000 
0.000000 0.000000 1.000000 0.000000 
0.000000 0.000000 1.000000 0.000000 
0.000000 0.000000 1.000000 0.000000 
0.000000 0.000000 1.000000 0.000000 
0.000000 0.000001 0.999999 0.000001 
0.000000 0.005935 0.994063 0.000002 
0.000000 0.189803 0.810115 0.000081 
0.000000 0.034013 0.718644 0.247344 
0.000000 0.138076 0.760558 0.101366 
0.000000 0.071961 0.000183 0.927856 
0.000000 0.012901 0.065466 0.921632 
0.000000 0.004985 0.584893 0.410122 
0.000000 0.015586 0.242960 0.741454 
0.000000 0.000022 0.373237 0.626741 
0.000000 0.000052 0.015257 0.984691 
0.000000 0.000000 0.000002 0.999998 
0.000000 0.000000 0.000007 0.999993 
0.000000 0.000000 0.000000 1.000000 
0.000000 0.000000 0.000000 1.000000 
0.000000 0.000001 0.000000 0.999999 
0.000000 0.000000 0.000011 0.999989 
0.000000 0.000000 0.000000 1.000000 
0.000000 0.000000 0.350921 0.649079 
0.000000 0.000000 0.000001 0.999999 
0.000000 0.000000 0.196322 0.803678 
0.000001 0.000000 0.007584 0.992415 
0.000000 0.000000 0.000000 1.000000 
0.000000 0.000000 0.000000 1.000000 
0.000000 0.000072 0.000000 0.999928 
0.000000 0.000432 0.000000 0.999568 
0.000004 0.461024 0.000000 0.538971 
0.000000 0.002034 0.000000 0.997966 
0.000000 0.999997 0.000000 0.000003 
0.000000 0.690937 0.000000 0.309063 
0.000000 0.299910 0.000000 0.700090 
0.000000 0.528024 0.000000 0.471975 
0.000000 0.894772 0.001323 0.103905 
0.000000 0.334097 0.065566 0.600337 
0.000000 0.490578 0.016304 0.493118 
0.000000 0.363677 0.029948 0.606375 
0.000000 0.030773 0.319693 0.649533 
0.000003 0.549968 0.004650 0.445380 
0.000000 0.000267 0.703411 0.296322 
0.000000 0.000013 0.526326 0.473661 
0.000000 0.000000 0.494654 0.505346 
0.000000 0.000000 0.477091 0.522909 
0.000000 0.000000 0.505057 0.494942 
0.000000 0.000000 0.214323 0.785677 
0.000005 0.000002 0.869894 0.130099 
0.000000 0.000000 0.966018 0.033982 
0.000003 0.000000 0.994170 0.005827 
0.000001 0.000000 0.999999 0.000000 
0.000002 0.000000 0.999998 0.000000 
0.000004 0.000002 0.999993 0.000000 
0.000002 0.000000 0.999998 0.000000 
0.000002 0.000000 0.999997 0.000000 
0.000002 0.000000 0.999998 0.000000 
0.008688 0.000342 0.990936 0.000034 
0.000011 0.000000 0.999989 0.000000 
0.000012 0.000000 0.999988 0.000000 
0.000018 0.000000 0.999982 0.000000 
0.000006 0.000000 0.999994 0.000000 
0.000110 0.000001 0.999886 0.000004 
0.000011 0.000000 0.999988 0.000000 
0.000031 0.000000 0.999969 0.000000 
0.000021 0.000000 0.999979 0.000000 
0.000031 0.000000 0.999969 0.000000 
0.000008 0.000000 0.999992 0.000000 
0.000020 0.000000 0.999980 0.000000 
0.000028 0.000000 0.999972 0.000000 
0.000077 0.000000 0.999923 0.000000 
0.000032 0.000000 0.999968 0.000000 
0.000044 0.000000 0.999956 0.000000 
0.000182 0.000002 0.999816 0.000000 
0.000075 0.000006 0.999919 0.000000 
0.000043 0.000040 0.999918 0.000000 
0.000011 0.000781 0.999208 0.000000 
0.000029 0.135967 0.864005 0.000000 
0.002248 0.984725 0.013027 0.000000 
0.000038 0.937064 0.062898 0.000000 
0.000071 0.914319 0.085609 0.000000 
0.000144 0.911513 0.088342 0.000001 
0.000077 0.999794 0.000126 0.000004 
0.000123 0.999415 0.000461 0.000000 
0.000456 0.998973 0.000571 0.000000 
0.000112 0.990611 0.009277 0.000000 
0.000251 0.997909 0.001840 0.000000 
0.000368 0.992089 0.007542 0.000001 
0.000975 0.997983 0.000938 0.000104 
0.000219 0.999767 0.000000 0.000014 
0.000132 0.999842 0.000000 0.000026 
0.000039 0.999929 0.000000 0.000031 
0.000028 0.999972 0.000000 0.000000 
0.000094 0.999906 0.000000 0.000000 
0.000195 0.999801 0.000000 0.000004 
0.000782 0.999218 0.000000 0.000000 
0.000368 0.988202 0.000000 0.011430 
0.000045 0.999955 0.000000 0.000000 
0.000073 0.999643 0.000000 0.000285 
0.000398 0.999598 0.000000 0.000004 
0.000264 0.999735 0.000000 0.000001 
0.000107 0.999892 0.000000 0.000000 
0.000311 0.999689 0.000000 0.000000 
0.000245 0.999755 0.000000 0.000000 
0.000136 0.999864 0.000000 0.000000 
0.000203 0.999797 0.000000 0.000000 
0.000177 0.999820 0.000000 0.000003 
0.000130 0.999869 0.000000 0.000001 
0.000070 0.999930 0.000000 0.000000 
0.000084 0.999916 0.000000 0.000000 
0.001150 0.998850 0.000000 0.000000 
0.000223 0.999777 0.000000 0.000000 
0.000373 0.999627 0.000000 0.000000 
0.004779 0.995221 0.000000 0.000000 
0.000089 0.999911 0.000000 0.000000 
0.000249 0.999751 0.000000 0.000000 
0.000492 0.999508 0.000000 0.000000 
0.000439 0.999561 0.000000 0.000000 
0.000480 0.999519 0.000001 0.000000 
0.000326 0.999632 0.000042 0.000000 
0.000692 0.993463 0.005845 0.000000 
0.000785 0.952779 0.046436 0.000000 
0.001351 0.989323 0.009325 0.000000 
0.003145 0.962864 0.033992 0.000000 
0.001179 0.993376 0.005446 0.000000 
0.000820 0.996954 0.002226 0.000000 
0.000578 0.963625 0.035796 0.000000 
0.000124 0.483951 0.515925 0.000000 
0.000352 0.267802 0.731847 0.000000 
0.000303 0.504145 0.495552 0.000000 
0.000184 0.534200 0.465616 0.000000 
0.000229 0.511368 0.488403 0.000000 
0.000238 0.493221 0.506541 0.000000 
0.000165 0.523914 0.475921 0.000000 
0.000122 0.701061 0.298817 0.000000 
0.000069 0.488031 0.511900 0.000000 
0.000083 0.590799 0.409118 0.000000 
0.000107 0.597533 0.402358 0.000001 
0.000562 0.936439 0.062999 0.000000 
0.000273 0.996027 0.003700 0.000000 
0.000349 0.994939 0.004713 0.000000 
0.000315 0.957982 0.041703 0.000000 
0.000472 0.897128 0.102400 0.000000 
0.000715 0.966594 0.032691 0.000000 
0.000909 0.956867 0.042223 0.000000 
0.000768 0.999231 0.000002 0.000000 
0.001514 0.998482 0.000004 0.000000 
0.001058 0.998625 0.000317 0.000000 
0.000933 0.999041 0.000025 0.000000 
0.002026 0.997533 0.000441 0.000000 
0.001889 0.997890 0.000220 0.000001 
0.001245 0.998627 0.000129 0.000000 
0.006325 0.993673 0.000003 0.000000 
0.008254 0.991601 0.000145 0.000000 
0.001289 0.998674 0.000037 0.000000 
0.000531 0.998015 0.001454 0.000000 
0.000238 0.978589 0.021173 0.000000 
0.000067 0.504078 0.495855 0.000000 
0.000039 0.536555 0.463405 0.000000 
0.000048 0.511311 0.488641 0.000000 
0.000393 0.497116 0.502490 0.000000 
0.000052 0.091827 0.908042 0.000079 
0.000052 0.217344 0.777318 0.005285 
0.000058 0.092799 0.905157 0.001987 
0.000072 0.400500 0.599364 0.000063 
0.000165 0.273524 0.722381 0.003929 
0.000218 0.004818 0.978998 0.015966 
0.000187 0.000075 0.687554 0.312184 
0.000755 0.000197 0.606131 0.392917 
0.000318 0.000473 0.983027 0.016182 
0.000318 0.000430 0.962833 0.036419 
0.000744 0.002133 0.315328 0.681795 
0.000519 0.112030 0.646520 0.240931 
0.000494 0.061367 0.869306 0.068833 
0.000156 0.000006 0.462832 0.537006 
0.000673 0.000066 0.236493 0.762768 
0.000074 0.000000 0.882481 0.117445 
0.000080 0.000000 0.022485 0.977435 
0.000057 0.000000 0.012795 0.987148 
0.000753 0.000000 0.509917 0.489329 
0.000036 0.000000 0.574162 0.425802 
0.000037 0.000000 0.333359 0.666603 
0.000089 0.000000 0.026084 0.973827 
0.000151 0.000000 0.955070 0.044779 
0.000324 0.000000 0.113677 0.885998 
0.000084 0.000000 0.455369 0.544546 
0.000091 0.000000 0.224297 0.775611 
0.000097 0.000015 0.728902 0.270986 
0.000303 0.000017 0.516824 0.482857 
0.004175 0.000018 0.080003 0.915804 
0.008790 0.006723 0.032773 0.951713 
0.001832 0.000000 0.000002 0.998166 
0.000753 0.000000 0.000146 0.999101 
0.001664 0.000000 0.010663 0.987673 
0.003508 0.000000 0.000038 0.996455 
0.009105 0.000000 0.000649 0.990245 
0.047775 0.000001 0.000001 0.952222 
0.001378 0.000001 0.000001 0.998621 
0.028650 0.001151 0.067903 0.902296 
0.071342 0.000900 0.118787 0.808971 
0.001518 0.006864 0.605792 0.385826 
0.002047 0.000421 0.180045 0.817487 
0.011059 0.000050 0.855066 0.133825 
0.013142 0.001619 0.983452 0.001787 
0.002949 0.009402 0.970454 0.017195 
0.005019 0.000093 0.972815 0.022072 
0.009900 0.000015 0.906729 0.083356 
0.014044 0.000044 0.871928 0.113984 
0.010590 0.000206 0.946874 0.042330 
0.009667 0.002016 0.444253 0.544065 
0.022726 0.013181 0.538724 0.425368 
0.013192 0.000001 0.446613 0.540195 
0.528574 0.000000 0.471142 0.000284 
