0.285637 0.191750 0.235831 0.286782 
0.278012 0.260438 0.224383 0.237167 
0.265777 0.270719 0.205888 0.257616 
0.329174 0.327901 0.014501 0.328423 
0.334330 0.332591 0.000171 0.332908 
0.335324 0.333496 0.000198 0.330983 
0.342714 0.339356 0.000001 0.317928 
0.345006 0.338193 0.000000 0.316801 
0.340659 0.329861 0.000000 0.329480 
0.338160 0.330891 0.000000 0.330950 
0.335707 0.329227 0.000000 0.335066 
0.337743 0.330052 0.000000 0.332205 
0.336298 0.332855 0.000000 0.330847 
0.339131 0.332801 0.000000 0.328068 
0.340293 0.333040 0.000000 0.326667 
0.345341 0.341104 0.000000 0.313555 
0.349700 0.346706 0.000001 0.303593 
0.358983 0.355494 0.000406 0.285116 
0.354910 0.353770 0.000019 0.291301 
0.358271 0.357691 0.000348 0.283690 
0.365327 0.365371 0.012126 0.257175 
0.366592 0.366723 0.169173 0.097512 
0.355899 0.355924 0.288143 0.000033 
0.349324 0.348994 0.301680 0.000002 
0.356145 0.356164 0.285202 0.002490 
0.363363 0.363123 0.232321 0.041193 
0.370796 0.370912 0.147320 0.110972 
0.368319 0.368522 0.164483 0.098676 
0.358933 0.359060 0.000864 0.281143 
0.358930 0.359091 0.000212 0.281767 
0.368155 0.368180 0.115433 0.148232 
0.367835 0.367871 0.019058 0.245235 
0.366564 0.366673 0.201721 0.065043 
0.366575 0.366771 0.084406 0.182247 
0.364832 0.364914 0.012283 0.257971 
0.368424 0.368314 0.231056 0.032206 
0.370870 0.371003 0.180092 0.078035 
0.371760 0.371592 0.132198 0.124449 
0.371348 0.371508 0.090333 0.166811 
0.360557 0.360370 0.000543 0.278530 
0.345507 0.345278 0.000000 0.309215 
0.337198 0.337111 0.000000 0.325691 
0.330890 0.330645 0.000000 0.338464 
0.341988 0.337741 0.000000 0.320271 
0.328906 0.325015 0.000000 0.346079 
0.317338 0.313902 0.000000 0.368759 
0.322254 0.321025 0.000000 0.356721 
0.334587 0.333258 0.000000 0.332155 
0.329560 0.326245 0.000000 0.344195 
0.334957 0.324873 0.000000 0.340171 
0.341970 0.332829 0.000000 0.325201 
0.341315 0.338229 0.000000 0.320456 
0.362447 0.361074 0.001541 0.274938 
0.370138 0.369845 0.116435 0.143582 
0.369540 0.367039 0.178881 0.084540 
0.366212 0.363644 0.030398 0.239747 
0.371064 0.369312 0.128830 0.130794 
0.369310 0.367624 0.200549 0.062517 
0.367143 0.364206 0.067088 0.201564 
0.365259 0.359110 0.047499 0.228131 
0.359217 0.350356 0.135637 0.154790 
0.358781 0.352670 0.288365 0.000184 
0.357062 0.342410 0.300475 0.000053 
0.356623 0.345167 0.298173 0.000037 
0.362010 0.358501 0.119334 0.160156 
0.362287 0.352951 0.282161 0.002602 
0.361120 0.353268 0.281022 0.004590 
0.355218 0.332485 0.000152 0.312145 
0.351705 0.329506 0.000001 0.318789 
0.351643 0.329105 0.000007 0.319245 
0.352113 0.331778 0.000006 0.316104 
0.352262 0.323989 0.000000 0.323749 
0.355490 0.328293 0.000003 0.316214 
0.357005 0.332663 0.000013 0.310319 
0.359495 0.325158 0.000070 0.315276 
0.362247 0.342090 0.004868 0.290795 
0.360942 0.339481 0.000706 0.298871 
0.364354 0.354121 0.009199 0.272326 
0.367336 0.363064 0.238557 0.031043 
0.368056 0.360280 0.092253 0.179411 
0.368568 0.365926 0.118791 0.146715 
0.369667 0.368209 0.156974 0.105150 
0.366981 0.365620 0.247974 0.019424 
0.361895 0.360593 0.001014 0.276498 
0.369618 0.367350 0.116576 0.146457 
0.368621 0.364989 0.124618 0.141772 
0.366890 0.358653 0.214453 0.060004 
0.366721 0.356111 0.048532 0.228636 
0.367308 0.350649 0.152548 0.129495 
0.367245 0.350303 0.138428 0.144024 
0.366554 0.346013 0.094303 0.193129 
0.366169 0.339427 0.152965 0.141440 
0.366683 0.344517 0.175930 0.112871 
0.363371 0.346783 0.006868 0.282978 
0.361838 0.344062 0.001856 0.292245 
0.367557 0.357187 0.147477 0.127779 
0.366731 0.351834 0.077791 0.203645 
0.366422 0.354482 0.112407 0.166690 
0.364611 0.351510 0.145878 0.138001 
0.366722 0.354347 0.109203 0.169728 
0.358304 0.343326 0.000157 0.298213 
0.359288 0.337763 0.000401 0.302548 
0.366361 0.347190 0.139929 0.146519 
0.364726 0.344114 0.271761 0.019398 
0.364800 0.341687 0.272456 0.021057 
0.363770 0.328846 0.298423 0.008960 
0.366334 0.322760 0.192448 0.118459 
0.366699 0.330034 0.148252 0.155014 
0.365598 0.309427 0.038589 0.286387 
0.360335 0.310061 0.000162 0.329442 
0.366017 0.338238 0.224526 0.071218 
0.362482 0.310539 0.000868 0.326111 
0.365952 0.339639 0.094585 0.199824 
0.365412 0.306291 0.264588 0.063710 
0.365129 0.052237 0.317631 0.265002 
0.365813 0.280468 0.321620 0.032098 
0.366235 0.271510 0.304385 0.057869 
0.367074 0.132829 0.277636 0.222461 
0.364446 0.008587 0.319215 0.307752 
0.367288 0.195622 0.194513 0.242577 
0.366692 0.187483 0.088853 0.356972 
0.375667 0.201062 0.044657 0.378614 
0.378239 0.148754 0.092756 0.380251 
0.384101 0.189063 0.045736 0.381100 
0.374963 0.141146 0.106380 0.377510 
0.430037 0.162052 0.059725 0.348186 
0.367916 0.215121 0.052666 0.364297 
0.365451 0.029414 0.298159 0.306976 
0.366916 0.169212 0.314816 0.149056 
0.365960 0.278655 0.303568 0.051817 
0.365737 0.306607 0.129434 0.198222 
0.364820 0.299703 0.320393 0.015084 
0.364881 0.312045 0.074252 0.248822 
0.366854 0.350310 0.144295 0.138541 
0.364320 0.267369 0.019864 0.348448 
0.366957 0.111991 0.157204 0.363849 
0.360061 0.000807 0.296533 0.342599 
0.379825 0.001044 0.245157 0.373974 
0.354632 0.000009 0.273048 0.372311 
0.361453 0.000314 0.268275 0.369959 
0.377304 0.000121 0.252580 0.369995 
0.382526 0.000826 0.244965 0.371683 
0.464191 0.008249 0.243559 0.284002 
0.453822 0.009450 0.233153 0.303575 
0.458578 0.014536 0.226305 0.300581 
0.376976 0.149939 0.093753 0.379332 
0.378202 0.120606 0.121063 0.380129 
0.371093 0.086723 0.171227 0.370956 
0.366446 0.075337 0.210016 0.348201 
0.363443 0.004024 0.301030 0.331503 
0.367408 0.091944 0.356551 0.184097 
0.368780 0.134450 0.361521 0.135249 
0.368364 0.059687 0.364788 0.207160 
0.366894 0.166673 0.318934 0.147499 
0.366334 0.086661 0.301232 0.245773 
0.367416 0.217350 0.206172 0.209061 
0.366916 0.105287 0.272867 0.254929 
0.366001 0.041812 0.314696 0.277491 
0.366614 0.098274 0.292538 0.242575 
0.366972 0.216046 0.289367 0.127615 
0.366643 0.218714 0.317921 0.096721 
0.365600 0.093867 0.333516 0.207017 
0.364463 0.043146 0.343960 0.248431 
0.360580 0.001270 0.308998 0.329152 
0.338812 0.000000 0.312506 0.348683 
0.336552 0.000000 0.329387 0.334062 
0.343656 0.000000 0.370463 0.285881 
0.321450 0.000000 0.368269 0.310281 
0.335706 0.000000 0.354649 0.309645 
0.329982 0.000000 0.326306 0.343712 
0.346693 0.000000 0.305888 0.347419 
0.421037 0.001732 0.242168 0.335063 
0.504844 0.039593 0.219572 0.235991 
0.484510 0.007348 0.257292 0.250850 
0.540187 0.103547 0.160242 0.196024 
0.539092 0.145640 0.115228 0.200040 
0.585285 0.065811 0.242595 0.106309 
0.613115 0.155621 0.145379 0.085885 
0.509286 0.137409 0.115170 0.238134 
0.411860 0.143714 0.083468 0.360957 
0.441821 0.052486 0.189016 0.316677 
0.437024 0.011552 0.232821 0.318603 
0.389772 0.000981 0.248032 0.361215 
0.444230 0.025642 0.225737 0.304392 
0.396531 0.000084 0.261652 0.341733 
0.351002 0.000005 0.278669 0.370324 
0.337945 0.000000 0.312997 0.349058 
0.345053 0.000001 0.299154 0.355793 
0.355196 0.000005 0.322191 0.322608 
0.357728 0.000271 0.342268 0.299733 
0.349052 0.000000 0.336117 0.314831 
0.359503 0.002278 0.352143 0.286076 
0.364986 0.023237 0.364085 0.247691 
0.355184 0.000323 0.351189 0.293304 
0.348173 0.000000 0.336230 0.315596 
0.351940 0.000016 0.347081 0.300963 
0.362868 0.016562 0.360502 0.260068 
0.368734 0.123940 0.369127 0.138200 
0.359172 0.013476 0.362072 0.265280 
0.346950 0.000002 0.350180 0.302869 
0.355738 0.000439 0.358152 0.285671 
0.357649 0.000512 0.360493 0.281346 
0.361875 0.004837 0.363847 0.269441 
0.361330 0.003077 0.363495 0.272097 
0.364869 0.017455 0.365563 0.252113 
0.351518 0.000031 0.353200 0.295251 
0.358077 0.000964 0.358703 0.282256 
0.366747 0.053262 0.366877 0.213113 
0.363037 0.271412 0.362596 0.002955 
0.368013 0.223703 0.367133 0.041150 
0.365153 0.053967 0.358201 0.222679 
0.366551 0.140948 0.349343 0.143158 
0.365885 0.175696 0.326524 0.131895 
0.364163 0.228310 0.108524 0.299004 
0.363286 0.290742 0.017503 0.328468 
0.365768 0.245699 0.084714 0.303820 
0.366824 0.256958 0.186763 0.189455 
0.366737 0.203501 0.199767 0.229995 
0.366586 0.239783 0.199629 0.194003 
0.366751 0.207096 0.208014 0.218139 
0.366903 0.203185 0.218434 0.211478 
0.366782 0.261282 0.163517 0.208419 
0.366971 0.207668 0.227072 0.198289 
0.366692 0.138634 0.209250 0.285423 
0.366289 0.151337 0.327850 0.154525 
0.366578 0.172324 0.311264 0.149834 
0.366636 0.170343 0.312205 0.150815 
0.367079 0.175419 0.250533 0.206968 
0.367277 0.212065 0.208832 0.211825 
0.366950 0.227387 0.162570 0.243092 
0.366340 0.285695 0.236614 0.111351 
0.365876 0.269403 0.055343 0.309378 
0.366828 0.287386 0.187469 0.158317 
0.366477 0.155806 0.284123 0.193594 
0.367145 0.213211 0.245553 0.174092 
0.366259 0.211920 0.088645 0.333176 
0.366831 0.235623 0.240642 0.156905 
0.366603 0.241761 0.221996 0.169640 
0.366713 0.199766 0.311922 0.121600 
0.366432 0.160257 0.329077 0.144234 
0.365335 0.026640 0.327991 0.280034 
0.366584 0.139808 0.322022 0.171586 
0.366270 0.193998 0.244467 0.195265 
0.366535 0.106889 0.194163 0.332414 
0.366784 0.149901 0.149833 0.333482 
0.367548 0.130465 0.148850 0.353137 
0.367752 0.230648 0.037408 0.364192 
0.365943 0.152675 0.143462 0.337919 
0.366438 0.091744 0.240964 0.300853 
0.365726 0.064861 0.226622 0.342791 
0.362088 0.001720 0.301115 0.335077 
0.365940 0.011234 0.259313 0.363513 
0.378436 0.021651 0.220458 0.379455 
0.391626 0.067002 0.162180 0.379192 
0.456989 0.090651 0.136279 0.316081 
0.377375 0.135420 0.107544 0.379662 
0.403794 0.091800 0.133002 0.371403 
0.398880 0.083200 0.140624 0.377296 
0.375890 0.105416 0.140506 0.378189 
0.388573 0.055455 0.175445 0.380527 
0.441560 0.113828 0.106604 0.338008 
0.452284 0.133776 0.089905 0.324035 
0.467756 0.016725 0.226896 0.288622 
0.448424 0.021120 0.214351 0.316105 
0.441707 0.100262 0.120795 0.337236 
0.417408 0.082349 0.139740 0.360504 
0.382306 0.002582 0.239136 0.375976 
0.373771 0.000199 0.251911 0.374119 
0.362424 0.002308 0.274309 0.360960 
0.367126 0.204735 0.273354 0.154786 
0.364466 0.006596 0.322464 0.306474 
0.364561 0.026133 0.340960 0.268346 
0.366317 0.113697 0.335116 0.184871 
0.366036 0.198021 0.334271 0.101671 
0.366487 0.219503 0.312715 0.101295 
0.366466 0.305136 0.117508 0.210890 
0.364727 0.292276 0.022170 0.320827 
0.365652 0.334600 0.046804 0.252945 
0.366105 0.343169 0.075591 0.215135 
0.365077 0.344888 0.257149 0.032887 
0.365291 0.348643 0.148356 0.137709 
0.364222 0.345363 0.263724 0.026690 
0.366116 0.348298 0.122708 0.162878 
0.360429 0.327963 0.000213 0.311395 
0.366568 0.346118 0.102779 0.184536 
0.366152 0.343651 0.153550 0.136647 
0.366535 0.328450 0.178611 0.126404 
0.366745 0.324246 0.154028 0.154981 
0.366202 0.333095 0.149260 0.151443 
0.364861 0.314559 0.010054 0.310526 
0.361834 0.319892 0.000375 0.317899 
0.362403 0.340050 0.235504 0.062044 
0.362962 0.335699 0.081797 0.219542 
0.362015 0.333664 0.001070 0.303251 
0.361452 0.311128 0.000869 0.326551 
0.360396 0.323465 0.016720 0.299419 
0.366243 0.342694 0.188833 0.102230 
0.366272 0.345919 0.222041 0.065768 
0.366693 0.343176 0.110746 0.179385 
0.366911 0.323650 0.154172 0.155267 
0.366725 0.318199 0.192100 0.122977 
0.366595 0.295477 0.140410 0.197519 
0.366501 0.303767 0.265610 0.064122 
0.367211 0.195990 0.272123 0.164676 
0.367193 0.274736 0.177908 0.180162 
0.367073 0.264781 0.232630 0.135516 
0.365719 0.301697 0.022493 0.310091 
0.365823 0.089431 0.219915 0.324831 
0.366056 0.068059 0.232037 0.333847 
0.366748 0.147259 0.150038 0.335954 
0.366890 0.152511 0.137620 0.342979 
0.366754 0.146524 0.152284 0.334437 
0.367127 0.156865 0.184087 0.291920 
0.366319 0.092234 0.203855 0.337592 
0.366807 0.101004 0.289922 0.242267 
0.366325 0.093363 0.214080 0.326233 
0.360262 0.000213 0.313186 0.326340 
0.365793 0.056323 0.235826 0.342057 
0.388138 0.139634 0.090491 0.381736 
0.387408 0.127626 0.102541 0.382425 
0.435390 0.102685 0.118126 0.343799 
0.383943 0.144760 0.089454 0.381843 
0.421477 0.046477 0.176088 0.355958 
0.456436 0.014313 0.224838 0.304413 
0.457190 0.002058 0.251709 0.289042 
0.408460 0.016840 0.211160 0.363541 
0.415948 0.115811 0.104851 0.363391 
0.368055 0.189286 0.080450 0.362208 
0.372933 0.175862 0.075739 0.375466 
0.393740 0.057796 0.169918 0.378545 
0.501007 0.020709 0.235410 0.242873 
0.386310 0.001767 0.239727 0.372196 
0.387129 0.000002 0.272272 0.340597 
0.350313 0.000004 0.281604 0.368079 
0.412254 0.000079 0.325921 0.261746 
0.428548 0.005836 0.292727 0.272888 
0.423306 0.012152 0.264793 0.299750 
0.457116 0.006354 0.265202 0.271329 
0.390787 0.000001 0.282044 0.327168 
0.425418 0.000001 0.302974 0.271607 
0.419019 0.000035 0.271448 0.309498 
0.406065 0.000263 0.257931 0.335741 
0.363599 0.007833 0.267225 0.361343 
0.364575 0.040995 0.233951 0.360479 
0.427350 0.079993 0.147700 0.344958 
0.407263 0.142923 0.083986 0.365828 
0.370686 0.211939 0.043179 0.374196 
0.366820 0.236649 0.030201 0.366329 
0.402449 0.179627 0.051216 0.366708 
0.423164 0.049459 0.181615 0.345762 
0.397951 0.156253 0.071667 0.374129 
0.388745 0.225601 0.011757 0.373897 
0.368933 0.217524 0.040898 0.372645 
0.360881 0.278395 0.002180 0.358545 
0.359725 0.300692 0.001063 0.338519 
0.365496 0.336016 0.131319 0.167169 
0.364838 0.332241 0.039141 0.263779 
0.365038 0.343809 0.111343 0.179810 
0.362370 0.341888 0.254512 0.041230 
0.358472 0.336141 0.000506 0.304880 
0.362490 0.343681 0.016908 0.276921 
0.360926 0.348287 0.285916 0.004872 
0.362097 0.334693 0.024333 0.278877 
0.361871 0.291113 0.022438 0.324578 
0.356318 0.319508 0.000059 0.324115 
0.348841 0.314715 0.000001 0.336443 
0.341107 0.324211 0.000000 0.334682 
0.340408 0.322127 0.000000 0.337465 
0.349643 0.341468 0.000006 0.308883 
0.358652 0.342601 0.180178 0.118569 
0.363192 0.352839 0.241631 0.042338 
0.354699 0.333194 0.000030 0.312077 
0.344653 0.325221 0.000000 0.330125 
0.351042 0.326844 0.000004 0.322110 
0.358461 0.345866 0.001025 0.294649 
0.351143 0.335277 0.000023 0.313556 
0.358303 0.348428 0.004582 0.288687 
0.353676 0.346323 0.000026 0.299975 
0.354950 0.351927 0.000172 0.292950 
0.346949 0.346322 0.000001 0.306728 
0.354766 0.348409 0.000056 0.296769 
0.365297 0.363928 0.017955 0.252820 
0.362616 0.360666 0.004221 0.272498 
0.361742 0.355164 0.002563 0.280531 
0.363773 0.354479 0.049296 0.232452 
0.367694 0.358612 0.143922 0.129772 
0.367467 0.359460 0.204876 0.068197 
0.365423 0.351770 0.241708 0.041099 
0.367631 0.357162 0.097643 0.177564 
0.366248 0.354345 0.059225 0.220182 
0.365033 0.354801 0.195979 0.084187 
0.366032 0.356013 0.071006 0.206948 
0.362625 0.348529 0.005743 0.283104 
0.363623 0.352133 0.013095 0.271149 
0.367162 0.360150 0.154725 0.117962 
0.367791 0.361087 0.069360 0.201762 
0.368511 0.363505 0.075543 0.192441 
0.368694 0.362451 0.099700 0.169155 
0.368469 0.362419 0.082405 0.186707 
0.369079 0.364497 0.126484 0.139939 
0.369635 0.364605 0.131870 0.133890 
0.366268 0.351847 0.159733 0.122152 
0.364105 0.342249 0.272130 0.021517 
0.362486 0.340613 0.030298 0.266602 
0.363794 0.341820 0.009286 0.285100 
0.366099 0.344193 0.230801 0.058907 
0.365900 0.332211 0.202826 0.099063 
0.363116 0.322279 0.313476 0.001129 
0.364264 0.309985 0.318908 0.006843 
0.363030 0.200285 0.342940 0.093745 
0.363835 0.275914 0.323548 0.036703 
0.365984 0.303938 0.299640 0.030437 
0.366049 0.267380 0.318240 0.048331 
0.366179 0.159298 0.326024 0.148499 
0.365017 0.156591 0.338434 0.139959 
0.365622 0.280700 0.325575 0.028102 
0.365153 0.123958 0.337342 0.173548 
0.364908 0.277725 0.334555 0.022813 
0.365578 0.247273 0.334347 0.052802 
0.365705 0.320004 0.286472 0.027820 
0.365489 0.290978 0.317004 0.026529 
0.365586 0.319220 0.250935 0.064259 
0.366635 0.303982 0.181496 0.147886 
0.364680 0.308158 0.318384 0.008777 
0.364247 0.281681 0.337283 0.016789 
0.364562 0.300660 0.326178 0.008600 
0.361581 0.021766 0.333586 0.283066 
0.362947 0.286958 0.337663 0.012431 
0.361605 0.165156 0.342013 0.131226 
0.359250 0.291084 0.342726 0.006939 
0.364581 0.134578 0.351111 0.149730 
0.367324 0.214115 0.358696 0.059865 
0.357739 0.001040 0.341822 0.299399 
0.360536 0.013765 0.349585 0.276114 
0.364466 0.016767 0.354416 0.264351 
0.358413 0.000607 0.337993 0.302987 
0.362973 0.004372 0.323707 0.308948 
0.366569 0.173165 0.339859 0.120407 
0.366227 0.199329 0.339562 0.094883 
0.364117 0.008306 0.331565 0.296012 
0.357302 0.000014 0.326859 0.315826 
0.332542 0.000000 0.315737 0.351720 
0.344579 0.000000 0.296787 0.358634 
0.320834 0.000000 0.311576 0.367590 
0.320795 0.000000 0.312258 0.366947 
0.329212 0.000000 0.305266 0.365522 
0.349408 0.000000 0.329963 0.320629 
0.321328 0.000000 0.319055 0.359617 
0.338469 0.000000 0.338486 0.323044 
0.367901 0.021767 0.367780 0.242552 
0.360488 0.000611 0.352150 0.286750 
0.368588 0.172251 0.362369 0.096791 
0.367565 0.238759 0.364844 0.028832 
0.363649 0.246524 0.361123 0.028704 
0.361008 0.275937 0.359631 0.003424 
0.361967 0.273366 0.360903 0.003764 
0.366444 0.156243 0.366530 0.110782 
0.370026 0.196255 0.369311 0.064407 
0.369998 0.126006 0.366593 0.137403 
0.370064 0.123097 0.367197 0.139641 
0.367780 0.075060 0.360375 0.196785 
0.369705 0.100072 0.366919 0.163304 
0.370882 0.145147 0.369635 0.114336 
0.371288 0.119083 0.370459 0.139170 
0.368640 0.142271 0.367799 0.121291 
0.368040 0.187577 0.363359 0.081024 
0.365183 0.252821 0.357628 0.024368 
0.365979 0.113656 0.355796 0.164569 
0.366534 0.055759 0.354954 0.222753 
0.366594 0.175435 0.349076 0.108896 
0.365806 0.220648 0.336771 0.076776 
0.366674 0.205092 0.288963 0.139271 
0.366852 0.187829 0.301176 0.144144 
0.365990 0.064175 0.325814 0.244022 
0.366544 0.110619 0.287822 0.235014 
0.365621 0.049380 0.248565 0.336434 
0.366306 0.082377 0.206257 0.345060 
0.366708 0.149750 0.151774 0.331768 
0.366457 0.064525 0.293716 0.275303 
0.366957 0.162868 0.157305 0.312869 
0.367085 0.164359 0.289971 0.178586 
0.367118 0.205789 0.268999 0.158094 
0.367033 0.268655 0.153367 0.210944 
0.367301 0.197628 0.176641 0.258430 
0.366385 0.220572 0.085884 0.327158 
0.366338 0.080081 0.232456 0.321125 
0.366576 0.081600 0.249729 0.302095 
0.364855 0.010981 0.299857 0.324308 
0.363323 0.008703 0.341523 0.286451 
0.366338 0.093430 0.329597 0.210635 
0.366769 0.124898 0.320741 0.187592 
0.366647 0.122997 0.325860 0.184495 
0.364409 0.016046 0.337326 0.282219 
0.366900 0.177016 0.301916 0.154168 
0.366827 0.128313 0.306493 0.198368 
0.366367 0.231815 0.127101 0.274717 
0.366507 0.256085 0.089602 0.287806 
0.365679 0.316105 0.071912 0.246304 
0.366734 0.321436 0.156199 0.155631 
0.366198 0.331582 0.129236 0.172985 
0.366449 0.330722 0.115748 0.187081 
0.366878 0.271602 0.250819 0.110701 
0.367070 0.259426 0.210065 0.163439 
0.367236 0.194449 0.250285 0.188030 
0.365568 0.266535 0.037381 0.330517 
0.366759 0.321884 0.176217 0.135140 
0.366516 0.260365 0.072739 0.300381 
0.365366 0.132526 0.194635 0.307473 
0.366419 0.110567 0.324138 0.198875 
0.365971 0.049775 0.312675 0.271578 
0.365161 0.033648 0.253264 0.347927 
0.361693 0.001676 0.281011 0.355620 
0.369119 0.085425 0.180120 0.365335 
0.368434 0.124819 0.146039 0.360708 
0.366226 0.214213 0.073381 0.346181 
0.367628 0.169196 0.107485 0.355690 
0.364842 0.017962 0.268879 0.348318 
0.351404 0.000001 0.314688 0.333908 
0.355243 0.000061 0.305279 0.339416 
0.357472 0.000079 0.304149 0.338300 
0.366998 0.102434 0.171162 0.359405 
0.368273 0.159472 0.112990 0.359265 
0.369287 0.090364 0.174996 0.365354 
0.367701 0.042772 0.225712 0.363815 
0.365271 0.025932 0.261455 0.347342 
0.364663 0.016637 0.277103 0.341596 
0.362323 0.002279 0.287407 0.347990 
0.363187 0.002021 0.307129 0.327663 
0.359521 0.000160 0.320739 0.319580 
0.364350 0.012320 0.280395 0.342935 
0.366911 0.114139 0.172562 0.346387 
0.367123 0.133984 0.151297 0.347597 
0.365217 0.024578 0.263558 0.346647 
0.346551 0.000000 0.332581 0.320869 
0.336826 0.000000 0.338684 0.324490 
0.351003 0.000002 0.299836 0.349159 
0.357443 0.000275 0.286805 0.355477 
0.350719 0.000002 0.299553 0.349727 
0.323935 0.000000 0.352790 0.323276 
0.335506 0.000000 0.338016 0.326479 
0.346661 0.000000 0.313887 0.339452 
0.359918 0.000378 0.289819 0.349884 
0.350913 0.000002 0.300404 0.348680 
0.347947 0.000000 0.314090 0.337963 
0.364094 0.037005 0.258696 0.340205 
0.358541 0.000076 0.309516 0.331867 
0.357039 0.000061 0.302303 0.340596 
0.354615 0.000003 0.332573 0.312808 
0.360094 0.000736 0.352900 0.286270 
0.361512 0.003009 0.353627 0.281852 
0.362424 0.011157 0.346701 0.279719 
0.362881 0.289254 0.343073 0.004792 
0.363606 0.273782 0.358150 0.004462 
0.364680 0.264935 0.367853 0.002531 
0.387901 0.102091 0.381774 0.128234 
0.382255 0.195876 0.380494 0.041376 
0.388528 0.207201 0.379277 0.024994 
0.386979 0.000299 0.365570 0.247151 
0.349994 0.000002 0.364868 0.285136 
0.369927 0.000779 0.373907 0.255386 
0.359182 0.000190 0.370649 0.269979 
0.361867 0.044505 0.344348 0.249280 
0.365257 0.260740 0.368988 0.005015 
0.371978 0.247444 0.377425 0.003154 
0.377120 0.236020 0.377797 0.009063 
0.359825 0.309124 0.330886 0.000165 
0.360943 0.318604 0.320234 0.000219 
0.363094 0.350240 0.058721 0.227945 
0.367127 0.354630 0.166375 0.111868 
0.366826 0.353185 0.195529 0.084460 
0.364836 0.344692 0.267719 0.022753 
0.359918 0.322369 0.317615 0.000098 
0.363125 0.337382 0.285293 0.014199 
0.361442 0.323841 0.314436 0.000281 
0.363452 0.353354 0.271142 0.012052 
0.361197 0.359725 0.276715 0.002363 
0.362577 0.350703 0.282365 0.004355 
0.360911 0.361611 0.276781 0.000696 
0.361069 0.348984 0.002603 0.287343 
0.354596 0.330287 0.000002 0.315115 
0.355614 0.284936 0.000044 0.359407 
0.378558 0.306307 0.000000 0.315134 
0.320328 0.323566 0.000000 0.356106 
0.318603 0.329252 0.000000 0.352145 
0.295612 0.335817 0.000000 0.368570 
0.316508 0.347319 0.000000 0.336174 
0.294595 0.353880 0.000000 0.351525 
0.311079 0.320658 0.000000 0.368263 
0.348362 0.283859 0.000000 0.367779 
0.302366 0.333856 0.000000 0.363779 
0.269716 0.361884 0.000000 0.368400 
0.323682 0.363764 0.000000 0.312554 
0.328095 0.367797 0.000000 0.304108 
0.226196 0.387780 0.000000 0.386024 
0.240815 0.368986 0.000000 0.390199 
0.257924 0.375155 0.000000 0.366922 
0.318141 0.364661 0.000000 0.317198 
0.345414 0.346032 0.000000 0.308554 
0.356415 0.345650 0.000124 0.297811 
0.364585 0.344614 0.037253 0.253548 
0.365845 0.340830 0.237756 0.055569 
0.364735 0.332764 0.285781 0.016720 
0.362337 0.332006 0.302446 0.003211 
0.366181 0.269428 0.103975 0.260416 
0.367208 0.177157 0.286172 0.169462 
0.366775 0.263543 0.093371 0.276311 
0.367358 0.217138 0.188429 0.227075 
0.367295 0.182020 0.266262 0.184423 
0.367069 0.172360 0.157346 0.303225 
0.366986 0.301552 0.205447 0.126015 
0.364683 0.301304 0.031394 0.302619 
0.365993 0.227845 0.065330 0.340832 
0.366860 0.158587 0.131628 0.342925 
0.366228 0.059522 0.248837 0.325412 
0.367349 0.206106 0.185944 0.240601 
0.367113 0.160119 0.291125 0.181643 
0.366782 0.171384 0.325768 0.136066 
0.365781 0.086596 0.326729 0.220894 
0.365397 0.025188 0.329038 0.280377 
0.366311 0.208230 0.340801 0.084658 
0.366503 0.136018 0.339341 0.158139 
0.364395 0.013315 0.332867 0.289423 
0.365623 0.035947 0.328539 0.269891 
0.366834 0.139524 0.320099 0.173543 
0.364097 0.013425 0.275536 0.346942 
0.363649 0.021071 0.346411 0.268869 
0.366199 0.124464 0.337740 0.171596 
0.365718 0.231128 0.341796 0.061357 
0.365137 0.046923 0.336027 0.251913 
0.363604 0.004460 0.326791 0.305145 
0.364868 0.011966 0.313479 0.309686 
0.366945 0.155708 0.307136 0.170212 
0.366974 0.126232 0.245293 0.261500 
0.366583 0.086606 0.315275 0.231536 
0.367244 0.158615 0.232402 0.241739 
0.366578 0.130280 0.172519 0.330623 
0.366601 0.151954 0.148315 0.333130 
0.366087 0.089209 0.214565 0.330139 
0.364470 0.007891 0.300280 0.327360 
0.366289 0.085303 0.338292 0.210117 
0.366021 0.229473 0.297972 0.106533 
0.365902 0.274973 0.319874 0.039250 
0.365307 0.273686 0.328521 0.032486 
0.365141 0.297004 0.317871 0.019984 
0.365620 0.195878 0.331368 0.107133 
0.365746 0.257629 0.329364 0.047261 
0.363861 0.283862 0.343035 0.009243 
0.366380 0.187040 0.356027 0.090554 
0.367084 0.177805 0.354915 0.100196 
0.367792 0.212843 0.361437 0.057929 
0.367972 0.222960 0.364192 0.044877 
0.365854 0.247287 0.352540 0.034319 
0.363016 0.004749 0.356161 0.276075 
0.368765 0.125354 0.363240 0.142641 
0.366698 0.179624 0.359668 0.094010 
0.368292 0.231800 0.366601 0.033307 
0.364721 0.254430 0.353809 0.027040 
0.363164 0.281813 0.349104 0.005919 
0.365644 0.260546 0.361165 0.012645 
0.367165 0.248744 0.366909 0.017181 
0.364239 0.259514 0.360289 0.015958 
0.360861 0.280045 0.358010 0.001085 
0.359602 0.282437 0.357524 0.000437 
0.363902 0.269107 0.363520 0.003471 
0.363955 0.272219 0.357637 0.006189 
0.361186 0.295142 0.342652 0.001020 
0.355327 0.304311 0.340323 0.000038 
0.357349 0.297271 0.343630 0.001750 
0.357311 0.301221 0.338081 0.003388 
0.357524 0.000953 0.336756 0.304767 
0.361240 0.002645 0.349181 0.286934 
0.365526 0.067055 0.354023 0.213396 
0.363180 0.008759 0.331556 0.296504 
0.366493 0.181612 0.334876 0.117019 
0.366452 0.223108 0.322648 0.087793 
0.363276 0.042884 0.262353 0.331487 
0.364078 0.297558 0.330738 0.007626 
0.366169 0.212676 0.339435 0.081720 
0.366108 0.209026 0.339162 0.085704 
0.365120 0.058164 0.328622 0.248093 
0.366480 0.189684 0.334013 0.109822 
0.366706 0.113082 0.343374 0.176838 
0.366792 0.154594 0.341888 0.136726 
0.364888 0.020836 0.339858 0.274418 
0.366332 0.176489 0.333954 0.123224 
0.363760 0.011090 0.287587 0.337563 
0.365223 0.012433 0.317259 0.305085 
0.366738 0.139171 0.341429 0.152661 
0.366528 0.215342 0.320169 0.097962 
0.365254 0.012387 0.310141 0.312218 
0.366786 0.185823 0.297221 0.150170 
0.366731 0.094861 0.313404 0.225004 
0.367176 0.171508 0.202578 0.258737 
0.366560 0.191086 0.120897 0.321457 
0.366773 0.154368 0.147097 0.331761 
0.366215 0.120938 0.168758 0.344089 
0.363014 0.300531 0.003171 0.333284 
0.364763 0.273636 0.019034 0.342567 
0.363879 0.277018 0.009863 0.349240 
0.365094 0.247348 0.041623 0.345935 
0.361332 0.281508 0.005147 0.352013 
0.362554 0.275304 0.003232 0.358910 
0.370492 0.153279 0.105879 0.370350 
0.370857 0.168189 0.090017 0.370937 
0.359642 0.000412 0.279989 0.359957 
0.365251 0.009445 0.259930 0.365373 
0.369736 0.147839 0.114056 0.368368 
0.363699 0.030760 0.251811 0.353730 
0.363082 0.277233 0.004068 0.355616 
0.360249 0.282318 0.001624 0.355809 
0.369090 0.185047 0.079864 0.366000 
0.367147 0.156178 0.123339 0.353336 
0.367412 0.140257 0.137439 0.354892 
0.366425 0.203770 0.074937 0.354868 
0.366779 0.145434 0.137127 0.350661 
0.366944 0.151160 0.122680 0.359216 
0.364662 0.037183 0.250267 0.347888 
0.362409 0.005550 0.279043 0.352998 
0.365009 0.080997 0.201392 0.352601 
0.366253 0.077945 0.196397 0.359404 
0.370497 0.126006 0.133480 0.370017 
0.370571 0.139968 0.118620 0.370840 
0.369811 0.085278 0.174841 0.370070 
0.370165 0.077453 0.182049 0.370332 
0.367908 0.085230 0.184764 0.362099 
0.367501 0.125705 0.149156 0.357639 
0.363128 0.274444 0.007913 0.354515 
0.362949 0.045278 0.243698 0.348075 
0.350606 0.000000 0.329844 0.319549 
0.348478 0.000000 0.335042 0.316479 
0.350522 0.000000 0.320787 0.328691 
0.359872 0.001216 0.286330 0.352582 
0.361689 0.002784 0.297347 0.338180 
0.366159 0.120002 0.164456 0.349384 
0.365967 0.104456 0.179046 0.350531 
0.365528 0.201331 0.078718 0.354424 
0.365886 0.185098 0.100506 0.348511 
0.361802 0.004449 0.276491 0.357258 
0.364962 0.250636 0.024228 0.360175 
0.368203 0.137970 0.128842 0.364984 
0.369900 0.131837 0.127933 0.370330 
0.369955 0.123573 0.135383 0.371090 
0.366627 0.031477 0.233677 0.368219 
0.364397 0.016129 0.253683 0.365792 
0.366415 0.032624 0.232960 0.368001 
0.365060 0.188050 0.087291 0.359599 
0.366521 0.149482 0.123745 0.360252 
0.345673 0.000000 0.312608 0.341718 
0.362526 0.042153 0.238475 0.356847 
0.364940 0.182413 0.102450 0.350197 
0.363340 0.033484 0.255222 0.347953 
0.363052 0.020619 0.281241 0.335089 
0.362899 0.021027 0.283392 0.332682 
0.364492 0.222630 0.064821 0.348056 
0.364218 0.173187 0.112900 0.349695 
0.360288 0.321348 0.000268 0.318097 
0.363536 0.266288 0.026892 0.343284 
0.366249 0.117036 0.269294 0.247420 
0.365989 0.155447 0.335273 0.143292 
0.363804 0.018542 0.327621 0.290032 
0.360549 0.002562 0.285933 0.350955 
0.365496 0.034280 0.300742 0.299482 
0.364120 0.017680 0.282130 0.336070 
0.366432 0.101536 0.276904 0.255128 
0.366270 0.156272 0.158799 0.318660 
0.370273 0.222653 0.033388 0.373686 
0.366711 0.241368 0.025370 0.366552 
0.361843 0.277723 0.007443 0.352991 
0.366072 0.311216 0.115075 0.207637 
0.366397 0.335745 0.148073 0.149785 
0.356855 0.322351 0.000015 0.320778 
0.358162 0.327741 0.000034 0.314063 
0.362362 0.345448 0.004137 0.288054 
0.354683 0.313231 0.000016 0.332070 
0.344123 0.315207 0.000000 0.340671 
0.364181 0.336616 0.018172 0.281031 
0.362096 0.347538 0.003873 0.286494 
0.364105 0.348175 0.024462 0.263259 
0.364330 0.361488 0.259886 0.014297 
0.365803 0.346260 0.213335 0.074602 
0.363933 0.331743 0.039177 0.265146 
0.366520 0.320537 0.154803 0.158141 
0.366278 0.313348 0.133496 0.186878 
0.366502 0.325593 0.152084 0.155821 
0.366068 0.317200 0.219169 0.097564 
0.365942 0.337892 0.199301 0.096865 
0.366256 0.334142 0.133186 0.166416 
0.366778 0.349891 0.133696 0.149636 
0.366717 0.350816 0.124893 0.157573 
0.366791 0.349019 0.139734 0.144456 
0.365938 0.347844 0.123444 0.162773 
0.363411 0.334752 0.292372 0.009464 
0.363239 0.298125 0.328299 0.010338 
0.365732 0.316094 0.246428 0.071745 
0.365868 0.139618 0.180898 0.313615 
0.366648 0.141889 0.193393 0.298070 
0.366204 0.255073 0.070340 0.308382 
0.366041 0.215232 0.098593 0.320134 
0.366389 0.142949 0.294872 0.195789 
0.366812 0.209425 0.292729 0.131034 
0.365241 0.185294 0.117522 0.331943 
0.366110 0.202967 0.092213 0.338710 
0.366560 0.141437 0.169557 0.322447 
0.367052 0.189009 0.254675 0.189265 
0.365672 0.070952 0.326099 0.237277 
0.362691 0.001374 0.324418 0.311517 
0.363665 0.010888 0.331742 0.293706 
0.366137 0.072233 0.321993 0.239637 
0.366480 0.152323 0.320493 0.160705 
0.366729 0.129974 0.309411 0.193885 
0.367104 0.238275 0.179515 0.215106 
0.366946 0.189257 0.247764 0.196032 
0.366904 0.193266 0.191356 0.248473 
0.365886 0.077932 0.336198 0.219984 
0.365711 0.236382 0.339720 0.058187 
0.364721 0.098145 0.341888 0.195246 
0.369541 0.223272 0.371341 0.035845 
0.365551 0.213648 0.358525 0.062276 
0.367974 0.148800 0.358530 0.124696 
0.342181 0.000000 0.340045 0.317774 
0.363726 0.010729 0.361310 0.264235 
0.367970 0.042283 0.372634 0.217113 
0.372145 0.068082 0.376711 0.183062 
0.372484 0.000154 0.369711 0.257651 
0.286661 0.000000 0.368233 0.345106 
0.298988 0.000000 0.364214 0.336797 
0.266424 0.000000 0.371761 0.361815 
0.289307 0.000000 0.344483 0.366210 
0.358856 0.000000 0.283596 0.357548 
0.355115 0.000030 0.278967 0.365889 
0.372715 0.044817 0.206007 0.376462 
0.359149 0.000102 0.269469 0.371280 
0.351437 0.000007 0.282224 0.366332 
0.371062 0.005162 0.246703 0.377073 
0.360234 0.001442 0.279633 0.358691 
0.339416 0.000000 0.321692 0.338892 
0.339585 0.000000 0.366268 0.294147 
0.374282 0.070281 0.378243 0.177195 
0.392888 0.119923 0.377706 0.109483 
0.366260 0.134920 0.352370 0.146450 
0.379309 0.032888 0.379585 0.208218 
0.385037 0.013737 0.375657 0.225569 
0.413390 0.109095 0.360565 0.116950 
0.394707 0.224453 0.366564 0.014276 
0.387357 0.007560 0.362536 0.242546 
0.384066 0.045611 0.376070 0.194254 
0.371069 0.246516 0.376922 0.005493 
0.360569 0.002209 0.373800 0.263422 
0.371727 0.027820 0.376843 0.223610 
0.377501 0.243211 0.374970 0.004319 
0.370594 0.000074 0.365137 0.264195 
0.374816 0.000127 0.360887 0.264170 
0.374597 0.000006 0.348495 0.276902 
0.360294 0.000040 0.372354 0.267312 
0.354893 0.000020 0.372474 0.272612 
0.377655 0.009442 0.377106 0.235798 
0.355096 0.000117 0.352864 0.291923 
0.364890 0.134103 0.319250 0.181756 
0.365960 0.127342 0.262393 0.244305 
0.365715 0.156220 0.320341 0.157724 
0.365243 0.130395 0.325561 0.178801 
0.365167 0.160974 0.334340 0.139519 
0.365208 0.148373 0.352203 0.134216 
0.364991 0.166113 0.328631 0.140265 
0.365354 0.243072 0.291735 0.099838 
0.365228 0.104323 0.339607 0.190843 
0.366278 0.278822 0.198830 0.156070 
0.366596 0.200472 0.216549 0.216383 
0.366098 0.150401 0.179854 0.303646 
0.366064 0.224628 0.149759 0.259548 
0.364826 0.092487 0.332924 0.209764 
0.361854 0.000769 0.313787 0.323589 
0.358794 0.000533 0.348068 0.292604 
0.356630 0.000043 0.327180 0.316147 
0.364042 0.030650 0.343842 0.261467 
0.366494 0.144354 0.355563 0.133589 
0.367177 0.148674 0.360349 0.123799 
0.368505 0.144178 0.367918 0.119399 
0.368573 0.161275 0.368643 0.101509 
0.363252 0.018739 0.360263 0.257745 
0.359693 0.002345 0.355930 0.282032 
0.358248 0.000352 0.340047 0.301354 
0.360512 0.002936 0.342075 0.294478 
0.363331 0.082962 0.352828 0.200879 
0.353599 0.000087 0.350231 0.296084 
0.358743 0.005170 0.357346 0.278741 
0.366733 0.097010 0.365208 0.171049 
0.363593 0.234576 0.359293 0.042538 
0.364794 0.228199 0.362248 0.044759 
0.362499 0.254021 0.359840 0.023640 
0.363502 0.176909 0.359891 0.099698 
0.359268 0.283283 0.355866 0.001584 
0.358394 0.283036 0.357956 0.000615 
0.354305 0.284191 0.355019 0.006485 
0.352713 0.295258 0.351515 0.000515 
0.348181 0.305149 0.346662 0.000007 
0.349085 0.303101 0.347810 0.000004 
0.344147 0.308554 0.347290 0.000009 
0.346069 0.304835 0.349095 0.000001 
0.346253 0.306239 0.347506 0.000002 
0.348320 0.306833 0.343640 0.001208 
0.357342 0.285374 0.357124 0.000159 
0.358842 0.260764 0.352312 0.028083 
0.363011 0.272243 0.360111 0.004636 
0.360868 0.022785 0.358259 0.258089 
0.368819 0.063006 0.368901 0.199274 
0.367601 0.043871 0.366171 0.222357 
0.365359 0.015620 0.364711 0.254310 
0.370947 0.116817 0.370605 0.141632 
0.370649 0.133757 0.370059 0.125535 
0.368763 0.144938 0.366248 0.120051 
0.367331 0.083341 0.363021 0.186306 
0.364259 0.248308 0.362162 0.025271 
0.355523 0.000050 0.351148 0.293280 
0.321965 0.000000 0.316302 0.361733 
0.338900 0.000000 0.321743 0.339356 
0.350624 0.000003 0.347201 0.302172 
0.328083 0.000000 0.314265 0.357652 
0.339859 0.000000 0.324763 0.335378 
0.335008 0.000000 0.308523 0.356468 
0.333586 0.000000 0.312601 0.353812 
0.335665 0.000000 0.317506 0.346829 
0.364785 0.019170 0.359068 0.256976 
0.365588 0.082852 0.355688 0.195872 
0.366134 0.068725 0.357391 0.207749 
0.365808 0.181672 0.344365 0.108155 
0.361521 0.003361 0.337620 0.297497 
0.356965 0.000034 0.315844 0.327157 
0.361007 0.005016 0.283802 0.350175 
0.366495 0.044170 0.223867 0.365469 
0.366247 0.056215 0.215111 0.362428 
0.368954 0.110282 0.151868 0.368895 
0.366186 0.118417 0.210466 0.304931 
0.365191 0.215463 0.084064 0.335282 
0.365355 0.095904 0.199332 0.339409 
0.370972 0.134343 0.123093 0.371593 
0.365219 0.031437 0.247088 0.356256 
0.365330 0.057947 0.334981 0.241742 
0.366047 0.235779 0.078316 0.319859 
0.366627 0.248765 0.127612 0.256997 
0.366543 0.312331 0.195067 0.126059 
0.363846 0.290702 0.011553 0.333898 
0.365781 0.206694 0.093171 0.334353 
0.367134 0.134189 0.142965 0.355712 
0.454439 0.145742 0.082104 0.317715 
0.500666 0.104783 0.143051 0.251500 
0.523998 0.152503 0.109411 0.214088 
0.523540 0.114466 0.144241 0.217754 
0.505169 0.120272 0.127644 0.246915 
0.459149 0.129193 0.101419 0.310240 
0.424349 0.110930 0.110540 0.354181 
0.365968 0.000331 0.258374 0.375327 
0.396017 0.011875 0.222832 0.369276 
0.436639 0.163900 0.066099 0.333362 
0.414324 0.082478 0.142668 0.360530 
0.399996 0.070788 0.158624 0.370593 
0.373656 0.099477 0.149100 0.377766 
0.366807 0.184575 0.089361 0.359257 
0.366868 0.202479 0.197059 0.233594 
0.366711 0.238663 0.180321 0.214305 
0.366710 0.189822 0.229464 0.214004 
0.366852 0.258616 0.207357 0.167175 
0.366015 0.264395 0.249251 0.120340 
0.365512 0.269215 0.317445 0.047827 
0.366317 0.192671 0.143639 0.297372 
0.365078 0.158991 0.144452 0.331479 
0.366488 0.294893 0.169435 0.169184 
0.366264 0.278508 0.157477 0.197751 
0.365310 0.191329 0.334149 0.109212 
0.364554 0.077956 0.297007 0.260482 
0.362818 0.024322 0.280104 0.332756 
0.361119 0.001436 0.322295 0.315150 
0.365021 0.173652 0.335062 0.126265 
0.381998 0.105337 0.380839 0.131826 
0.379805 0.012352 0.377490 0.230354 
0.393973 0.045440 0.372950 0.187637 
0.454492 0.098672 0.307645 0.139191 
0.405820 0.075995 0.367725 0.150459 
0.398766 0.013181 0.365607 0.222446 
0.467317 0.125532 0.295104 0.112046 
0.438810 0.128283 0.335091 0.097816 
0.439324 0.026410 0.324728 0.209539 
0.419327 0.140360 0.356454 0.083859 
0.368449 0.078775 0.368283 0.184493 
0.366532 0.186448 0.352411 0.094609 
0.356131 0.000066 0.361724 0.282080 
0.370450 0.002719 0.376844 0.249987 
0.351241 0.000005 0.366809 0.281944 
0.371577 0.016036 0.376612 0.235774 
0.367730 0.138701 0.357271 0.136298 
0.365967 0.080378 0.341782 0.211873 
0.364012 0.012736 0.326770 0.296482 
0.366235 0.079694 0.203357 0.350713 
0.365102 0.128262 0.170587 0.336048 
0.366230 0.298261 0.239966 0.095543 
0.364326 0.292832 0.013111 0.329731 
0.364547 0.264399 0.029176 0.341878 
0.364752 0.071402 0.224523 0.339323 
0.366127 0.199209 0.074006 0.360658 
0.363100 0.235671 0.039889 0.361340 
