0.286055 0.280077 0.147468 0.286400 
0.332701 0.332856 0.002569 0.331874 
0.334040 0.332458 0.000073 0.333428 
0.338225 0.334971 0.000312 0.326492 
0.335606 0.332196 0.000000 0.332197 
0.340533 0.332975 0.000000 0.326492 
0.338239 0.334625 0.000000 0.327135 
0.338427 0.338202 0.000000 0.323372 
0.348682 0.346098 0.000023 0.305197 
0.368792 0.368263 0.212486 0.050459 
0.367392 0.366893 0.175690 0.090026 
0.371042 0.371033 0.173440 0.084485 
0.369499 0.369691 0.046146 0.214664 
0.361171 0.361624 0.272092 0.005114 
0.359480 0.359994 0.000569 0.279957 
0.350153 0.350323 0.000003 0.299522 
0.349223 0.348460 0.000002 0.302315 
0.343538 0.342296 0.000000 0.314166 
0.333934 0.333137 0.000000 0.332929 
0.336773 0.335121 0.000000 0.328106 
0.339129 0.338013 0.000000 0.322858 
0.333892 0.333242 0.000000 0.332866 
0.333907 0.333438 0.000000 0.332655 
0.339557 0.337793 0.000000 0.322650 
0.340270 0.335589 0.000000 0.324142 
0.341674 0.334348 0.000000 0.323978 
0.337732 0.332971 0.000000 0.329297 
0.344093 0.337569 0.000000 0.318337 
0.355702 0.351667 0.000043 0.292588 
0.352127 0.347714 0.000113 0.300046 
0.354128 0.349926 0.000018 0.295929 
0.345839 0.341991 0.000000 0.312170 
0.346191 0.344134 0.000008 0.309667 
0.342076 0.336489 0.000000 0.321435 
0.344941 0.343159 0.000001 0.311900 
0.341818 0.335191 0.000000 0.322991 
0.337019 0.327084 0.000000 0.335897 
0.334258 0.331958 0.000000 0.333784 
0.333927 0.331690 0.000000 0.334383 
0.333491 0.331280 0.000000 0.335229 
0.333704 0.335277 0.000000 0.331019 
0.334708 0.335870 0.000000 0.329423 
0.339699 0.339217 0.000000 0.321084 
0.339455 0.338341 0.000000 0.322203 
0.334926 0.333525 0.000000 0.331549 
0.335566 0.333505 0.000000 0.330929 
0.336143 0.334502 0.000000 0.329355 
0.339338 0.332528 0.000000 0.328134 
0.334129 0.333303 0.000000 0.332568 
0.334319 0.333068 0.000000 0.332614 
0.335441 0.336424 0.000000 0.328135 
0.335693 0.337144 0.000000 0.327162 
0.335995 0.334340 0.000000 0.329665 
0.334742 0.331626 0.000000 0.333632 
0.334452 0.328455 0.000000 0.337093 
0.335674 0.329650 0.000000 0.334677 
0.336608 0.325536 0.000000 0.337856 
0.343025 0.332375 0.000000 0.324600 
0.344647 0.329201 0.000000 0.326152 
0.343192 0.328998 0.000000 0.327810 
0.338721 0.332322 0.000000 0.328957 
0.343026 0.332420 0.000000 0.324553 
0.342476 0.326202 0.000000 0.331322 
0.343408 0.333375 0.000000 0.323217 
0.350878 0.328636 0.000000 0.320485 
0.350208 0.341700 0.000002 0.308090 
0.351400 0.338045 0.000005 0.310549 
0.350257 0.339653 0.000001 0.310089 
0.356977 0.351886 0.001325 0.289812 
0.352577 0.344365 0.000007 0.303052 
0.359540 0.350447 0.001758 0.288255 
0.358296 0.349237 0.000675 0.291791 
0.364177 0.357348 0.085431 0.193043 
0.366911 0.359640 0.184051 0.089398 
0.366248 0.358430 0.081457 0.193865 
0.366230 0.357808 0.065011 0.210951 
0.364661 0.357717 0.023328 0.254295 
0.364423 0.357369 0.071465 0.206743 
0.361499 0.346961 0.004043 0.287497 
0.364127 0.347172 0.023131 0.265569 
0.363410 0.340286 0.288784 0.007520 
0.363586 0.324162 0.306913 0.005339 
0.363033 0.329136 0.304352 0.003480 
0.364269 0.315593 0.229399 0.090739 
0.361495 0.325205 0.312871 0.000430 
0.357076 0.298102 0.344663 0.000159 
0.353986 0.000564 0.357101 0.288348 
0.363504 0.266274 0.334066 0.036156 
0.365282 0.051930 0.240142 0.342646 
0.364210 0.013039 0.275168 0.347583 
0.367145 0.034573 0.235011 0.363271 
0.360499 0.000584 0.294860 0.344057 
0.368296 0.086895 0.183795 0.361014 
0.370067 0.103831 0.157360 0.368742 
0.369369 0.117527 0.146152 0.366952 
0.365645 0.044671 0.239594 0.350089 
0.368209 0.210970 0.054970 0.365852 
0.363628 0.263048 0.011694 0.361630 
0.366540 0.034374 0.234077 0.365008 
0.363867 0.013885 0.263173 0.359076 
0.357395 0.000334 0.286611 0.355660 
0.353954 0.000010 0.294802 0.351234 
0.349444 0.000004 0.301576 0.348977 
0.353505 0.000091 0.293386 0.353019 
0.359577 0.000341 0.280678 0.359404 
0.359778 0.000510 0.282752 0.356960 
0.360016 0.000582 0.286267 0.353136 
0.356993 0.000038 0.306993 0.335976 
0.353659 0.000006 0.305644 0.340692 
0.358482 0.000292 0.298452 0.342774 
0.357670 0.000475 0.297508 0.344347 
0.356608 0.000415 0.294143 0.348834 
0.353908 0.000002 0.326639 0.319452 
0.352897 0.000009 0.307601 0.339493 
0.343819 0.000000 0.317935 0.338246 
0.343630 0.000000 0.336832 0.319538 
0.341775 0.000000 0.337313 0.320912 
0.342161 0.000000 0.342077 0.315762 
0.341739 0.000000 0.341536 0.316725 
0.335793 0.000000 0.332247 0.331960 
0.342197 0.000000 0.341852 0.315951 
0.340144 0.000000 0.340761 0.319095 
0.342270 0.000001 0.342894 0.314835 
0.340520 0.000000 0.339140 0.320340 
0.339968 0.000000 0.339087 0.320945 
0.350477 0.000002 0.349736 0.299786 
0.360126 0.000713 0.358510 0.280651 
0.347976 0.000000 0.335549 0.316476 
0.349534 0.000000 0.329962 0.320504 
0.350804 0.000000 0.330910 0.318285 
0.350610 0.000001 0.315148 0.334241 
0.356298 0.000030 0.319440 0.324232 
0.355366 0.000040 0.303687 0.340907 
0.353728 0.000126 0.304639 0.341507 
0.356089 0.000022 0.306859 0.337029 
0.362101 0.002835 0.288615 0.346449 
0.361047 0.001088 0.295621 0.342244 
0.362745 0.003887 0.294409 0.338959 
0.362676 0.002205 0.301749 0.333370 
0.365182 0.042437 0.248780 0.343601 
0.364116 0.005521 0.308384 0.321978 
0.364352 0.007693 0.319638 0.308317 
0.365700 0.134524 0.336290 0.163486 
0.366565 0.178244 0.319657 0.135534 
0.366286 0.095415 0.330342 0.207957 
0.363277 0.286942 0.339896 0.009884 
0.366326 0.203090 0.342697 0.087887 
0.366302 0.179462 0.347448 0.106789 
0.366656 0.182467 0.347278 0.103599 
0.361422 0.001264 0.346045 0.291269 
0.356275 0.000037 0.347756 0.295932 
0.358456 0.000194 0.349881 0.291468 
0.353719 0.000008 0.345583 0.300691 
0.345458 0.000000 0.338071 0.316471 
0.366068 0.075748 0.361722 0.196461 
0.361054 0.019478 0.358021 0.261446 
0.358558 0.282140 0.355523 0.003779 
0.356334 0.001963 0.355109 0.286594 
0.367379 0.173842 0.365963 0.092816 
0.365349 0.252848 0.364645 0.017158 
0.360185 0.000714 0.359636 0.279465 
0.362284 0.001347 0.360868 0.275501 
0.356003 0.000054 0.353546 0.290397 
0.370565 0.134446 0.368646 0.126343 
0.371669 0.114844 0.371822 0.141665 
0.366967 0.157141 0.358834 0.117058 
0.366111 0.035647 0.360661 0.237582 
0.361851 0.001638 0.353984 0.282527 
0.360072 0.000468 0.352422 0.287038 
0.333835 0.000000 0.301380 0.364785 
0.344240 0.000000 0.341757 0.314003 
0.358630 0.000211 0.350410 0.290749 
0.347242 0.000000 0.311273 0.341485 
0.353608 0.000001 0.318551 0.327840 
0.349633 0.000000 0.330000 0.320368 
0.337530 0.000000 0.311466 0.351004 
0.339563 0.000000 0.331730 0.328707 
0.340562 0.000000 0.338765 0.320673 
0.342917 0.000000 0.332841 0.324242 
0.356235 0.000112 0.345827 0.297826 
0.347168 0.000000 0.339448 0.313384 
0.362738 0.002442 0.359853 0.274968 
0.357965 0.000124 0.347735 0.294177 
0.361793 0.238041 0.356571 0.043596 
0.367929 0.191992 0.362514 0.077564 
0.362486 0.004671 0.344048 0.288795 
0.361862 0.002244 0.354261 0.281633 
0.356180 0.000059 0.343453 0.300308 
0.368058 0.193753 0.362342 0.075847 
0.365065 0.027087 0.355861 0.251986 
0.366031 0.070370 0.360919 0.202681 
0.366805 0.243732 0.365724 0.023740 
0.370720 0.175720 0.370885 0.082676 
0.371623 0.116001 0.371895 0.140481 
0.363188 0.009652 0.363005 0.264156 
0.367946 0.023915 0.367753 0.240386 
0.368641 0.189988 0.366146 0.075225 
0.368016 0.050188 0.366591 0.215206 
0.371531 0.125243 0.371754 0.131472 
0.369353 0.063049 0.368663 0.198935 
0.370152 0.186962 0.370426 0.072460 
0.366892 0.112488 0.367024 0.153596 
0.369468 0.099768 0.368900 0.161865 
0.370380 0.075713 0.369825 0.184083 
0.366338 0.020594 0.364429 0.248639 
0.359462 0.004703 0.349329 0.286505 
0.364105 0.215708 0.355337 0.064849 
0.361805 0.279041 0.356443 0.002711 
0.362159 0.273378 0.353859 0.010604 
0.353740 0.296713 0.349526 0.000021 
0.352278 0.301734 0.345980 0.000008 
0.351519 0.304872 0.343079 0.000530 
0.349210 0.307479 0.343295 0.000016 
0.347982 0.320491 0.331526 0.000001 
0.344395 0.322530 0.333074 0.000000 
0.345794 0.315474 0.338732 0.000000 
0.345769 0.314798 0.339433 0.000000 
0.344477 0.314950 0.340573 0.000000 
0.347915 0.304896 0.347032 0.000157 
0.349425 0.307023 0.343433 0.000118 
0.351056 0.299798 0.349058 0.000088 
0.352874 0.294699 0.352148 0.000280 
0.352718 0.298356 0.347771 0.001156 
0.351650 0.000541 0.348043 0.299765 
0.352263 0.000031 0.345093 0.302612 
0.353045 0.000093 0.352241 0.294620 
0.361959 0.004506 0.351122 0.282414 
0.358678 0.000154 0.332567 0.308601 
0.366228 0.123366 0.349628 0.160778 
0.359969 0.000629 0.336897 0.302504 
0.367914 0.079233 0.364000 0.188853 
0.365744 0.090907 0.352737 0.190612 
0.362362 0.010586 0.332391 0.294661 
0.361716 0.010296 0.343037 0.284951 
0.362605 0.015496 0.288593 0.333305 
0.364062 0.285062 0.333942 0.016933 
0.366230 0.173886 0.352316 0.107569 
0.365950 0.131170 0.340060 0.162819 
0.365809 0.132800 0.334920 0.166472 
0.362488 0.003744 0.322599 0.311169 
0.364070 0.017247 0.325100 0.293582 
0.363461 0.004536 0.315971 0.316032 
0.366122 0.136299 0.314140 0.183439 
0.366215 0.154793 0.187879 0.291113 
0.366642 0.233267 0.225220 0.174871 
0.366163 0.292598 0.139602 0.201637 
0.366356 0.269538 0.207768 0.156339 
0.365806 0.092103 0.238713 0.303378 
0.366226 0.210044 0.304747 0.118983 
0.366942 0.237020 0.198094 0.197944 
0.366380 0.145929 0.278939 0.208753 
0.366672 0.178214 0.291038 0.164076 
0.366530 0.100766 0.235989 0.296715 
0.366699 0.120155 0.287733 0.225413 
0.365986 0.276929 0.063419 0.293666 
0.364240 0.238326 0.040155 0.357279 
0.365802 0.180308 0.122189 0.331702 
0.362700 0.005539 0.305204 0.326557 
0.365704 0.210602 0.130223 0.293471 
0.362762 0.032745 0.267104 0.337389 
0.364958 0.295628 0.028600 0.310814 
0.366419 0.284323 0.179079 0.170179 
0.365800 0.299315 0.113450 0.221435 
0.364473 0.318196 0.286708 0.030623 
0.365579 0.329562 0.158081 0.146778 
0.364415 0.301150 0.024126 0.310308 
0.365298 0.233260 0.081272 0.320170 
0.365422 0.163106 0.153763 0.317710 
0.365544 0.125675 0.184843 0.323939 
0.364878 0.122496 0.175719 0.336907 
0.364576 0.225439 0.085616 0.324368 
0.365613 0.158598 0.146315 0.329474 
0.364105 0.026481 0.266545 0.342869 
0.364960 0.026225 0.322665 0.286151 
0.363369 0.011301 0.295087 0.330243 
0.366063 0.079138 0.300792 0.254007 
0.365705 0.093181 0.217707 0.323407 
0.367755 0.190293 0.072406 0.369545 
0.361490 0.100312 0.208445 0.329753 
0.364162 0.264411 0.019107 0.352320 
0.365874 0.224327 0.045361 0.364439 
0.362091 0.280881 0.008033 0.348994 
0.362648 0.272793 0.010907 0.353652 
0.364272 0.305878 0.021740 0.308111 
0.365705 0.311810 0.122960 0.199525 
0.365705 0.333523 0.151078 0.149694 
0.365028 0.336266 0.095457 0.203250 
0.365323 0.332714 0.128616 0.173347 
0.365348 0.323777 0.177697 0.133178 
0.364851 0.335616 0.170482 0.129050 
0.363798 0.340236 0.202188 0.093778 
0.364313 0.338311 0.083090 0.214287 
0.365681 0.336527 0.192367 0.105425 
0.364264 0.338646 0.163483 0.133608 
0.359381 0.335268 0.001306 0.304045 
0.361518 0.330991 0.050045 0.257446 
0.354419 0.309884 0.335671 0.000026 
0.359815 0.258203 0.367469 0.014513 
0.357437 0.299307 0.342930 0.000326 
0.361848 0.307522 0.305047 0.025583 
0.364975 0.326464 0.276464 0.032097 
0.366118 0.308728 0.054840 0.270314 
0.366703 0.295164 0.117699 0.220434 
0.366104 0.288258 0.078359 0.267279 
0.365112 0.275299 0.032913 0.326675 
0.359642 0.000800 0.311602 0.327956 
0.360394 0.001446 0.315710 0.322450 
0.362868 0.014226 0.280793 0.342113 
0.362600 0.014733 0.268495 0.354172 
0.366428 0.105697 0.167747 0.360128 
0.362424 0.274649 0.001735 0.361193 
0.357901 0.289435 0.000109 0.352555 
0.353222 0.300344 0.000007 0.346427 
0.359561 0.294896 0.000286 0.345257 
0.360892 0.295615 0.000795 0.342698 
0.362824 0.277751 0.008080 0.351345 
0.364575 0.256852 0.027216 0.351357 
0.364667 0.267001 0.010063 0.358268 
0.363710 0.288575 0.019577 0.328137 
0.364849 0.286699 0.019084 0.329368 
0.367081 0.299245 0.162886 0.170789 
0.366991 0.307353 0.162765 0.162891 
0.365818 0.300022 0.029414 0.304746 
0.363612 0.302294 0.004635 0.329460 
0.367766 0.218745 0.049672 0.363817 
0.378886 0.226674 0.014759 0.379681 
0.424496 0.167435 0.059294 0.348775 
0.431130 0.149898 0.075807 0.343165 
0.391634 0.155095 0.080827 0.372444 
0.367067 0.227269 0.039346 0.366318 
0.362798 0.001778 0.317094 0.318330 
0.357393 0.000128 0.353123 0.289355 
0.369724 0.085674 0.367486 0.177116 
0.365159 0.226055 0.055015 0.353771 
0.401573 0.225024 0.009169 0.364235 
0.412634 0.236483 0.003216 0.347667 
0.400457 0.246918 0.001666 0.350959 
0.353946 0.286240 0.000090 0.359724 
0.372957 0.259609 0.000017 0.367418 
0.376744 0.276064 0.000001 0.347192 
0.387373 0.279637 0.000001 0.332989 
0.339479 0.298832 0.000000 0.361689 
0.353367 0.288475 0.000000 0.358158 
0.333393 0.298437 0.000000 0.368170 
0.357242 0.332840 0.000019 0.309899 
0.351863 0.297924 0.000014 0.350199 
0.352854 0.315939 0.000001 0.331206 
0.342428 0.306699 0.000000 0.350873 
0.357541 0.345086 0.000063 0.297309 
0.365650 0.358067 0.208238 0.068045 
0.369130 0.365379 0.171281 0.094210 
0.367040 0.364544 0.054971 0.213444 
0.364541 0.362142 0.268184 0.005133 
0.355220 0.342064 0.302690 0.000026 
0.355090 0.345020 0.000014 0.299876 
0.355244 0.348531 0.000020 0.296206 
0.363687 0.357932 0.009527 0.268854 
0.366134 0.359794 0.082739 0.191333 
0.357451 0.343183 0.000408 0.298959 
0.359455 0.342544 0.000373 0.297628 
0.353789 0.330426 0.000001 0.315784 
0.353325 0.326054 0.000001 0.320620 
0.352558 0.307935 0.000002 0.339506 
0.348941 0.310454 0.000002 0.340603 
0.344727 0.313809 0.000000 0.341464 
0.341584 0.320860 0.000000 0.337555 
0.340812 0.323016 0.000000 0.336171 
0.343421 0.316471 0.000000 0.340108 
0.348983 0.318349 0.000000 0.332668 
0.350250 0.307779 0.000001 0.341969 
0.355644 0.313269 0.000119 0.330968 
0.350029 0.315349 0.000001 0.334621 
0.355557 0.326157 0.000133 0.318153 
0.357489 0.304902 0.000953 0.336656 
0.353231 0.316345 0.000003 0.330421 
0.355812 0.324061 0.000033 0.320095 
0.357661 0.341369 0.000464 0.300506 
0.356824 0.333753 0.000045 0.309378 
0.358804 0.340738 0.000243 0.300216 
0.356168 0.333222 0.000105 0.310505 
0.355978 0.334109 0.000076 0.309837 
0.349860 0.328731 0.000000 0.321408 
0.354884 0.347065 0.000039 0.298012 
0.345128 0.330711 0.000000 0.324161 
0.347937 0.337645 0.000000 0.314418 
0.347389 0.342437 0.000000 0.310174 
0.350543 0.348275 0.000003 0.301179 
0.354288 0.348714 0.000372 0.296627 
0.338458 0.332309 0.000000 0.329233 
0.342679 0.337074 0.000000 0.320247 
0.347161 0.336921 0.000000 0.315917 
0.346335 0.338106 0.000001 0.315559 
0.341936 0.338837 0.000000 0.319227 
0.343620 0.340065 0.000000 0.316315 
0.335815 0.334939 0.000000 0.329247 
0.334142 0.334176 0.000000 0.331682 
0.334817 0.336194 0.000000 0.328989 
0.334536 0.334644 0.000000 0.330820 
0.332646 0.334122 0.000000 0.333233 
0.334578 0.337328 0.000000 0.328094 
0.334339 0.334235 0.000000 0.331427 
0.337585 0.334829 0.000000 0.327586 
0.338404 0.338280 0.000000 0.323316 
0.333551 0.331127 0.000000 0.335322 
0.334341 0.333203 0.000000 0.332456 
0.331371 0.332769 0.000000 0.335860 
0.330636 0.335557 0.000000 0.333807 
0.330828 0.334979 0.000000 0.334193 
0.333246 0.337021 0.000000 0.329733 
0.333448 0.335402 0.000000 0.331150 
0.333770 0.336458 0.000000 0.329772 
0.333090 0.331832 0.000000 0.335078 
0.332559 0.333421 0.000000 0.334021 
0.332939 0.336669 0.000000 0.330392 
0.338532 0.341783 0.000000 0.319685 
0.346164 0.348744 0.000009 0.305083 
0.334884 0.336518 0.000000 0.328598 
0.333080 0.339892 0.000000 0.327028 
0.337400 0.344739 0.000000 0.317861 
0.346338 0.352675 0.000028 0.300960 
0.347913 0.353981 0.000018 0.298089 
0.354814 0.358033 0.000930 0.286223 
0.362542 0.365318 0.011346 0.260794 
0.363809 0.364422 0.104504 0.167265 
0.362969 0.365306 0.023136 0.248588 
0.349798 0.353980 0.000021 0.296201 
0.346114 0.349179 0.000013 0.304694 
0.340569 0.341703 0.000000 0.317729 
0.343043 0.337749 0.000000 0.319208 
0.348066 0.345421 0.000002 0.306511 
0.347428 0.342683 0.000001 0.309888 
0.353462 0.348476 0.000040 0.298021 
0.348639 0.348575 0.000003 0.302784 
0.351976 0.353346 0.000086 0.294592 
0.366381 0.367118 0.077686 0.188816 
0.367960 0.369848 0.150542 0.111650 
0.364082 0.366459 0.235379 0.034080 
0.355136 0.359036 0.000845 0.284983 
0.357725 0.360353 0.001153 0.280769 
0.359829 0.361843 0.006094 0.272233 
0.358730 0.361306 0.007210 0.272754 
0.355721 0.357344 0.000535 0.286401 
0.366834 0.367904 0.107185 0.158077 
0.367851 0.370250 0.128043 0.133856 
0.367414 0.370261 0.122064 0.140261 
0.364818 0.368037 0.084922 0.182223 
0.363946 0.367088 0.229666 0.039300 
0.356442 0.361343 0.055301 0.226914 
0.356453 0.360481 0.000939 0.282126 
0.360724 0.363550 0.010376 0.265350 
0.363916 0.366370 0.175568 0.094146 
0.359810 0.363755 0.268344 0.008092 
0.360993 0.365171 0.009636 0.264200 
0.340461 0.348793 0.000000 0.310746 
0.363520 0.367132 0.224978 0.044371 
0.350366 0.355594 0.000295 0.293745 
0.356770 0.361166 0.002506 0.279557 
0.359203 0.362585 0.003317 0.274895 
0.360023 0.363642 0.033054 0.243281 
0.366964 0.369723 0.098629 0.164683 
0.366065 0.368277 0.135405 0.130253 
0.366506 0.368269 0.125175 0.140051 
0.366842 0.369489 0.136163 0.127505 
0.360834 0.364614 0.234469 0.040084 
0.361457 0.365944 0.203458 0.069142 
0.367194 0.370120 0.136844 0.125842 
0.363570 0.365377 0.102853 0.168200 
0.366121 0.368880 0.086377 0.178622 
0.364983 0.366937 0.223872 0.044207 
0.365482 0.366328 0.202719 0.065471 
0.361885 0.359418 0.264046 0.014651 
0.359981 0.357006 0.004255 0.278758 
0.353313 0.349626 0.000109 0.296952 
0.352568 0.347932 0.000053 0.299447 
0.359482 0.359224 0.002620 0.278674 
0.366623 0.367262 0.050993 0.215122 
0.362038 0.364873 0.251548 0.021542 
0.365755 0.367995 0.064144 0.202106 
0.355900 0.360871 0.000888 0.282341 
0.366603 0.369408 0.081739 0.182250 
0.365186 0.367766 0.045943 0.221106 
0.363381 0.367305 0.218251 0.051063 
0.360579 0.364343 0.006764 0.268314 
0.357441 0.362688 0.069814 0.210057 
0.362955 0.366887 0.231078 0.039080 
0.358800 0.362977 0.269337 0.008886 
0.355858 0.360499 0.268298 0.015345 
0.364810 0.368491 0.092867 0.173832 
0.361853 0.366276 0.190913 0.080957 
0.363256 0.368066 0.173538 0.095140 
0.364400 0.368650 0.178860 0.088091 
0.364521 0.368866 0.129898 0.136716 
0.365451 0.369355 0.124775 0.140419 
0.363065 0.367853 0.220436 0.048646 
0.365558 0.369875 0.133620 0.130948 
0.361862 0.367463 0.042986 0.227689 
0.357004 0.363664 0.006148 0.273184 
0.345807 0.354820 0.000034 0.299338 
0.329672 0.331451 0.000000 0.338877 
0.347353 0.348925 0.000036 0.303686 
0.329249 0.328119 0.000000 0.342632 
0.324287 0.310289 0.000000 0.365424 
0.315317 0.315946 0.000000 0.368736 
0.337790 0.338593 0.000000 0.323617 
0.356738 0.353725 0.164551 0.124985 
0.352473 0.349361 0.005130 0.293036 
0.334559 0.339830 0.000000 0.325611 
0.329855 0.328726 0.002875 0.338545 
0.324831 0.330721 0.000000 0.344448 
0.323884 0.331295 0.000000 0.344820 
0.321298 0.332429 0.000000 0.346273 
0.318958 0.335358 0.000000 0.345684 
0.323515 0.341997 0.000000 0.334489 
0.329517 0.345460 0.000000 0.325023 
0.342560 0.345735 0.000422 0.311283 
0.337138 0.335628 0.000000 0.327233 
0.338130 0.333447 0.000002 0.328422 
0.332934 0.315820 0.000002 0.351244 
0.334068 0.310258 0.000012 0.355661 
0.333088 0.312030 0.000017 0.354864 
0.331644 0.315097 0.000001 0.353258 
0.331963 0.313482 0.000006 0.354549 
0.330899 0.314038 0.000004 0.355059 
0.327904 0.318761 0.000001 0.353334 
0.333583 0.311137 0.000065 0.355215 
0.328709 0.318519 0.000003 0.352770 
0.344533 0.337299 0.000339 0.317829 
0.353744 0.341129 0.223829 0.081299 
0.354017 0.338059 0.203338 0.104586 
0.351560 0.292293 0.330927 0.025221 
0.351934 0.110054 0.306124 0.231889 
0.355456 0.263266 0.077545 0.303732 
0.354106 0.162970 0.146896 0.336028 
0.358801 0.179654 0.239285 0.222260 
0.357277 0.060581 0.300706 0.281436 
0.358002 0.112431 0.332236 0.197332 
0.357772 0.155419 0.152583 0.334226 
0.353695 0.084970 0.206035 0.355300 
0.353060 0.223686 0.073207 0.350047 
0.355244 0.157399 0.143626 0.343732 
0.356089 0.161934 0.136504 0.345473 
0.354044 0.172111 0.121678 0.352167 
0.355806 0.205435 0.091321 0.347437 
0.354679 0.257985 0.052223 0.335112 
0.355728 0.260713 0.050668 0.332891 
0.356103 0.132578 0.167726 0.343593 
0.355762 0.065203 0.225350 0.353685 
0.357233 0.089727 0.214174 0.338866 
0.357182 0.143653 0.159176 0.339989 
0.358599 0.250612 0.129462 0.261327 
0.357537 0.205472 0.109919 0.327072 
0.354105 0.106586 0.194463 0.344846 
0.353177 0.146799 0.150543 0.349481 
0.352836 0.107418 0.188783 0.350962 
0.351609 0.065316 0.224258 0.358817 
0.351187 0.030418 0.265702 0.352693 
0.354617 0.128374 0.153254 0.363755 
0.355481 0.144417 0.132301 0.367801 
0.354200 0.143439 0.137140 0.365221 
0.349539 0.028235 0.257175 0.365050 
0.352269 0.150846 0.130583 0.366302 
0.350823 0.234165 0.050753 0.364260 
0.346138 0.280025 0.014810 0.359027 
0.350238 0.139243 0.147665 0.362854 
0.353378 0.143989 0.139778 0.362854 
0.348786 0.055511 0.234676 0.361027 
0.343879 0.007578 0.287125 0.361418 
0.347275 0.081657 0.205957 0.365111 
0.353992 0.164143 0.115152 0.366713 
0.354735 0.137856 0.139644 0.367765 
0.357000 0.134166 0.140898 0.367936 
0.348677 0.008648 0.279736 0.362939 
0.357124 0.138238 0.138323 0.366315 
0.353148 0.033484 0.257288 0.356081 
0.356110 0.131063 0.159049 0.353779 
0.356410 0.128486 0.160908 0.354196 
0.356503 0.127836 0.152402 0.363260 
0.354982 0.238182 0.041126 0.365711 
0.357141 0.154210 0.125912 0.362736 
0.356706 0.228015 0.060948 0.354331 
0.360190 0.150704 0.125529 0.363576 
0.355509 0.028305 0.257132 0.359055 
0.357317 0.063316 0.222353 0.357014 
0.359682 0.115256 0.160825 0.364236 
0.360538 0.154939 0.117556 0.366967 
0.357904 0.220360 0.067999 0.353737 
0.353136 0.294600 0.009676 0.342588 
0.358854 0.219384 0.116362 0.305400 
0.358457 0.310392 0.117656 0.213496 
0.349780 0.333960 0.011083 0.305178 
0.352172 0.059057 0.245300 0.343471 
0.344174 0.000184 0.329280 0.326362 
0.346985 0.002494 0.335439 0.315081 
0.340677 0.000069 0.356274 0.302981 
0.316429 0.000000 0.361080 0.322491 
0.332631 0.000000 0.347437 0.319932 
0.313430 0.000000 0.349007 0.337562 
0.326879 0.000000 0.353101 0.320019 
0.313038 0.000000 0.358170 0.328792 
0.315051 0.000000 0.358412 0.326537 
0.305258 0.000000 0.356312 0.338430 
0.306027 0.000000 0.347311 0.346662 
0.294933 0.000000 0.361010 0.344057 
0.297136 0.000001 0.358265 0.344599 
0.312287 0.000000 0.339173 0.348539 
0.299301 0.000001 0.354990 0.345708 
0.327877 0.000036 0.317824 0.354263 
0.324960 0.000007 0.318664 0.356369 
0.339781 0.003999 0.293518 0.362702 
0.343249 0.009709 0.283010 0.364032 
0.350513 0.093809 0.190036 0.365642 
0.348847 0.081993 0.203486 0.365673 
0.340899 0.001789 0.296951 0.360361 
0.317754 0.000001 0.332141 0.350104 
0.335896 0.000140 0.304594 0.359370 
0.317008 0.000001 0.331634 0.351357 
0.294776 0.000000 0.359432 0.345792 
0.291466 0.000000 0.365294 0.343240 
0.314975 0.000002 0.337299 0.347725 
0.338426 0.001021 0.302986 0.357568 
0.353620 0.103027 0.179437 0.363915 
0.354590 0.128837 0.149748 0.366825 
0.350825 0.046066 0.239517 0.363592 
0.347680 0.007461 0.282635 0.362225 
0.332340 0.000029 0.311384 0.356247 
0.330173 0.000003 0.316548 0.353276 
0.320345 0.000000 0.329475 0.350180 
0.315931 0.000000 0.334979 0.349090 
0.318652 0.000000 0.331715 0.349633 
0.310652 0.000001 0.338894 0.350453 
0.308267 0.000001 0.345630 0.346102 
0.308461 0.000001 0.347654 0.343884 
0.317601 0.000001 0.353240 0.329158 
0.322135 0.000003 0.354141 0.323721 
0.319232 0.000001 0.352858 0.327910 
0.313947 0.000001 0.351539 0.334513 
0.317002 0.000005 0.354256 0.328737 
0.312704 0.000011 0.352575 0.334710 
0.326973 0.000009 0.350845 0.322173 
0.317736 0.000001 0.340377 0.341886 
0.316543 0.000002 0.351245 0.332210 
0.320748 0.000007 0.347596 0.331650 
0.328482 0.000034 0.350170 0.321313 
0.329574 0.000022 0.354036 0.316369 
0.334142 0.000542 0.360995 0.304321 
0.319402 0.000011 0.356688 0.323899 
0.319976 0.000132 0.357670 0.322222 
0.333756 0.000818 0.360929 0.304497 
0.346043 0.068777 0.366349 0.218832 
0.348732 0.192812 0.364124 0.094332 
0.345506 0.266963 0.364719 0.022813 
0.338921 0.296292 0.361396 0.003391 
0.340886 0.062170 0.361847 0.235097 
0.337158 0.001064 0.357380 0.304397 
0.348659 0.153182 0.363198 0.134961 
0.347708 0.046770 0.363431 0.242091 
0.346784 0.036120 0.361985 0.255111 
0.348320 0.060408 0.356236 0.235037 
0.351109 0.155477 0.360339 0.133075 
0.349849 0.142295 0.364222 0.143635 
0.348310 0.137455 0.365235 0.148999 
0.348626 0.150612 0.366776 0.133986 
0.348592 0.132967 0.366975 0.151466 
0.347930 0.176074 0.365917 0.110079 
0.345030 0.107962 0.365131 0.181877 
0.343607 0.193154 0.365146 0.098093 
0.342553 0.062785 0.365030 0.229632 
0.342657 0.225504 0.365885 0.065953 
0.340152 0.209508 0.364182 0.086158 
0.340952 0.260913 0.362642 0.035492 
0.339515 0.286148 0.362486 0.011850 
0.346494 0.167165 0.366544 0.119796 
0.342937 0.068969 0.365559 0.222535 
0.333989 0.278487 0.363303 0.024220 
0.334159 0.259300 0.363547 0.042994 
0.337246 0.021706 0.363931 0.277117 
0.335621 0.005614 0.363126 0.295639 
0.342205 0.218459 0.363315 0.076021 
0.346813 0.170356 0.363139 0.119692 
0.347693 0.136244 0.365880 0.150182 
0.345428 0.141363 0.360971 0.152238 
0.331768 0.000027 0.345022 0.323183 
0.347674 0.160872 0.359839 0.131615 
0.347054 0.167915 0.355805 0.129225 
0.345196 0.033161 0.346389 0.275254 
0.345778 0.038983 0.348911 0.266327 
0.349175 0.063064 0.346243 0.241518 
0.342096 0.008139 0.343063 0.306702 
0.339467 0.001342 0.338463 0.320728 
0.335516 0.001884 0.332296 0.330304 
0.338165 0.007489 0.295865 0.358481 
0.342099 0.028855 0.280376 0.348670 
0.343329 0.161626 0.138132 0.356913 
0.344000 0.180571 0.126136 0.349293 
0.339446 0.023080 0.286592 0.350882 
0.336105 0.002827 0.316498 0.344570 
0.338028 0.001112 0.330342 0.330518 
0.343280 0.012600 0.331703 0.312417 
0.327333 0.000165 0.336016 0.336486 
0.325934 0.000569 0.321792 0.351705 
0.330228 0.038542 0.271567 0.359663 
0.333480 0.049932 0.255272 0.361316 
0.334157 0.063989 0.237751 0.364103 
0.324793 0.306923 0.006442 0.361843 
0.325765 0.306537 0.004233 0.363464 
0.327879 0.306561 0.006756 0.358805 
0.336245 0.231649 0.068170 0.363936 
0.340240 0.157556 0.136435 0.365769 
0.323887 0.000609 0.314664 0.360840 
0.337745 0.061711 0.238124 0.362421 
0.338908 0.262887 0.042513 0.355693 
0.314807 0.000090 0.331704 0.353399 
0.328228 0.005922 0.301879 0.363971 
0.313675 0.001830 0.323216 0.361279 
0.310207 0.000406 0.329940 0.359446 
0.317846 0.000249 0.320546 0.361360 
0.310454 0.000236 0.330760 0.358550 
0.297197 0.000223 0.343507 0.359073 
0.300830 0.000299 0.339997 0.358874 
0.327473 0.018220 0.289577 0.364730 
0.334550 0.073462 0.225991 0.365997 
0.319930 0.001264 0.315605 0.363201 
0.335522 0.153224 0.144490 0.366764 
0.336253 0.152543 0.144657 0.366548 
0.334171 0.122644 0.177154 0.366030 
0.336240 0.187612 0.111292 0.364856 
0.336456 0.130236 0.170114 0.363194 
0.337187 0.148558 0.152921 0.361334 
0.338038 0.132406 0.164954 0.364602 
0.335229 0.166661 0.131709 0.366401 
0.333185 0.176422 0.124744 0.365649 
0.332909 0.169830 0.130669 0.366592 
0.333363 0.146199 0.155453 0.364985 
0.331205 0.113190 0.193696 0.361909 
0.329424 0.252791 0.053331 0.364454 
0.326677 0.291909 0.016387 0.365026 
0.329536 0.277664 0.028845 0.363956 
0.329758 0.264527 0.041323 0.364392 
0.332995 0.147832 0.154060 0.365113 
0.337418 0.150050 0.146359 0.366172 
0.336388 0.171808 0.126373 0.365431 
0.329107 0.014721 0.292382 0.363789 
0.330468 0.038129 0.266906 0.364497 
0.333934 0.035223 0.265304 0.365540 
0.337798 0.164655 0.132030 0.365516 
0.336432 0.140141 0.156843 0.366584 
0.334199 0.123960 0.175550 0.366291 
0.334305 0.158739 0.147004 0.359952 
0.330678 0.009475 0.314417 0.345430 
0.341829 0.175954 0.334601 0.147616 
0.342804 0.158384 0.295095 0.203716 
0.342410 0.191159 0.146110 0.320321 
0.338926 0.160160 0.147101 0.353812 
0.342137 0.153202 0.157788 0.346874 
0.340899 0.156382 0.142772 0.359948 
0.339641 0.174223 0.127722 0.358414 
0.346676 0.112452 0.202398 0.338474 
0.349611 0.182141 0.160393 0.307855 
0.350169 0.216587 0.274321 0.158923 
0.351535 0.165169 0.252155 0.231141 
0.352241 0.288667 0.188619 0.170473 
0.351988 0.170803 0.195659 0.281550 
0.350958 0.195146 0.308379 0.145517 
0.347423 0.220588 0.326145 0.105844 
0.350442 0.165607 0.271675 0.212276 
0.351281 0.162638 0.189820 0.296261 
0.349890 0.168090 0.146690 0.335331 
0.346510 0.172839 0.127892 0.352759 
0.348545 0.074809 0.230097 0.346549 
0.349435 0.151062 0.150488 0.349015 
0.350267 0.244307 0.066347 0.339079 
0.348589 0.177004 0.132875 0.341532 
0.350426 0.196339 0.337058 0.116176 
0.349729 0.217214 0.349007 0.084050 
0.353974 0.183227 0.310726 0.152072 
0.351212 0.190971 0.340373 0.117444 
0.348331 0.285705 0.337721 0.028244 
0.346308 0.321107 0.329967 0.002618 
0.344671 0.321690 0.331256 0.002383 
0.344642 0.297751 0.329223 0.028385 
0.341293 0.294632 0.307754 0.056321 
0.339830 0.332701 0.000044 0.327425 
0.338950 0.339880 0.000629 0.320541 
0.343861 0.342633 0.028293 0.285212 
0.342024 0.339150 0.013568 0.305258 
0.335175 0.331944 0.000034 0.332846 
0.337155 0.333949 0.000088 0.328808 
0.342200 0.334699 0.000774 0.322327 
0.343208 0.340917 0.004175 0.311700 
0.351120 0.345324 0.173427 0.130129 
0.350653 0.346784 0.126948 0.175615 
0.345975 0.343874 0.285703 0.024448 
0.345274 0.341608 0.288343 0.024775 
0.337801 0.338792 0.322254 0.001153 
0.337262 0.343155 0.041341 0.278242 
0.333179 0.347961 0.314468 0.004392 
0.344021 0.351689 0.136741 0.167550 
0.346425 0.354093 0.188868 0.110613 
0.331600 0.348177 0.000642 0.319581 
0.326240 0.352705 0.000171 0.320884 
0.301365 0.346735 0.000571 0.351328 
0.316449 0.354240 0.000135 0.329176 
0.339096 0.361651 0.225517 0.073735 
0.339004 0.361936 0.192311 0.106749 
0.341639 0.360838 0.233549 0.063974 
0.341266 0.360440 0.142419 0.155876 
0.332378 0.354004 0.003957 0.309661 
0.335238 0.359013 0.037637 0.268112 
0.330376 0.360281 0.010889 0.298455 
0.336383 0.359604 0.151717 0.152297 
0.337757 0.358034 0.075232 0.228977 
0.326093 0.353416 0.000652 0.319839 
0.312013 0.347131 0.000360 0.340495 
0.197025 0.351881 0.178423 0.272670 
0.324412 0.349617 0.186425 0.139546 
0.300917 0.347769 0.013025 0.338289 
0.312107 0.347917 0.000680 0.339296 
0.323030 0.356677 0.021544 0.298749 
0.322796 0.358587 0.315874 0.002744 
0.326488 0.360134 0.294965 0.018413 
0.322438 0.361865 0.154294 0.161404 
0.325782 0.363842 0.109614 0.200762 
0.319100 0.362134 0.000927 0.317839 
0.319257 0.363310 0.002844 0.314590 
0.311247 0.359938 0.000175 0.328640 
0.298199 0.360696 0.004879 0.336226 
0.293029 0.360470 0.002600 0.343900 
0.301412 0.359940 0.000532 0.338116 
0.301780 0.359486 0.000283 0.338452 
0.318151 0.361492 0.000188 0.320169 
0.318774 0.360909 0.000178 0.320139 
0.328161 0.363285 0.018626 0.289928 
0.335034 0.364586 0.058033 0.242348 
0.329127 0.362004 0.204706 0.104163 
0.329360 0.361469 0.303709 0.005462 
0.323112 0.358909 0.316523 0.001455 
0.331574 0.362068 0.204678 0.101679 
0.332349 0.359277 0.300867 0.007508 
0.335927 0.360165 0.277544 0.026364 
0.341083 0.362638 0.141462 0.154818 
0.338746 0.361680 0.108074 0.191500 
0.329158 0.360467 0.305767 0.004609 
0.313346 0.357184 0.329240 0.000231 
0.286494 0.355513 0.356762 0.001231 
0.317075 0.361064 0.320871 0.000989 
0.327996 0.363450 0.237643 0.070910 
0.330989 0.364509 0.013223 0.291278 
0.326308 0.363361 0.002044 0.308287 
0.338329 0.365520 0.069931 0.226220 
0.333992 0.364244 0.282906 0.018858 
0.340643 0.364993 0.236325 0.058039 
0.333442 0.360615 0.004375 0.301567 
0.341469 0.363960 0.224287 0.070284 
0.342010 0.365614 0.198586 0.093790 
0.335126 0.362916 0.008328 0.293630 
0.331729 0.362853 0.002355 0.303063 
0.241549 0.353582 0.040637 0.364232 
0.325896 0.360379 0.002181 0.311545 
0.333609 0.361971 0.302893 0.001526 
0.333802 0.362465 0.300163 0.003570 
0.345923 0.366583 0.189921 0.097573 
0.347021 0.366902 0.152022 0.134054 
0.341656 0.365254 0.028792 0.264298 
0.343681 0.366314 0.085738 0.204267 
0.342024 0.365104 0.042132 0.250740 
0.343962 0.364766 0.032224 0.259048 
0.317762 0.357031 0.000007 0.325200 
0.318147 0.357762 0.000010 0.324081 
0.309462 0.354939 0.000006 0.335594 
0.297505 0.352014 0.000004 0.350477 
0.295212 0.352527 0.000007 0.352254 
0.299588 0.353797 0.003743 0.342872 
0.304874 0.355027 0.000011 0.340088 
0.306005 0.354148 0.000024 0.339823 
0.301437 0.353045 0.000010 0.345508 
0.309944 0.352753 0.000023 0.337281 
0.319395 0.354845 0.000025 0.325735 
0.308783 0.352964 0.000061 0.338192 
0.308699 0.355011 0.000024 0.336266 
0.304691 0.354603 0.000017 0.340689 
0.327543 0.361883 0.001631 0.308943 
0.318629 0.359019 0.000028 0.322324 
0.323942 0.359630 0.000057 0.316371 
0.325981 0.360384 0.000126 0.313509 
0.343395 0.366821 0.147450 0.142334 
0.342798 0.365701 0.054519 0.236982 
0.341601 0.364355 0.242249 0.051794 
0.338931 0.363480 0.078914 0.218675 
0.331171 0.360254 0.301889 0.006686 
0.321340 0.353279 0.325311 0.000070 
0.316010 0.353661 0.326329 0.004001 
0.329869 0.355799 0.314048 0.000284 
0.331479 0.357829 0.309656 0.001036 
0.325319 0.359206 0.001516 0.313959 
0.279402 0.351844 0.000007 0.368746 
0.274795 0.353856 0.000005 0.371344 
0.317961 0.354156 0.000007 0.327876 
0.295807 0.349191 0.000003 0.355000 
0.274591 0.356167 0.000004 0.369238 
0.324603 0.357812 0.000012 0.317573 
0.318173 0.356475 0.000019 0.325332 
0.327564 0.356435 0.000010 0.315991 
0.326041 0.354228 0.000036 0.319695 
0.286565 0.345673 0.000001 0.367761 
0.301753 0.347421 0.000001 0.350826 
0.276352 0.353954 0.000001 0.369693 
0.299308 0.348785 0.000003 0.351904 
0.326774 0.358058 0.000046 0.315122 
0.320904 0.356428 0.000003 0.322665 
0.331238 0.359630 0.001683 0.307449 
0.343276 0.363555 0.006317 0.286851 
0.328820 0.356497 0.000008 0.314675 
0.342803 0.361850 0.201046 0.094301 
0.344961 0.363239 0.084168 0.207632 
0.349244 0.364580 0.055633 0.230543 
0.346671 0.363721 0.114194 0.175415 
0.351349 0.366921 0.106742 0.174987 
0.350117 0.364232 0.155003 0.130648 
0.336538 0.359142 0.000386 0.303934 
0.330481 0.356667 0.000857 0.311995 
0.330348 0.355376 0.000032 0.314245 
0.333927 0.359955 0.066308 0.239810 
0.340124 0.361859 0.293288 0.004728 
0.326125 0.357353 0.316513 0.000009 
0.321619 0.356339 0.322035 0.000007 
0.332873 0.360340 0.306554 0.000233 
0.350194 0.367060 0.172724 0.110022 
0.347038 0.365616 0.237609 0.049737 
0.349517 0.365785 0.210032 0.074666 
0.342496 0.360966 0.291546 0.004992 
0.339350 0.356750 0.302954 0.000946 
0.338197 0.353588 0.306379 0.001835 
0.332667 0.347897 0.319401 0.000036 
0.334226 0.355582 0.309879 0.000312 
0.323480 0.352071 0.324447 0.000002 
0.331800 0.356553 0.311606 0.000041 
0.329321 0.357084 0.313576 0.000019 
0.334544 0.358527 0.306689 0.000240 
0.330418 0.357165 0.312405 0.000013 
0.338643 0.359608 0.283295 0.018454 
0.332455 0.354882 0.312653 0.000009 
0.335945 0.355638 0.308115 0.000303 
0.332553 0.352350 0.314776 0.000321 
0.334124 0.345350 0.320445 0.000081 
0.342468 0.355246 0.281421 0.020864 
0.333041 0.346459 0.000019 0.320481 
0.336363 0.349598 0.000065 0.313974 
0.342806 0.352353 0.001503 0.303338 
0.341126 0.349370 0.000546 0.308957 
0.344671 0.349892 0.002438 0.302999 
0.348123 0.351227 0.012139 0.288511 
0.353316 0.358950 0.155434 0.132301 
0.355057 0.363608 0.175278 0.106057 
0.352820 0.363896 0.188709 0.094575 
0.353654 0.364844 0.199150 0.082352 
0.351918 0.363706 0.238023 0.046353 
0.349121 0.362484 0.008178 0.280217 
0.344189 0.359462 0.003292 0.293057 
0.334411 0.354480 0.000008 0.311100 
0.293216 0.339648 0.000000 0.367135 
0.341377 0.358558 0.010801 0.289264 
0.336894 0.352132 0.310883 0.000090 
0.344569 0.358512 0.055655 0.241264 
0.345149 0.355321 0.298040 0.001489 
0.351272 0.359214 0.241109 0.048405 
0.351226 0.355457 0.053757 0.239560 
0.349472 0.358348 0.062154 0.230026 
0.349727 0.347525 0.275743 0.027006 
0.343319 0.348074 0.002352 0.306255 
0.352970 0.349560 0.090856 0.206614 
0.352094 0.346174 0.221075 0.080657 
0.342897 0.339247 0.299714 0.018141 
0.333733 0.309005 0.353908 0.003353 
0.328772 0.306131 0.363581 0.001517 
0.337976 0.313941 0.347233 0.000850 
0.339083 0.324604 0.335924 0.000389 
0.345882 0.314478 0.332580 0.007059 
0.352141 0.244845 0.098219 0.304796 
0.352275 0.166342 0.281688 0.199695 
0.349298 0.083394 0.319951 0.247357 
0.347945 0.093581 0.326776 0.231698 
0.346421 0.225985 0.337933 0.089661 
0.341928 0.010822 0.335620 0.311629 
0.345700 0.150340 0.342655 0.161305 
0.342496 0.173307 0.353882 0.130315 
0.343651 0.100042 0.354311 0.201995 
0.342685 0.020905 0.345933 0.290476 
0.344813 0.042652 0.352295 0.260240 
0.348238 0.038086 0.307060 0.306616 
0.346210 0.123997 0.343357 0.186437 
0.340752 0.040315 0.368252 0.250681 
0.342559 0.115226 0.365075 0.177141 
0.335264 0.008711 0.369350 0.286675 
0.341525 0.000778 0.336818 0.320879 
0.326139 0.000442 0.365308 0.308110 
0.383658 0.102536 0.318385 0.195420 
0.360113 0.272693 0.346839 0.020354 
0.369143 0.255916 0.337635 0.037306 
0.376243 0.277309 0.329473 0.016975 
0.356207 0.299454 0.340032 0.004307 
