0.249942 0.250220 0.249378 0.250460 
0.272213 0.240261 0.214872 0.272654 
0.305391 0.304355 0.296546 0.093708 
0.329699 0.329875 0.325706 0.014720 
0.334012 0.333796 0.331707 0.000485 
0.336150 0.334857 0.326372 0.002620 
0.342474 0.342871 0.314655 0.000000 
0.350238 0.350177 0.299585 0.000000 
0.348252 0.348258 0.303490 0.000000 
0.348684 0.348281 0.303035 0.000000 
0.360410 0.360546 0.279043 0.000001 
0.352584 0.352577 0.294839 0.000000 
0.339831 0.339604 0.320564 0.000000 
0.340811 0.339268 0.319921 0.000000 
0.342640 0.334208 0.323152 0.000000 
0.342011 0.341350 0.316639 0.000000 
0.339440 0.342048 0.318512 0.000000 
0.336451 0.333156 0.330393 0.000000 
0.336365 0.325970 0.337665 0.000000 
0.334628 0.329907 0.335465 0.000000 
0.334640 0.332797 0.332564 0.000000 
0.343110 0.326328 0.330563 0.000000 
0.349423 0.332996 0.317581 0.000000 
0.339652 0.333497 0.326851 0.000000 
0.345112 0.331908 0.322981 0.000000 
0.349148 0.336621 0.314231 0.000000 
0.342836 0.333742 0.323422 0.000000 
0.340128 0.337827 0.322045 0.000000 
0.333738 0.333163 0.333099 0.000000 
0.338988 0.325357 0.335655 0.000000 
0.337452 0.324492 0.338056 0.000000 
0.335184 0.332966 0.331850 0.000000 
0.335656 0.330172 0.334172 0.000000 
0.336135 0.333914 0.329951 0.000000 
0.343909 0.340303 0.315788 0.000000 
0.356860 0.347652 0.295485 0.000002 
0.379018 0.359605 0.261340 0.000038 
0.378676 0.350695 0.241164 0.029465 
0.385961 0.365630 0.219503 0.028907 
0.376397 0.358434 0.265164 0.000006 
0.381853 0.353753 0.264296 0.000099 
0.388887 0.363296 0.247022 0.000796 
0.393039 0.363931 0.241724 0.001306 
0.398860 0.332461 0.268362 0.000317 
0.383480 0.337490 0.279024 0.000006 
0.366802 0.325054 0.308144 0.000000 
0.360676 0.334724 0.304600 0.000000 
0.364864 0.331126 0.304010 0.000000 
0.373547 0.330024 0.296429 0.000000 
0.394728 0.336042 0.269180 0.000051 
0.394821 0.352313 0.252475 0.000392 
0.403985 0.354893 0.236708 0.004414 
0.408751 0.371758 0.128434 0.091057 
0.409127 0.372077 0.104987 0.113808 
0.404897 0.371996 0.184151 0.038955 
0.406894 0.372920 0.070093 0.150093 
0.403611 0.381340 0.076755 0.138295 
0.403747 0.380504 0.099062 0.116687 
0.400189 0.376687 0.203552 0.019572 
0.406135 0.351675 0.050783 0.191406 
0.409477 0.367428 0.087736 0.135359 
0.415091 0.348575 0.183596 0.052738 
0.409678 0.351334 0.015136 0.223851 
0.418351 0.353137 0.114981 0.113530 
0.411408 0.352238 0.202000 0.034354 
0.411416 0.343779 0.008353 0.236452 
0.403125 0.336016 0.000499 0.260361 
0.390988 0.339608 0.000034 0.269371 
0.356384 0.280488 0.000004 0.363123 
0.377619 0.272279 0.000004 0.350099 
0.402729 0.305446 0.000012 0.291814 
0.404517 0.293401 0.000013 0.302069 
0.417399 0.301984 0.000311 0.280306 
0.380533 0.266796 0.000016 0.352656 
0.347970 0.230029 0.000019 0.421982 
0.397381 0.263481 0.000349 0.338789 
0.425946 0.292926 0.002285 0.278843 
0.417579 0.294833 0.000395 0.287192 
0.398371 0.276069 0.000829 0.324730 
0.408870 0.283805 0.283467 0.023857 
0.401760 0.284421 0.000325 0.313494 
0.396373 0.285783 0.000062 0.317781 
0.381184 0.259942 0.000038 0.358836 
0.379712 0.255583 0.001898 0.362806 
0.386014 0.198780 0.025695 0.389511 
0.387941 0.203734 0.014578 0.393746 
0.391429 0.156935 0.072227 0.379409 
0.401258 0.192539 0.031443 0.374759 
0.401763 0.176011 0.045956 0.376269 
0.400096 0.207123 0.019559 0.373222 
0.400072 0.174928 0.064819 0.360181 
0.400392 0.243527 0.002098 0.353983 
0.398634 0.225467 0.008421 0.367477 
0.388265 0.005108 0.227469 0.379159 
0.397617 0.191845 0.035285 0.375253 
0.394662 0.193318 0.031340 0.380680 
0.403733 0.151987 0.068108 0.376171 
0.408230 0.157277 0.068273 0.366221 
0.425656 0.107870 0.136388 0.330085 
0.400694 0.136056 0.081131 0.382119 
0.378942 0.000114 0.254175 0.366769 
0.429392 0.109266 0.135449 0.325893 
0.438166 0.147463 0.107417 0.306954 
0.428100 0.009384 0.262102 0.300414 
0.445478 0.105667 0.161847 0.287008 
0.440867 0.130374 0.124586 0.304173 
0.428077 0.110279 0.127472 0.334172 
0.429195 0.202948 0.045939 0.321918 
0.434599 0.120407 0.135179 0.309814 
0.433951 0.121744 0.125130 0.319175 
0.447221 0.057435 0.219537 0.275808 
0.422711 0.000851 0.294360 0.282078 
0.417147 0.002048 0.264265 0.316540 
0.415165 0.001445 0.270241 0.313149 
0.412886 0.005170 0.263921 0.318022 
0.408625 0.020617 0.232559 0.338199 
0.414700 0.023012 0.224265 0.338024 
0.416315 0.003251 0.279056 0.301378 
0.430562 0.038496 0.304773 0.226169 
0.432107 0.180608 0.311338 0.075947 
0.432558 0.102311 0.308937 0.156194 
0.423382 0.206096 0.327250 0.043271 
0.409979 0.209713 0.347587 0.032722 
0.396067 0.013750 0.362063 0.228119 
0.400907 0.017451 0.358697 0.222944 
0.346836 0.000000 0.307806 0.345357 
0.349023 0.000000 0.279142 0.371834 
0.396550 0.000034 0.283580 0.319836 
0.345631 0.007283 0.182784 0.464302 
0.298684 0.004188 0.159527 0.537601 
0.363260 0.076055 0.125351 0.435334 
0.416796 0.017399 0.236182 0.329623 
0.445977 0.166684 0.124582 0.262757 
0.436454 0.073758 0.187755 0.302033 
0.440614 0.106280 0.156837 0.296269 
0.440168 0.146798 0.112860 0.300174 
0.422534 0.063604 0.180753 0.333110 
0.404919 0.164567 0.064530 0.365985 
0.395459 0.113008 0.099535 0.391998 
0.307702 0.072991 0.066215 0.553092 
0.315661 0.091010 0.057229 0.536100 
0.245706 0.002310 0.125159 0.626826 
0.285810 0.000528 0.164242 0.549420 
0.351087 0.000381 0.222812 0.425719 
0.334874 0.000317 0.205859 0.458950 
0.432828 0.007715 0.280146 0.279311 
0.445108 0.101871 0.260778 0.192243 
0.440408 0.246168 0.259421 0.054002 
0.435930 0.167982 0.159174 0.236914 
0.429024 0.008332 0.274974 0.287671 
0.415543 0.004817 0.318991 0.260650 
0.391744 0.000579 0.349000 0.258678 
0.374583 0.000047 0.352677 0.272693 
0.369204 0.000089 0.345715 0.284991 
0.353018 0.000000 0.357194 0.289787 
0.358816 0.000005 0.353006 0.288173 
0.352658 0.000000 0.356645 0.290698 
0.354541 0.000000 0.340622 0.304837 
0.326630 0.000000 0.333641 0.339729 
0.330380 0.000000 0.328686 0.340934 
0.326535 0.000000 0.332800 0.340665 
0.337013 0.000000 0.324240 0.338747 
0.332871 0.000000 0.329303 0.337826 
0.334234 0.000000 0.318043 0.347723 
0.335051 0.000000 0.326462 0.338488 
0.335455 0.000000 0.318233 0.346312 
0.333966 0.000000 0.342354 0.323681 
0.334723 0.000000 0.331285 0.333993 
0.327181 0.000000 0.337345 0.335474 
0.337573 0.000000 0.346852 0.315574 
0.340545 0.000000 0.351589 0.307865 
0.342736 0.000000 0.351289 0.305975 
0.338007 0.000000 0.351860 0.310133 
0.358102 0.000002 0.372117 0.269778 
0.352436 0.000000 0.367120 0.280444 
0.338602 0.000000 0.350357 0.311041 
0.351102 0.000000 0.335974 0.312924 
0.370462 0.000001 0.333248 0.296289 
0.384306 0.000126 0.354291 0.261278 
0.379919 0.000022 0.346748 0.273311 
0.394084 0.001070 0.347112 0.257734 
0.411063 0.060027 0.351393 0.177517 
0.404180 0.080058 0.362646 0.153115 
0.412776 0.177621 0.353527 0.056077 
0.419866 0.220872 0.331887 0.027376 
0.414832 0.258259 0.323269 0.003639 
0.411775 0.108528 0.339730 0.139967 
0.411149 0.243788 0.339241 0.005822 
0.404637 0.257512 0.336973 0.000878 
0.414122 0.243052 0.332483 0.010342 
0.436109 0.078610 0.292403 0.192878 
0.445856 0.112302 0.262805 0.179037 
0.444731 0.152111 0.281372 0.121787 
0.450742 0.175299 0.212113 0.161847 
0.445286 0.056797 0.253905 0.244012 
0.404333 0.112686 0.107474 0.375507 
0.413963 0.156368 0.078458 0.351210 
0.425593 0.261702 0.007090 0.305616 
0.414584 0.337720 0.018905 0.228791 
0.389574 0.263813 0.001291 0.345322 
0.423066 0.277412 0.001631 0.297891 
0.385495 0.260526 0.000157 0.353821 
0.416358 0.289265 0.000231 0.294146 
0.438649 0.286223 0.024602 0.250526 
0.434004 0.316030 0.146113 0.103853 
0.442925 0.285678 0.173138 0.098259 
0.407253 0.316903 0.275376 0.000468 
0.406427 0.351078 0.150270 0.092225 
0.417869 0.324440 0.028233 0.229458 
0.415586 0.325739 0.012892 0.245783 
0.404539 0.316916 0.000345 0.278201 
0.372786 0.256152 0.000330 0.370732 
0.418740 0.037450 0.224968 0.318841 
0.427346 0.266419 0.016144 0.290091 
0.435726 0.163972 0.113264 0.287038 
0.430081 0.166604 0.101346 0.301968 
0.431313 0.177223 0.093758 0.297706 
0.417094 0.122799 0.126303 0.333804 
0.386030 0.133791 0.085186 0.394993 
0.329112 0.159985 0.018628 0.492276 
0.216908 0.068741 0.032246 0.682106 
0.260749 0.064076 0.057070 0.618105 
0.178375 0.039686 0.039434 0.742505 
0.168051 0.009719 0.067618 0.754612 
0.108262 0.005469 0.045141 0.841128 
0.131506 0.017540 0.041548 0.809407 
0.081667 0.003066 0.035669 0.879598 
0.117141 0.014870 0.036213 0.831775 
0.097880 0.000897 0.048002 0.853221 
0.054686 0.000000 0.059093 0.886221 
0.048552 0.000000 0.042365 0.909083 
0.024565 0.000000 0.028980 0.946455 
0.054923 0.000000 0.062318 0.882759 
0.080148 0.000000 0.072804 0.847048 
0.080125 0.000000 0.122297 0.797578 
0.159491 0.000000 0.272478 0.568031 
0.228038 0.000000 0.339250 0.432712 
0.172904 0.000000 0.217549 0.609547 
0.123506 0.000000 0.216036 0.660459 
0.194794 0.000000 0.195115 0.610091 
0.278196 0.000000 0.383903 0.337901 
0.320117 0.000000 0.404330 0.275553 
0.379239 0.000030 0.331491 0.289240 
0.329164 0.000000 0.338254 0.332582 
0.272516 0.000187 0.178390 0.548907 
0.310951 0.000000 0.268658 0.420391 
0.389992 0.001246 0.274213 0.334548 
0.359582 0.001053 0.246201 0.393164 
0.415107 0.050505 0.229600 0.304788 
0.408314 0.250411 0.026144 0.315131 
0.401516 0.242473 0.032442 0.323569 
0.363999 0.222424 0.010510 0.403068 
0.360063 0.162901 0.050345 0.426691 
0.317253 0.173710 0.010851 0.498185 
0.350837 0.223995 0.002665 0.422503 
0.342225 0.198885 0.009073 0.449818 
0.375756 0.249125 0.005735 0.369385 
0.394027 0.280595 0.001441 0.323937 
0.368516 0.257509 0.000601 0.373374 
0.348600 0.214478 0.010242 0.426680 
0.397338 0.276133 0.002595 0.323935 
0.427901 0.278866 0.234439 0.058794 
0.418278 0.313662 0.217166 0.050894 
0.427705 0.220961 0.211194 0.140140 
0.415519 0.054861 0.328024 0.201596 
0.390874 0.022035 0.375220 0.211871 
0.373173 0.000261 0.372975 0.253591 
0.364783 0.001276 0.399603 0.234339 
0.386380 0.000136 0.336286 0.277198 
0.392977 0.002174 0.324621 0.280229 
0.401952 0.037216 0.206152 0.354680 
0.394192 0.110341 0.107928 0.387539 
0.398230 0.148370 0.076661 0.376739 
0.417607 0.110323 0.129185 0.342884 
0.416550 0.100338 0.143612 0.339501 
0.446604 0.172056 0.243690 0.137651 
0.447509 0.234083 0.191009 0.127399 
0.444632 0.228318 0.190620 0.136430 
0.438375 0.276501 0.224329 0.060796 
0.420037 0.307847 0.225529 0.046588 
0.393562 0.362758 0.007914 0.235766 
0.391457 0.387980 0.155038 0.065525 
0.386399 0.399426 0.132808 0.081367 
0.388251 0.379668 0.177159 0.054922 
0.388816 0.378494 0.020711 0.211980 
0.356980 0.458452 0.091602 0.092966 
0.363801 0.436513 0.061150 0.138536 
0.374291 0.417484 0.054391 0.153834 
0.409354 0.349860 0.073280 0.167506 
0.406066 0.296572 0.000269 0.297093 
0.380065 0.315895 0.000020 0.304019 
0.393587 0.342658 0.000462 0.263293 
0.356076 0.454517 0.079992 0.109414 
0.372861 0.420224 0.177483 0.029432 
0.364191 0.416239 0.212474 0.007096 
0.399494 0.323203 0.275621 0.001682 
0.396027 0.310956 0.291280 0.001737 
0.390287 0.312061 0.297640 0.000012 
0.404651 0.252838 0.338457 0.004053 
0.411650 0.180951 0.351380 0.056019 
0.413487 0.201355 0.346743 0.038415 
0.409047 0.069730 0.359614 0.161609 
0.420996 0.111006 0.342205 0.125793 
0.398899 0.003821 0.353499 0.243781 
0.381967 0.001372 0.375537 0.241124 
0.387763 0.000595 0.359496 0.252146 
0.381234 0.000011 0.334426 0.284329 
0.387288 0.000025 0.333129 0.279558 
0.374536 0.000007 0.339266 0.286191 
0.360386 0.000000 0.333021 0.306593 
0.344305 0.000000 0.313260 0.342435 
0.364541 0.000001 0.276089 0.359368 
0.363329 0.000020 0.262325 0.374326 
0.348434 0.000000 0.293187 0.358380 
0.356969 0.000001 0.275694 0.367337 
0.369039 0.000099 0.253071 0.377791 
0.362402 0.000022 0.264043 0.373532 
0.346067 0.000000 0.315137 0.338797 
0.339246 0.000000 0.322200 0.338554 
0.336429 0.000000 0.313764 0.349807 
0.345971 0.000000 0.294752 0.359276 
0.354953 0.000001 0.277586 0.367460 
0.346928 0.000000 0.294086 0.358986 
0.342744 0.000000 0.305203 0.352053 
0.339592 0.000000 0.306033 0.354375 
0.362552 0.000000 0.306635 0.330813 
0.371421 0.000151 0.328340 0.300088 
0.389211 0.000240 0.342647 0.267902 
0.389721 0.000041 0.332590 0.277648 
0.395662 0.000016 0.293239 0.311082 
0.381274 0.000004 0.314785 0.303938 
0.364098 0.000000 0.318620 0.317282 
0.351275 0.000000 0.322393 0.326332 
0.340275 0.000000 0.322334 0.337391 
0.338237 0.000000 0.321173 0.340591 
0.335051 0.000000 0.322056 0.342893 
0.332188 0.000000 0.329769 0.338043 
0.330900 0.000000 0.328844 0.340256 
0.326577 0.000000 0.342077 0.331347 
0.329291 0.000000 0.340244 0.330465 
0.348679 0.000000 0.361014 0.290307 
0.347764 0.000000 0.354791 0.297445 
0.355421 0.000001 0.360804 0.283775 
0.372964 0.000161 0.382835 0.244040 
0.376280 0.006621 0.386471 0.230628 
0.380775 0.010183 0.391016 0.218026 
0.387661 0.131715 0.397167 0.083457 
0.392452 0.173277 0.389512 0.044759 
0.392163 0.201339 0.386313 0.020185 
0.400203 0.089571 0.383637 0.126589 
0.358048 0.000000 0.338255 0.303697 
0.369145 0.000000 0.312921 0.317934 
0.393539 0.000086 0.336805 0.269569 
0.404778 0.003697 0.344189 0.247337 
0.418378 0.120148 0.341779 0.119696 
0.401922 0.000394 0.329962 0.267722 
0.379610 0.000004 0.340431 0.279955 
0.401142 0.000489 0.336133 0.262237 
0.400196 0.000144 0.327804 0.271856 
0.435896 0.051740 0.300445 0.211919 
0.442172 0.115199 0.199464 0.243164 
0.447398 0.145812 0.276903 0.129886 
0.447530 0.093866 0.211308 0.247296 
0.446659 0.149103 0.126691 0.277548 
0.431359 0.129675 0.127230 0.311736 
0.429784 0.228274 0.028877 0.313065 
0.416441 0.258550 0.004307 0.320702 
0.400709 0.213736 0.029407 0.356148 
0.393914 0.212236 0.016495 0.377355 
0.397156 0.230504 0.007329 0.365010 
0.410103 0.210458 0.041646 0.337792 
0.426640 0.180184 0.080783 0.312393 
0.406763 0.241879 0.008486 0.342871 
0.426222 0.198129 0.056489 0.319161 
0.412499 0.014815 0.241825 0.330862 
0.419529 0.004035 0.272008 0.304428 
0.410092 0.005785 0.261477 0.322647 
0.432940 0.058058 0.204116 0.304886 
0.431865 0.142676 0.114717 0.310742 
0.440998 0.065290 0.246752 0.246960 
0.448960 0.213199 0.138152 0.199689 
0.448840 0.251533 0.130248 0.169379 
0.451856 0.175424 0.177084 0.195636 
0.444890 0.135997 0.250959 0.168153 
0.446273 0.256579 0.141836 0.155311 
0.446390 0.142685 0.279153 0.131772 
0.443470 0.126217 0.140306 0.290007 
0.396246 0.103155 0.107958 0.392642 
0.414935 0.088017 0.149757 0.347291 
0.381403 0.027275 0.188161 0.403161 
0.423336 0.006011 0.268185 0.302468 
0.415224 0.000662 0.304566 0.279548 
0.424063 0.120598 0.334182 0.121158 
0.434513 0.074295 0.306363 0.184830 
0.433737 0.024384 0.298824 0.243054 
0.433534 0.012885 0.258461 0.295119 
0.437819 0.012451 0.272267 0.277463 
0.438665 0.195634 0.088516 0.277185 
0.443115 0.108412 0.266460 0.182014 
0.432017 0.210165 0.300160 0.057659 
0.441639 0.066946 0.237472 0.253943 
0.433602 0.041119 0.218414 0.306864 
0.440257 0.064026 0.201014 0.294703 
0.428270 0.027626 0.224958 0.319146 
0.415804 0.123763 0.105632 0.354802 
0.397120 0.198089 0.021210 0.383580 
0.408310 0.186763 0.043688 0.361239 
0.423407 0.147562 0.085717 0.343314 
0.394747 0.206741 0.020142 0.378371 
0.389184 0.232357 0.001409 0.377050 
0.397321 0.229205 0.004083 0.369391 
0.406797 0.214100 0.016595 0.362508 
0.397772 0.220847 0.011116 0.370265 
0.391874 0.234821 0.001614 0.371691 
0.393525 0.228602 0.003529 0.374344 
0.389605 0.233765 0.002055 0.374574 
0.396958 0.188741 0.037106 0.377195 
0.391389 0.204217 0.012980 0.391415 
0.391828 0.082592 0.135139 0.390441 
0.396652 0.099260 0.109558 0.394531 
0.400199 0.090522 0.117768 0.391511 
0.396929 0.139944 0.067194 0.395933 
0.384424 0.006848 0.225144 0.383583 
0.395631 0.066448 0.148388 0.389533 
0.394836 0.041234 0.180219 0.383711 
0.386035 0.002819 0.225937 0.385209 
0.386734 0.004391 0.225944 0.382932 
0.393106 0.023330 0.192025 0.391539 
0.411298 0.108398 0.116572 0.363732 
0.390375 0.186134 0.033878 0.389613 
0.392227 0.094909 0.120896 0.391967 
0.397643 0.152516 0.056980 0.392861 
0.393427 0.187260 0.025941 0.393372 
0.390973 0.070119 0.151045 0.387864 
0.387611 0.003347 0.221794 0.387247 
0.378121 0.000026 0.254536 0.367317 
0.388052 0.005966 0.221830 0.384152 
0.396883 0.011180 0.217753 0.374183 
0.397904 0.119641 0.086299 0.396157 
0.395492 0.123890 0.085163 0.395455 
0.397256 0.107178 0.097727 0.397840 
0.395234 0.027193 0.187602 0.389971 
0.397047 0.088296 0.117943 0.396713 
0.396575 0.085726 0.126203 0.391496 
0.398111 0.085702 0.122417 0.393770 
0.392916 0.180256 0.034297 0.392530 
0.390604 0.085498 0.143383 0.380515 
0.373186 0.000002 0.272154 0.354658 
0.358908 0.000000 0.300977 0.340115 
0.344407 0.000000 0.356542 0.299051 
0.361688 0.000000 0.289760 0.348552 
0.377224 0.000003 0.290763 0.332010 
0.396177 0.002200 0.235386 0.366237 
0.413607 0.003737 0.250908 0.331747 
0.397853 0.000045 0.329383 0.272720 
0.381619 0.000021 0.357508 0.260852 
0.417484 0.000376 0.278638 0.303502 
0.384760 0.000000 0.318389 0.296851 
0.410608 0.002059 0.261923 0.325410 
0.396024 0.000012 0.280664 0.323301 
0.420709 0.000713 0.299609 0.278970 
0.407024 0.003503 0.347937 0.241535 
0.396907 0.054779 0.392259 0.156055 
0.427344 0.132145 0.337185 0.103326 
0.456434 0.231780 0.165255 0.146531 
0.448731 0.265772 0.047105 0.238392 
0.436869 0.298885 0.204543 0.059704 
0.433172 0.305398 0.016419 0.245012 
0.427352 0.306753 0.004556 0.261339 
0.406204 0.312453 0.000041 0.281302 
0.401630 0.285281 0.000017 0.313073 
0.394672 0.288341 0.000006 0.316981 
0.371367 0.287896 0.000000 0.340737 
0.374565 0.292500 0.000000 0.332934 
0.387393 0.309350 0.000003 0.303254 
0.397122 0.322032 0.000033 0.280813 
0.397541 0.331319 0.000096 0.271043 
0.397449 0.346701 0.000506 0.255345 
0.401306 0.365224 0.013655 0.219814 
0.405296 0.371713 0.131255 0.091736 
0.407578 0.369440 0.159118 0.063864 
0.407466 0.337628 0.253283 0.001623 
0.423859 0.333735 0.122734 0.119673 
0.432688 0.299912 0.245639 0.021761 
0.436020 0.288491 0.009730 0.265759 
0.424213 0.294256 0.000738 0.280793 
0.428153 0.298196 0.015878 0.257773 
0.411522 0.296943 0.291490 0.000044 
0.426643 0.304575 0.111085 0.157698 
0.438508 0.312529 0.115894 0.133069 
0.442362 0.302477 0.126646 0.128515 
0.438922 0.074218 0.212395 0.274466 
0.444187 0.262053 0.270354 0.023407 
0.450881 0.276903 0.152595 0.119621 
0.444904 0.270144 0.071231 0.213721 
0.446773 0.293305 0.129819 0.130103 
0.437509 0.314383 0.116018 0.132090 
0.430225 0.327837 0.129254 0.112684 
0.431333 0.321218 0.178114 0.069336 
0.429426 0.314580 0.058979 0.197014 
0.433850 0.298773 0.249704 0.017673 
0.404122 0.293056 0.000154 0.302668 
0.433122 0.295739 0.012015 0.259124 
0.407410 0.225747 0.011491 0.355352 
0.437827 0.156616 0.103856 0.301701 
0.421465 0.096417 0.140789 0.341329 
0.424738 0.251222 0.008374 0.315666 
0.448708 0.229244 0.090647 0.231401 
0.448835 0.259817 0.063774 0.227574 
0.453025 0.211392 0.204992 0.130591 
0.448227 0.130657 0.289020 0.132095 
0.441037 0.078923 0.301561 0.178479 
0.441126 0.058511 0.291899 0.208464 
0.446104 0.061059 0.281446 0.211390 
0.439390 0.011502 0.268048 0.281060 
0.431653 0.147842 0.100060 0.320445 
0.410362 0.059048 0.168731 0.361858 
0.407741 0.136109 0.083189 0.372961 
0.344910 0.061516 0.102699 0.490875 
0.292417 0.060190 0.067308 0.580085 
0.424500 0.122566 0.117403 0.335531 
0.411927 0.098241 0.126610 0.363222 
0.267018 0.042340 0.071723 0.618919 
0.287376 0.063400 0.062394 0.586830 
0.330453 0.110550 0.044464 0.514533 
0.383722 0.126307 0.072736 0.417235 
0.374292 0.084865 0.109440 0.431403 
0.411616 0.001937 0.258827 0.327620 
0.377792 0.000000 0.303641 0.318567 
0.390463 0.000298 0.356606 0.252633 
0.204667 0.000000 0.191268 0.604065 
0.168613 0.000000 0.263777 0.567610 
0.173569 0.000004 0.100980 0.725447 
0.275994 0.000000 0.202712 0.521294 
0.292308 0.000000 0.294180 0.413512 
0.297030 0.000000 0.343415 0.359555 
0.361097 0.000000 0.300497 0.338406 
0.365260 0.000028 0.242691 0.392020 
0.408903 0.000084 0.282211 0.308802 
0.401757 0.137871 0.382267 0.078104 
0.335751 0.076361 0.511347 0.076540 
0.321993 0.069884 0.534389 0.073735 
0.354031 0.087661 0.475523 0.082785 
0.394207 0.096349 0.400127 0.109317 
0.287266 0.005602 0.572203 0.134929 
0.321853 0.022835 0.521725 0.133588 
0.330912 0.079696 0.513856 0.075537 
0.356478 0.087538 0.467099 0.088884 
0.358311 0.000105 0.405044 0.236540 
0.410356 0.101522 0.359441 0.128682 
0.427082 0.117976 0.330126 0.124816 
0.433123 0.103363 0.314579 0.148935 
0.420660 0.121133 0.345172 0.113034 
0.432540 0.028743 0.295013 0.243704 
0.446959 0.280577 0.114721 0.157742 
0.440824 0.259205 0.270214 0.029757 
0.432955 0.016554 0.297846 0.252644 
0.436506 0.120316 0.128884 0.314293 
0.443294 0.142584 0.112840 0.301282 
0.437632 0.011815 0.267478 0.283075 
0.432211 0.015872 0.246051 0.305866 
0.423587 0.143421 0.097342 0.335650 
0.400483 0.000022 0.290885 0.308610 
0.411633 0.000527 0.269737 0.318102 
0.414253 0.014639 0.231709 0.339398 
0.414497 0.145715 0.088677 0.351111 
0.423820 0.048082 0.202134 0.325964 
0.412587 0.266430 0.002524 0.318459 
0.417847 0.267167 0.005639 0.309347 
0.388443 0.226215 0.008487 0.376856 
0.377076 0.253418 0.000088 0.369417 
0.355949 0.293254 0.000000 0.350797 
0.392143 0.227913 0.005389 0.374556 
0.398524 0.217638 0.016358 0.367480 
0.380073 0.222228 0.011043 0.386656 
0.392301 0.210583 0.015763 0.381354 
0.382974 0.269103 0.000079 0.347843 
0.395857 0.254542 0.000968 0.348633 
0.409143 0.162832 0.071604 0.356421 
0.415430 0.116861 0.118389 0.349320 
0.387547 0.006649 0.233318 0.372485 
0.418900 0.009314 0.258626 0.313160 
0.409103 0.000832 0.281342 0.308723 
0.432727 0.072901 0.255477 0.238895 
0.439472 0.160283 0.119007 0.281239 
0.442215 0.117490 0.275734 0.164561 
0.440256 0.116900 0.287450 0.155394 
0.441698 0.184946 0.249311 0.124045 
0.426337 0.077515 0.180972 0.315176 
0.406371 0.126128 0.111286 0.356215 
0.403625 0.097651 0.150858 0.347865 
0.379221 0.147093 0.066756 0.406931 
0.427315 0.152069 0.105525 0.315091 
0.437883 0.185852 0.092245 0.284019 
0.442369 0.138851 0.165802 0.252977 
0.447939 0.178997 0.181069 0.191994 
0.441417 0.271201 0.132530 0.154852 
0.441517 0.210192 0.216752 0.131538 
0.442345 0.159775 0.191483 0.206396 
0.440927 0.171739 0.197654 0.189680 
0.432734 0.092410 0.192952 0.281904 
0.442122 0.189454 0.155625 0.212799 
0.434373 0.107262 0.230394 0.227970 
0.431274 0.166322 0.226488 0.175916 
0.436931 0.137151 0.180893 0.245025 
0.428034 0.051447 0.222673 0.297847 
0.426231 0.054712 0.244505 0.274553 
0.433839 0.118764 0.158727 0.288669 
0.411692 0.001700 0.290140 0.296469 
0.390863 0.001849 0.335641 0.271647 
0.373343 0.002192 0.388941 0.235524 
0.378985 0.000038 0.345977 0.275001 
0.404067 0.000138 0.299318 0.296477 
0.417905 0.014580 0.309389 0.258126 
0.437829 0.250814 0.227181 0.084176 
0.441571 0.262215 0.133212 0.163003 
0.434504 0.068191 0.211211 0.286094 
0.436371 0.128632 0.133621 0.301376 
0.443158 0.130771 0.262487 0.163584 
0.445445 0.173173 0.228189 0.153193 
0.438614 0.131758 0.289486 0.140142 
0.424273 0.132318 0.327054 0.116354 
0.413991 0.114282 0.342836 0.128891 
0.392211 0.155772 0.390268 0.061750 
0.411489 0.198289 0.332025 0.058197 
0.392353 0.222548 0.374822 0.010277 
0.434126 0.188643 0.298846 0.078384 
0.447073 0.152499 0.149773 0.250655 
0.452633 0.164882 0.176738 0.205747 
0.427171 0.004950 0.268558 0.299322 
0.417147 0.107599 0.350929 0.124325 
0.397165 0.142507 0.389715 0.070613 
0.402808 0.001934 0.344296 0.250962 
0.384627 0.000016 0.333944 0.281412 
0.413635 0.001220 0.280809 0.304335 
0.418500 0.122770 0.106783 0.351946 
0.406695 0.076302 0.144475 0.372529 
0.395813 0.106949 0.099329 0.397909 
0.437634 0.207069 0.050552 0.304744 
0.441949 0.300385 0.119967 0.137699 
0.392549 0.232806 0.003998 0.370647 
0.417761 0.275084 0.000816 0.306339 
0.377706 0.216968 0.025348 0.379978 
0.280896 0.181779 0.000004 0.537321 
0.332997 0.200947 0.000251 0.465805 
0.350683 0.181741 0.009232 0.458344 
0.389678 0.168355 0.046653 0.395313 
0.408193 0.168984 0.065141 0.357683 
0.380698 0.008748 0.212684 0.397870 
0.389001 0.028134 0.197226 0.385639 
0.435005 0.013654 0.262711 0.288630 
0.445213 0.080609 0.191279 0.282900 
0.446698 0.142380 0.125787 0.285135 
0.444852 0.173122 0.090993 0.291033 
0.452911 0.185385 0.218085 0.143618 
0.443966 0.067788 0.218251 0.269995 
0.445766 0.080896 0.243152 0.230186 
0.450087 0.229831 0.181803 0.138279 
0.448252 0.203207 0.105404 0.243137 
0.452054 0.222946 0.165375 0.159624 
0.451085 0.136772 0.216793 0.195351 
0.444191 0.111558 0.283574 0.160677 
0.414795 0.157891 0.349860 0.077455 
0.432161 0.109772 0.313627 0.144441 
0.419172 0.088980 0.342156 0.149692 
0.409522 0.074132 0.350327 0.166019 
0.411958 0.219010 0.344788 0.024244 
0.444344 0.177886 0.230573 0.147196 
0.414748 0.201007 0.338770 0.045475 
0.416031 0.017224 0.333162 0.233583 
0.412575 0.001018 0.316282 0.270124 
0.366098 0.000286 0.403394 0.230222 
0.370348 0.009855 0.424753 0.195044 
0.377039 0.000499 0.387120 0.235342 
0.332735 0.058116 0.509548 0.099600 
0.383197 0.108806 0.414818 0.093180 
0.398900 0.001978 0.353056 0.246065 
0.375772 0.099225 0.433887 0.091115 
0.303603 0.000000 0.451118 0.245279 
0.147088 0.000000 0.432039 0.420873 
0.165518 0.000000 0.503117 0.331365 
0.279767 0.000000 0.432697 0.287536 
0.156311 0.000000 0.219419 0.624269 
0.152858 0.000000 0.273836 0.573307 
0.205995 0.000000 0.252105 0.541900 
0.370650 0.000009 0.372327 0.257015 
0.437032 0.069694 0.309267 0.184007 
0.439648 0.119912 0.311361 0.129080 
0.417987 0.015512 0.337385 0.229116 
0.409550 0.112905 0.372591 0.104954 
0.406493 0.060454 0.372253 0.160799 
0.409326 0.080002 0.369729 0.140944 
0.412449 0.110963 0.366860 0.109729 
0.377507 0.105974 0.433457 0.083062 
0.354444 0.000620 0.437341 0.207594 
0.331128 0.052804 0.514081 0.101988 
0.370503 0.039955 0.440023 0.149519 
0.295390 0.054964 0.577087 0.072559 
0.252486 0.046025 0.643309 0.058179 
0.231663 0.042028 0.675434 0.050876 
0.224645 0.013768 0.681053 0.080534 
0.199352 0.012807 0.718986 0.068854 
0.181374 0.032083 0.748514 0.038029 
0.309022 0.056267 0.555144 0.079567 
0.341124 0.076824 0.501173 0.080879 
0.237440 0.059652 0.665325 0.037583 
0.346118 0.078496 0.492674 0.082713 
0.304661 0.017704 0.554905 0.122731 
0.350469 0.060265 0.483600 0.105667 
0.337243 0.086895 0.507448 0.068413 
0.413827 0.030699 0.353004 0.202470 
0.443578 0.122373 0.303301 0.130749 
0.451754 0.275783 0.130568 0.141895 
0.451836 0.243922 0.167688 0.136555 
0.447791 0.269963 0.235122 0.047124 
0.451549 0.128166 0.222832 0.197453 
0.445753 0.163152 0.099416 0.291679 
0.435238 0.181627 0.071151 0.311984 
0.445596 0.181423 0.086533 0.286448 
0.445576 0.130287 0.130247 0.293890 
0.439507 0.187732 0.072890 0.299871 
0.447001 0.206308 0.272605 0.074086 
0.444359 0.268884 0.042719 0.244039 
0.450049 0.267666 0.144628 0.137657 
0.448467 0.246944 0.094472 0.210118 
0.446556 0.249271 0.162259 0.141913 
0.442274 0.275764 0.237869 0.044093 
0.430687 0.222115 0.310152 0.037046 
0.433965 0.231694 0.265090 0.069250 
0.424986 0.006786 0.296186 0.272042 
0.439062 0.166729 0.294719 0.099490 
0.425997 0.282402 0.288278 0.003322 
0.431205 0.284838 0.240665 0.043292 
0.424965 0.273907 0.259449 0.041679 
0.422518 0.262587 0.306680 0.008215 
0.421241 0.241943 0.319327 0.017489 
0.423799 0.279417 0.292192 0.004591 
0.431306 0.269749 0.284307 0.014638 
0.438419 0.296371 0.128434 0.136776 
0.425268 0.285204 0.009444 0.280083 
0.442645 0.254141 0.094923 0.208291 
0.444417 0.219486 0.115461 0.220635 
0.444107 0.275343 0.075415 0.205135 
0.441480 0.285602 0.041560 0.231359 
0.438497 0.302086 0.196491 0.062926 
0.431051 0.311313 0.230079 0.027557 
0.435652 0.303765 0.210188 0.050396 
0.426402 0.318207 0.039239 0.216152 
0.442235 0.296858 0.130502 0.130405 
0.441453 0.301186 0.141515 0.115846 
0.422566 0.294161 0.000912 0.282361 
0.429567 0.300576 0.008033 0.261824 
0.441537 0.294939 0.077230 0.186294 
0.442771 0.298687 0.132625 0.125917 
0.450922 0.259073 0.120170 0.169835 
0.450725 0.273185 0.141310 0.134780 
0.419737 0.209241 0.038133 0.332888 
0.432100 0.200047 0.053439 0.314415 
0.407574 0.131476 0.087507 0.373443 
0.345534 0.109887 0.054259 0.490320 
0.428278 0.004793 0.300887 0.266041 
0.428016 0.008089 0.307622 0.256273 
0.429984 0.021786 0.310907 0.237323 
0.435893 0.053522 0.309570 0.201014 
0.443252 0.137405 0.302262 0.117082 
0.427978 0.001043 0.282848 0.288131 
0.430116 0.001613 0.281112 0.287159 
0.448367 0.092640 0.280643 0.178349 
0.441379 0.092009 0.168132 0.298479 
0.448855 0.069462 0.214664 0.267019 
0.422784 0.000986 0.273145 0.303085 
0.412580 0.000773 0.268623 0.318024 
0.451490 0.080906 0.236024 0.231580 
0.452652 0.239439 0.146578 0.161332 
0.447084 0.251773 0.054259 0.246884 
0.437532 0.267350 0.272097 0.023021 
0.432784 0.057845 0.251714 0.257657 
0.429288 0.048058 0.217755 0.304900 
0.428943 0.011052 0.304033 0.255972 
0.422424 0.006732 0.279224 0.291619 
0.380324 0.000022 0.296440 0.323214 
0.378668 0.000003 0.316203 0.305126 
0.380153 0.000007 0.283774 0.336066 
0.371175 0.000000 0.292524 0.336301 
0.371179 0.000000 0.289720 0.339100 
0.385372 0.000008 0.277674 0.336947 
0.397548 0.000012 0.319287 0.283153 
0.381239 0.000000 0.311019 0.307742 
0.378965 0.000000 0.307831 0.313204 
0.381292 0.000004 0.274079 0.344626 
0.370072 0.000004 0.261225 0.368699 
0.387869 0.001957 0.229133 0.381040 
0.396648 0.116207 0.091368 0.395777 
0.396679 0.053600 0.159007 0.390715 
0.400386 0.089659 0.124759 0.385196 
0.390480 0.214733 0.008489 0.386298 
0.399645 0.111511 0.117246 0.371598 
0.408079 0.119075 0.102148 0.370698 
0.396669 0.102491 0.103430 0.397410 
0.397630 0.088396 0.120482 0.393492 
0.400364 0.084987 0.128504 0.386145 
0.395814 0.101586 0.104229 0.398371 
0.393766 0.032752 0.180707 0.392775 
0.401922 0.074631 0.139383 0.384064 
0.404934 0.099678 0.114765 0.380624 
0.413648 0.100245 0.121280 0.364827 
0.397425 0.075528 0.133474 0.393572 
0.399791 0.096486 0.110936 0.392787 
0.406871 0.107152 0.107387 0.378589 
0.409494 0.115516 0.103118 0.371872 
0.422558 0.051919 0.189944 0.335580 
0.418137 0.131351 0.096058 0.354454 
0.410761 0.104777 0.113323 0.371140 
0.413060 0.071783 0.153404 0.361752 
0.417219 0.089151 0.139456 0.354174 
0.427332 0.176787 0.063668 0.332212 
0.418174 0.173361 0.057946 0.350519 
0.415386 0.143574 0.088015 0.353025 
0.426206 0.148536 0.089699 0.335559 
0.406005 0.010655 0.225540 0.357800 
0.415950 0.095855 0.127938 0.360257 
0.421957 0.022414 0.225251 0.330379 
0.417445 0.062136 0.178730 0.341689 
0.413082 0.079185 0.143142 0.364591 
0.408672 0.101743 0.115239 0.374346 
0.392081 0.023009 0.195261 0.389649 
0.392595 0.006351 0.220980 0.380074 
0.399202 0.092985 0.115801 0.392012 
0.406599 0.165324 0.054044 0.374034 
0.407476 0.164002 0.055775 0.372746 
0.393676 0.013766 0.212162 0.380396 
0.391676 0.019776 0.197277 0.391271 
0.397863 0.098165 0.107153 0.396819 
0.406448 0.110334 0.105955 0.377263 
0.405586 0.006528 0.231875 0.356012 
0.404434 0.102229 0.108953 0.384383 
0.408188 0.006326 0.234757 0.350730 
0.435009 0.128224 0.118524 0.318243 
0.440213 0.138881 0.112870 0.308035 
0.415250 0.180797 0.049806 0.354146 
0.426191 0.208834 0.037159 0.327816 
0.424347 0.077767 0.178387 0.319499 
0.423934 0.005752 0.256555 0.313759 
0.423159 0.002895 0.311027 0.262919 
0.409117 0.000102 0.285447 0.305334 
0.413792 0.000067 0.291246 0.294895 
0.386869 0.000001 0.289748 0.323382 
0.368926 0.000000 0.339660 0.291414 
0.370873 0.000000 0.310656 0.318471 
0.343502 0.000000 0.324478 0.332021 
0.345741 0.000000 0.310868 0.343391 
0.362115 0.000000 0.282115 0.355770 
0.372557 0.000003 0.273858 0.353582 
0.384403 0.000470 0.250953 0.364174 
0.384835 0.003278 0.225246 0.386641 
0.403655 0.131607 0.082093 0.382645 
0.405274 0.024861 0.202816 0.367049 
0.398804 0.001858 0.241810 0.357528 
0.414015 0.059504 0.167899 0.358581 
0.406488 0.016436 0.220639 0.356437 
0.404822 0.000034 0.286503 0.308640 
0.399747 0.000011 0.289082 0.311160 
0.413395 0.004337 0.248865 0.333403 
0.407431 0.075533 0.143525 0.373511 
0.409174 0.100383 0.124591 0.365852 
0.402063 0.183064 0.039467 0.375406 
0.391929 0.014999 0.222965 0.370107 
0.401386 0.051982 0.178715 0.367917 
0.377837 0.000008 0.274271 0.347885 
0.412593 0.055821 0.173690 0.357895 
0.403262 0.000598 0.256656 0.339485 
0.427092 0.036029 0.211213 0.325666 
0.443088 0.131749 0.125239 0.299924 
0.425326 0.130754 0.105153 0.338767 
0.421252 0.173473 0.066051 0.339224 
0.405083 0.165302 0.056519 0.373096 
0.364013 0.000001 0.284227 0.351758 
0.341344 0.000000 0.323661 0.334995 
0.321633 0.000000 0.382212 0.296154 
0.339097 0.000000 0.333794 0.327109 
0.401444 0.000018 0.287590 0.310947 
0.421071 0.005182 0.264480 0.309267 
0.414055 0.000359 0.308786 0.276800 
0.442547 0.113731 0.144070 0.299653 
0.446956 0.043192 0.243318 0.266534 
0.384401 0.000290 0.372753 0.242556 
0.392939 0.001984 0.364154 0.240923 
0.409507 0.000233 0.290299 0.299960 
0.429177 0.002741 0.275440 0.292643 
0.439753 0.053153 0.217326 0.289768 
0.435740 0.048964 0.212722 0.302575 
0.421197 0.187677 0.058888 0.332238 
0.427116 0.220044 0.037283 0.315557 
0.438630 0.175755 0.087239 0.298375 
0.445140 0.230927 0.112618 0.211315 
0.452959 0.209310 0.156276 0.181456 
0.455235 0.196333 0.164030 0.184402 
0.441216 0.099792 0.155458 0.303534 
0.448230 0.132617 0.285165 0.133988 
0.454775 0.189756 0.173864 0.181605 
0.454631 0.153204 0.170517 0.221648 
0.435677 0.143653 0.313418 0.107251 
0.421367 0.016612 0.326076 0.235945 
0.420774 0.038655 0.334794 0.205778 
0.436792 0.109062 0.307442 0.146704 
0.418465 0.007715 0.316972 0.256848 
0.395744 0.000040 0.328338 0.275878 
0.403698 0.045746 0.368721 0.181834 
0.414045 0.113656 0.345537 0.126762 
0.407632 0.172376 0.362234 0.057759 
0.422625 0.006779 0.312568 0.258028 
0.420994 0.000791 0.297966 0.280249 
0.436961 0.192986 0.304695 0.065358 
0.374861 0.001235 0.244034 0.379870 
0.354881 0.000000 0.286969 0.358151 
0.288472 0.000000 0.223116 0.488412 
0.291738 0.000000 0.248406 0.459856 
0.342266 0.000000 0.342591 0.315143 
0.331400 0.000000 0.312963 0.355636 
0.278410 0.000000 0.249163 0.472427 
0.282513 0.000000 0.239771 0.477716 
0.252270 0.000000 0.195746 0.551984 
0.284955 0.000000 0.222138 0.492908 
0.205683 0.000000 0.171806 0.622511 
0.372188 0.000000 0.305123 0.322689 
0.403691 0.000028 0.300315 0.295966 
0.418764 0.003758 0.263053 0.314425 
0.436864 0.018656 0.247206 0.297274 
0.346440 0.013246 0.166005 0.474308 
0.437549 0.141288 0.120600 0.300563 
0.442892 0.019523 0.273540 0.264044 
0.451162 0.157444 0.268954 0.122440 
0.454282 0.190313 0.130512 0.224894 
0.453360 0.135311 0.150579 0.260750 
0.444997 0.052331 0.284510 0.218162 
0.446957 0.215355 0.271665 0.066023 
0.447320 0.188557 0.082038 0.282085 
0.455221 0.234683 0.162355 0.147740 
0.439015 0.268080 0.011003 0.281902 
0.434365 0.295917 0.009087 0.260632 
0.446548 0.276188 0.054009 0.223255 
0.441011 0.295520 0.044002 0.219467 
0.422930 0.301108 0.000765 0.275197 
0.418819 0.305151 0.266924 0.009106 
0.425844 0.285921 0.278009 0.010226 
0.428824 0.026093 0.277083 0.268000 
0.402871 0.000336 0.272831 0.323962 
0.408344 0.117798 0.101482 0.372376 
0.391869 0.002766 0.229252 0.376114 
0.419077 0.133257 0.094558 0.353108 
0.425987 0.207574 0.037577 0.328862 
0.423015 0.132109 0.101443 0.343434 
0.436007 0.137050 0.108104 0.318839 
0.428564 0.038209 0.210081 0.323145 
0.427396 0.107878 0.127187 0.337539 
0.418005 0.034456 0.202517 0.345022 
0.421262 0.231390 0.015826 0.331522 
0.431776 0.077818 0.175596 0.314810 
0.402030 0.182831 0.036386 0.378753 
0.401931 0.160169 0.061151 0.376748 
0.392302 0.212438 0.008786 0.386474 
0.395328 0.206036 0.014438 0.384198 
0.401464 0.169378 0.080537 0.348621 
0.411059 0.243578 0.008142 0.337222 
0.428778 0.251888 0.010587 0.308747 
0.441779 0.266692 0.018968 0.272561 
0.442223 0.295010 0.191612 0.071155 
0.435676 0.316246 0.077630 0.170448 
0.437597 0.316015 0.114873 0.131514 
0.441096 0.303253 0.143386 0.112266 
0.434681 0.312817 0.048260 0.204242 
0.431976 0.316319 0.042720 0.208984 
0.439393 0.308885 0.136946 0.114776 
0.428755 0.288274 0.280620 0.002351 
0.429143 0.322555 0.192047 0.056255 
0.408148 0.314812 0.000147 0.276892 
0.413340 0.337410 0.008458 0.240792 
0.402155 0.327328 0.000153 0.270364 
0.390890 0.317379 0.000002 0.291729 
0.394782 0.300525 0.000003 0.304690 
0.398246 0.260482 0.000224 0.341048 
0.392173 0.242828 0.000906 0.364092 
0.407215 0.271821 0.000177 0.320787 
0.393698 0.297246 0.000004 0.309052 
0.405619 0.315029 0.000245 0.279107 
0.382582 0.305293 0.000001 0.312123 
0.395162 0.303915 0.000004 0.300919 
0.381312 0.286143 0.000001 0.332544 
0.407542 0.302769 0.000061 0.289628 
0.390015 0.284009 0.000039 0.325937 
0.380675 0.275652 0.000015 0.343658 
0.387305 0.263267 0.000143 0.349285 
0.401452 0.256324 0.000549 0.341675 
0.392612 0.243589 0.001523 0.362276 
0.404278 0.248498 0.001600 0.345625 
0.413799 0.251531 0.003484 0.331186 
0.416201 0.239751 0.009078 0.334970 
0.428671 0.206053 0.040574 0.324702 
0.424315 0.109311 0.123178 0.343196 
0.404580 0.075333 0.140763 0.379324 
