0.252377 0.250445 0.244527 0.252651 
0.268838 0.219687 0.255558 0.255917 
0.324225 0.339408 0.330141 0.006226 
0.329546 0.341055 0.329399 0.000001 
0.323184 0.352510 0.324306 0.000000 
0.308225 0.376291 0.314698 0.000785 
0.291006 0.356587 0.349081 0.003326 
0.281888 0.351632 0.366478 0.000001 
0.264337 0.351584 0.384078 0.000001 
0.283188 0.367595 0.349216 0.000001 
0.285570 0.377095 0.336864 0.000471 
0.297386 0.373833 0.328774 0.000007 
0.309098 0.371932 0.318970 0.000000 
0.318360 0.354126 0.327514 0.000000 
0.329201 0.340990 0.329810 0.000000 
0.316602 0.366766 0.316631 0.000001 
0.323227 0.349926 0.326847 0.000000 
0.319443 0.355364 0.325193 0.000000 
0.307633 0.357063 0.335304 0.000000 
0.291817 0.355431 0.352752 0.000000 
0.288506 0.377496 0.333998 0.000000 
0.292100 0.364905 0.334226 0.008770 
0.291160 0.050004 0.332883 0.325953 
0.290820 0.396202 0.312578 0.000400 
0.290021 0.357273 0.352705 0.000000 
0.289579 0.377177 0.333244 0.000000 
0.305471 0.387697 0.306832 0.000000 
0.307375 0.382224 0.310401 0.000000 
0.312324 0.370854 0.316821 0.000000 
0.310267 0.380603 0.309130 0.000000 
0.297839 0.399965 0.302185 0.000012 
0.298498 0.391118 0.310383 0.000000 
0.292814 0.400907 0.306278 0.000001 
0.294712 0.399151 0.306137 0.000000 
0.286062 0.399123 0.314814 0.000000 
0.280218 0.414834 0.304947 0.000001 
0.273360 0.410457 0.316182 0.000002 
0.260007 0.444344 0.294125 0.001523 
0.253553 0.447360 0.294331 0.004756 
0.242195 0.432587 0.325006 0.000212 
0.235389 0.422914 0.341295 0.000402 
0.231692 0.446872 0.319524 0.001912 
0.216144 0.411963 0.369168 0.002726 
0.213219 0.410756 0.371589 0.004436 
0.233411 0.426900 0.338419 0.001270 
0.241475 0.438621 0.319018 0.000887 
0.258570 0.403940 0.337422 0.000068 
0.256592 0.452403 0.290834 0.000171 
0.242244 0.247983 0.267954 0.241818 
0.240326 0.473006 0.282769 0.003899 
0.237518 0.472733 0.246267 0.043482 
0.246139 0.485055 0.256788 0.012018 
0.239898 0.479565 0.270068 0.010469 
0.240428 0.068532 0.251449 0.439591 
0.236286 0.056122 0.256179 0.451413 
0.223392 0.313300 0.261009 0.202299 
0.219843 0.374948 0.283196 0.122012 
0.229924 0.449217 0.304867 0.015991 
0.235887 0.438657 0.324561 0.000894 
0.227180 0.421507 0.350101 0.001212 
0.255572 0.056175 0.336970 0.351283 
0.308531 0.000007 0.376262 0.315199 
0.304642 0.000001 0.378698 0.316659 
0.257381 0.054695 0.271140 0.416785 
0.239220 0.397528 0.295506 0.067746 
0.255936 0.441570 0.301402 0.001092 
0.240936 0.445183 0.313264 0.000617 
0.218690 0.413383 0.366913 0.001014 
0.209131 0.396923 0.392167 0.001778 
0.203255 0.373539 0.060782 0.362424 
0.188373 0.367292 0.210573 0.233762 
0.203050 0.394434 0.007194 0.395322 
0.193874 0.376687 0.078370 0.351069 
0.192637 0.376918 0.372391 0.058054 
0.207158 0.391418 0.035800 0.365624 
0.246940 0.497382 0.019041 0.236637 
0.227496 0.157958 0.332953 0.281593 
0.232477 0.014599 0.432332 0.320592 
0.261987 0.004286 0.498176 0.235551 
0.341041 0.000097 0.577839 0.081022 
0.297011 0.000021 0.483568 0.219400 
0.473227 0.000000 0.381382 0.145392 
0.486337 0.000000 0.126982 0.386681 
0.591316 0.000000 0.196680 0.212004 
0.352166 0.000000 0.289641 0.358193 
0.456954 0.000000 0.380200 0.162846 
0.505874 0.000000 0.273630 0.220496 
0.503350 0.000000 0.410651 0.085999 
0.329806 0.000001 0.461726 0.208468 
0.305700 0.133053 0.513281 0.047967 
0.312404 0.050216 0.602429 0.034951 
0.318802 0.556965 0.119456 0.004777 
0.310115 0.392946 0.291809 0.005129 
0.309873 0.299339 0.384084 0.006704 
0.314629 0.153471 0.524737 0.007164 
0.297195 0.310730 0.353785 0.038289 
0.291893 0.334650 0.332913 0.040544 
0.199777 0.231020 0.240986 0.328217 
0.183638 0.141160 0.325018 0.350183 
0.179695 0.175277 0.289298 0.355730 
0.174602 0.272927 0.291451 0.261019 
0.187249 0.059281 0.380902 0.372567 
0.193057 0.039897 0.386545 0.380501 
0.192964 0.024475 0.392772 0.389789 
0.184630 0.214796 0.223854 0.376720 
0.178766 0.208609 0.336010 0.276615 
0.182084 0.293245 0.376846 0.147825 
0.202532 0.408936 0.364442 0.024090 
0.194790 0.161032 0.371921 0.272256 
0.206407 0.406921 0.347549 0.039124 
0.247743 0.492838 0.251212 0.008207 
0.281536 0.553866 0.156940 0.007658 
0.275192 0.536130 0.184069 0.004609 
0.259304 0.500920 0.236620 0.003157 
0.288730 0.514768 0.189298 0.007205 
0.268348 0.408098 0.207726 0.115828 
0.297404 0.551737 0.147371 0.003488 
0.302741 0.004058 0.170696 0.522504 
0.257839 0.004285 0.241629 0.496248 
0.290312 0.000001 0.276536 0.433151 
0.367635 0.000001 0.108146 0.524218 
0.303197 0.039838 0.061941 0.595024 
0.283466 0.348908 0.065677 0.301948 
0.288954 0.393210 0.057492 0.260344 
0.309160 0.252136 0.037852 0.400851 
0.305308 0.448440 0.032349 0.213903 
0.295129 0.187179 0.061667 0.456025 
0.310429 0.037625 0.077747 0.574198 
0.284492 0.464311 0.134100 0.117097 
0.233415 0.449595 0.309797 0.007192 
0.225497 0.454921 0.303318 0.016264 
0.248779 0.477527 0.269799 0.003894 
0.235844 0.455455 0.305458 0.003243 
0.255552 0.410961 0.333473 0.000014 
0.259504 0.357750 0.382730 0.000016 
0.223575 0.404222 0.005494 0.366708 
0.210122 0.304621 0.294342 0.190915 
0.204659 0.314057 0.228443 0.252841 
0.212403 0.344351 0.429202 0.014044 
0.215653 0.416891 0.365426 0.002029 
0.235725 0.000737 0.325605 0.437933 
0.241014 0.003200 0.295423 0.460364 
0.297980 0.000000 0.361132 0.340888 
0.306981 0.000000 0.399886 0.293133 
0.263165 0.000025 0.304594 0.432216 
0.342923 0.000000 0.354532 0.302545 
0.300260 0.000000 0.334418 0.365322 
0.224796 0.203613 0.254258 0.317332 
0.211569 0.259049 0.299842 0.229541 
0.214596 0.174336 0.287914 0.323154 
0.203143 0.239107 0.321634 0.236117 
0.201357 0.076576 0.348122 0.373945 
0.204714 0.223909 0.315558 0.255818 
0.210435 0.280028 0.297380 0.212157 
0.203329 0.011215 0.381339 0.404118 
0.209859 0.002683 0.399034 0.388425 
0.236597 0.000187 0.419069 0.344147 
0.291406 0.000015 0.465212 0.243367 
0.260000 0.000012 0.410082 0.329906 
0.287923 0.000600 0.512351 0.199125 
0.297612 0.006953 0.580123 0.115312 
0.299416 0.011295 0.552288 0.137001 
0.273466 0.005579 0.512093 0.208862 
0.272920 0.000005 0.396735 0.330340 
0.349721 0.000004 0.515654 0.134621 
0.388236 0.000002 0.547486 0.064276 
0.357035 0.000000 0.415947 0.227018 
0.306063 0.000000 0.343645 0.350292 
0.251865 0.002055 0.291542 0.454539 
0.239752 0.000150 0.345968 0.414130 
0.228216 0.006724 0.342242 0.422818 
0.203204 0.310133 0.336885 0.149778 
0.209087 0.363600 0.334940 0.092373 
0.209064 0.283507 0.301596 0.205833 
0.213651 0.110429 0.327107 0.348813 
0.210521 0.396165 0.318535 0.074779 
0.218331 0.021347 0.323683 0.436638 
0.195861 0.089824 0.376209 0.338106 
0.198558 0.264688 0.334516 0.202239 
0.207380 0.224269 0.305920 0.262431 
0.211084 0.021246 0.349536 0.418134 
0.217628 0.002803 0.367997 0.411573 
0.211208 0.002308 0.402996 0.383489 
0.198783 0.020027 0.375985 0.405205 
0.226490 0.000165 0.388574 0.384771 
0.221181 0.000672 0.399026 0.379121 
0.204732 0.005423 0.380111 0.409734 
0.197288 0.198794 0.341099 0.262819 
0.197192 0.340755 0.351903 0.110150 
0.209876 0.412448 0.338536 0.039140 
0.209973 0.025813 0.341900 0.422315 
0.194109 0.225923 0.350541 0.229426 
0.193604 0.211899 0.354673 0.239824 
0.189782 0.257136 0.373541 0.179541 
0.200590 0.120889 0.312223 0.366298 
0.204527 0.024396 0.408090 0.362987 
0.211470 0.001567 0.392824 0.394138 
0.218417 0.001923 0.379407 0.400253 
0.227934 0.000678 0.418397 0.352991 
0.219102 0.000540 0.381799 0.398560 
0.198517 0.037400 0.371340 0.392744 
0.183586 0.228827 0.374923 0.212664 
0.191103 0.240320 0.206468 0.362109 
0.183467 0.344134 0.321093 0.151306 
0.187115 0.378219 0.343548 0.091118 
0.188162 0.379238 0.083559 0.349042 
0.190835 0.371498 0.256505 0.181162 
0.194535 0.361541 0.199292 0.244632 
0.207824 0.407835 0.357198 0.027143 
0.211429 0.406158 0.330841 0.051572 
0.211993 0.200441 0.328398 0.259168 
0.251484 0.366473 0.198104 0.183939 
0.245949 0.345323 0.214434 0.194294 
0.216980 0.032151 0.324416 0.426453 
0.205766 0.329049 0.325023 0.140162 
0.209524 0.365816 0.323743 0.100917 
0.215869 0.405649 0.312643 0.065838 
0.208799 0.060993 0.350830 0.379379 
0.223226 0.016052 0.316331 0.444391 
0.197641 0.066953 0.366939 0.368467 
0.262363 0.000216 0.276087 0.461334 
0.298741 0.001016 0.168662 0.531581 
0.331050 0.000056 0.125921 0.542973 
0.262096 0.308164 0.134826 0.294915 
0.241331 0.249991 0.203100 0.305578 
0.269292 0.331290 0.113636 0.285781 
0.232385 0.122243 0.280000 0.365372 
0.207370 0.124441 0.322783 0.345406 
0.219048 0.014497 0.326082 0.440373 
0.208145 0.105727 0.320209 0.365919 
0.252044 0.297536 0.161615 0.288805 
0.380856 0.000000 0.214216 0.404928 
0.524651 0.000000 0.100215 0.375134 
0.318535 0.030188 0.049631 0.601646 
0.308054 0.087120 0.041933 0.562893 
0.379962 0.000068 0.002193 0.617776 
0.336313 0.018539 0.003502 0.641647 
0.370984 0.000109 0.010721 0.618187 
0.317565 0.289305 0.000130 0.393000 
0.319311 0.285090 0.000014 0.395586 
0.336061 0.631851 0.000259 0.031829 
0.331264 0.601948 0.000340 0.066447 
0.352923 0.639258 0.004442 0.003378 
0.364994 0.621884 0.012777 0.000345 
0.356547 0.622232 0.008501 0.012720 
0.354021 0.641950 0.000118 0.003910 
0.346149 0.640691 0.000427 0.012733 
0.352559 0.639899 0.002319 0.005223 
0.336503 0.629158 0.001941 0.032398 
0.331576 0.215346 0.008674 0.444404 
0.368707 0.000395 0.003987 0.626911 
0.389936 0.000006 0.018244 0.591815 
0.353467 0.000069 0.063243 0.583221 
0.347997 0.001483 0.034902 0.615619 
0.385402 0.000000 0.111175 0.503423 
0.280996 0.000001 0.306200 0.412803 
0.249413 0.004796 0.256696 0.489095 
0.244823 0.296428 0.213347 0.245402 
0.199726 0.332242 0.340084 0.127948 
0.238767 0.474307 0.268275 0.018651 
0.238993 0.451027 0.297752 0.012227 
0.219415 0.418105 0.360871 0.001609 
0.202228 0.404996 0.360556 0.032220 
0.218009 0.428580 0.350023 0.003387 
0.222007 0.405517 0.371929 0.000547 
0.211790 0.354312 0.191263 0.242635 
0.236175 0.390240 0.373554 0.000032 
0.220407 0.361528 0.131696 0.286369 
0.204158 0.355919 0.338751 0.101172 
0.206630 0.382222 0.003794 0.407354 
0.216902 0.383417 0.006402 0.393279 
0.219735 0.367235 0.014960 0.398071 
0.227701 0.405072 0.000358 0.366868 
0.222990 0.425875 0.006811 0.344324 
0.230843 0.397374 0.000186 0.371596 
0.248304 0.418802 0.000117 0.332777 
0.213460 0.401653 0.025427 0.359460 
0.228483 0.411135 0.075595 0.284787 
0.223907 0.397741 0.102346 0.276006 
0.200138 0.379137 0.060215 0.360509 
0.178219 0.289683 0.296071 0.236026 
0.182961 0.291382 0.362210 0.163447 
0.177690 0.277331 0.260058 0.284921 
0.181386 0.279782 0.219208 0.319624 
0.183405 0.280995 0.289827 0.245773 
0.187348 0.294472 0.188801 0.329379 
0.199806 0.382588 0.040495 0.377111 
0.198811 0.349728 0.268706 0.182756 
0.199416 0.340739 0.227516 0.232329 
0.216616 0.341718 0.429780 0.011886 
0.210191 0.357231 0.013907 0.418671 
0.199912 0.343640 0.166372 0.290076 
0.214274 0.384286 0.399753 0.001687 
0.209733 0.314659 0.267614 0.207993 
0.216086 0.357989 0.366508 0.059417 
0.238469 0.443951 0.316802 0.000777 
0.250251 0.425548 0.324145 0.000056 
0.215680 0.383977 0.393455 0.006887 
0.236484 0.399043 0.364404 0.000069 
0.197802 0.349981 0.156863 0.295354 
0.209767 0.356164 0.017349 0.416720 
0.194487 0.360001 0.135782 0.309731 
0.196365 0.369067 0.372867 0.061701 
0.188787 0.368483 0.212533 0.230197 
0.183671 0.377167 0.220521 0.218641 
0.184188 0.377318 0.164807 0.273687 
0.187500 0.375843 0.248209 0.188449 
0.186849 0.371194 0.229943 0.212014 
0.189150 0.369682 0.297667 0.143501 
0.190523 0.365079 0.279570 0.164827 
0.216799 0.380774 0.000677 0.401750 
0.195867 0.348666 0.305967 0.149500 
0.192551 0.361750 0.297428 0.148271 
0.204608 0.368020 0.025865 0.401507 
0.206762 0.367728 0.408604 0.016906 
0.218587 0.359931 0.371456 0.050026 
0.224194 0.400381 0.000867 0.374558 
0.214618 0.342698 0.013138 0.429546 
0.203687 0.329803 0.119825 0.346686 
0.197690 0.345003 0.327616 0.129691 
0.217541 0.414100 0.015981 0.352378 
0.220264 0.396203 0.000271 0.383262 
0.197113 0.374134 0.038333 0.390419 
0.209090 0.400219 0.001823 0.388867 
0.202761 0.338863 0.160098 0.298278 
0.203008 0.327554 0.136065 0.333373 
0.215996 0.361395 0.420488 0.002122 
0.233638 0.399112 0.367002 0.000249 
0.215482 0.371325 0.038718 0.374475 
0.237645 0.467468 0.042284 0.252603 
0.212569 0.427518 0.015258 0.344656 
0.186852 0.376256 0.147841 0.289051 
0.220088 0.432601 0.051934 0.295378 
0.283408 0.559007 0.031305 0.126280 
0.213012 0.419240 0.029684 0.338063 
0.227196 0.317166 0.187682 0.267956 
0.286182 0.009428 0.497986 0.206404 
0.234463 0.033208 0.449866 0.282464 
0.231873 0.014392 0.462564 0.291171 
0.201136 0.010629 0.397206 0.391028 
0.216799 0.047487 0.421878 0.313837 
0.184340 0.370657 0.098149 0.346854 
0.182135 0.378096 0.202536 0.237233 
0.196583 0.377528 0.070300 0.355590 
0.197854 0.393938 0.396483 0.011724 
0.210139 0.400672 0.387546 0.001644 
0.207007 0.352045 0.218433 0.222515 
0.229144 0.403871 0.366478 0.000507 
0.217709 0.336223 0.333650 0.112418 
0.218732 0.118974 0.346341 0.315953 
0.219515 0.408361 0.370914 0.001210 
0.195639 0.362473 0.378590 0.063298 
0.200350 0.370093 0.384767 0.044790 
0.207130 0.380246 0.379628 0.032995 
0.214082 0.379006 0.007427 0.399485 
0.221762 0.346158 0.035738 0.396342 
0.212284 0.325543 0.312181 0.149992 
0.208795 0.345676 0.069115 0.376414 
0.215189 0.344885 0.017995 0.421930 
0.209644 0.360114 0.022790 0.407452 
0.197890 0.346094 0.200459 0.255558 
0.200615 0.359826 0.188672 0.250888 
0.240553 0.398096 0.361239 0.000112 
0.225766 0.410130 0.363006 0.001098 
0.197530 0.368057 0.189476 0.244937 
0.224251 0.434769 0.321650 0.019330 
0.223536 0.437806 0.330939 0.007720 
0.267593 0.455244 0.276951 0.000212 
0.247606 0.456951 0.293666 0.001777 
0.255992 0.488527 0.232442 0.023039 
0.249352 0.481602 0.256876 0.012169 
0.262540 0.504706 0.209003 0.023750 
0.202763 0.223224 0.356680 0.217333 
0.211117 0.380638 0.345009 0.063235 
0.234501 0.001182 0.338340 0.425977 
0.216922 0.120957 0.308542 0.353578 
0.203231 0.151999 0.346931 0.297839 
0.208697 0.182153 0.327442 0.281708 
0.218141 0.197624 0.291400 0.292834 
0.219465 0.004762 0.361868 0.413905 
0.219589 0.152993 0.292421 0.334997 
0.201508 0.072815 0.364653 0.361024 
0.199528 0.312608 0.363790 0.124075 
0.207910 0.088023 0.353511 0.350557 
0.200895 0.035497 0.381773 0.381835 
0.184656 0.242485 0.282069 0.290790 
0.189513 0.270541 0.172986 0.366959 
0.194032 0.123575 0.310963 0.371430 
0.189651 0.311269 0.337546 0.161534 
0.200793 0.075405 0.375266 0.348536 
0.200470 0.078392 0.345792 0.375346 
0.202046 0.235080 0.209748 0.353125 
0.198090 0.075377 0.350314 0.376219 
0.196274 0.220087 0.212535 0.371103 
0.186295 0.293132 0.234957 0.285616 
0.185000 0.277077 0.286254 0.251668 
0.185585 0.272282 0.235775 0.306357 
0.183858 0.262827 0.263712 0.289602 
0.205124 0.131305 0.349894 0.313678 
0.203575 0.223748 0.340643 0.232035 
0.220372 0.029820 0.397268 0.352540 
0.277485 0.014877 0.513774 0.193864 
0.336921 0.011169 0.600495 0.051414 
0.378268 0.000000 0.451218 0.170515 
0.289225 0.005128 0.516847 0.188799 
0.319563 0.001873 0.525308 0.153256 
0.353857 0.013617 0.611943 0.020583 
0.301729 0.289237 0.344049 0.064986 
0.264620 0.375110 0.163184 0.197087 
0.250430 0.109925 0.386487 0.253159 
0.231005 0.207975 0.282822 0.278198 
0.270633 0.024836 0.496508 0.208023 
0.225963 0.039399 0.417033 0.317605 
0.196940 0.093899 0.333848 0.375313 
0.190975 0.163126 0.364365 0.281534 
0.184601 0.281195 0.272095 0.262108 
0.195056 0.084199 0.358087 0.362658 
0.210135 0.019620 0.371600 0.398645 
0.213479 0.020013 0.364424 0.402083 
0.196051 0.213105 0.371656 0.219187 
0.247047 0.008288 0.464761 0.279904 
0.225121 0.015978 0.412700 0.346201 
0.259006 0.052244 0.478333 0.210416 
0.227429 0.024064 0.434897 0.313610 
0.223528 0.006116 0.425208 0.345148 
0.206563 0.173799 0.280353 0.339285 
0.292846 0.186505 0.436792 0.083857 
0.316430 0.056472 0.572219 0.054878 
0.347524 0.005689 0.620582 0.026205 
0.338594 0.360499 0.281860 0.019046 
0.321617 0.594640 0.021796 0.061947 
0.333118 0.545814 0.111658 0.009411 
0.303069 0.572169 0.013129 0.111632 
0.302122 0.525973 0.100554 0.071351 
0.288989 0.050107 0.529706 0.131199 
0.228151 0.054587 0.428886 0.288377 
0.215704 0.279680 0.201161 0.303455 
0.205435 0.087651 0.358004 0.348910 
0.214786 0.078048 0.376166 0.330999 
0.214450 0.354489 0.094181 0.336880 
0.188209 0.285393 0.204854 0.321544 
0.189226 0.163015 0.335155 0.312605 
0.192375 0.211977 0.372075 0.223572 
0.211676 0.023915 0.386372 0.378037 
0.209541 0.027485 0.392064 0.370910 
0.189267 0.238130 0.247717 0.324886 
0.213585 0.302096 0.153723 0.330596 
0.204517 0.231521 0.208363 0.355599 
0.192200 0.260834 0.219330 0.327636 
0.194132 0.195739 0.254012 0.356117 
0.204496 0.237480 0.194987 0.363037 
0.204916 0.180158 0.247837 0.367090 
0.215884 0.020654 0.381890 0.381572 
0.210911 0.098478 0.322171 0.368440 
0.207206 0.211043 0.215790 0.365961 
0.209469 0.265808 0.158808 0.365915 
0.201906 0.322802 0.217218 0.258074 
0.199900 0.288078 0.248012 0.264010 
0.202158 0.210724 0.223760 0.363358 
0.202938 0.260214 0.169375 0.367474 
0.205381 0.159313 0.267556 0.367750 
0.201388 0.268922 0.174639 0.355050 
0.225962 0.161160 0.292179 0.320699 
0.212040 0.081458 0.341493 0.365008 
0.238674 0.286199 0.204844 0.270282 
0.228395 0.291171 0.160530 0.319904 
0.216676 0.151236 0.284990 0.347097 
0.201906 0.344603 0.234559 0.218932 
0.217254 0.076801 0.344838 0.361107 
0.222329 0.098309 0.348677 0.330684 
0.211757 0.219844 0.362567 0.205832 
0.202439 0.231161 0.239437 0.326963 
0.212050 0.320761 0.101410 0.365779 
0.210192 0.365325 0.179314 0.245169 
0.225110 0.362539 0.390416 0.021935 
0.230042 0.340044 0.086835 0.343080 
0.230022 0.303496 0.234166 0.232316 
0.243791 0.317502 0.066091 0.372615 
0.255906 0.320881 0.420265 0.002947 
0.262166 0.296335 0.240022 0.201477 
0.247044 0.291279 0.361253 0.100424 
0.245029 0.292585 0.086867 0.375520 
0.256659 0.296594 0.016087 0.430660 
0.237730 0.316555 0.267966 0.177749 
0.231735 0.324320 0.174999 0.268946 
0.238228 0.296511 0.109706 0.355555 
0.238877 0.290590 0.134700 0.335834 
0.243642 0.268380 0.343095 0.144883 
0.243549 0.264130 0.192113 0.300207 
0.248899 0.244926 0.262086 0.244089 
0.249880 0.245652 0.214088 0.290380 
0.271092 0.250481 0.471995 0.006432 
0.281844 0.257492 0.459765 0.000899 
0.289250 0.275851 0.434795 0.000104 
0.258809 0.251420 0.456526 0.033245 
0.307295 0.287008 0.405694 0.000003 
0.301409 0.268105 0.430217 0.000269 
0.301197 0.264425 0.434097 0.000282 
0.271701 0.235562 0.476252 0.016485 
0.257563 0.226823 0.282464 0.233151 
0.257173 0.230284 0.221088 0.291455 
0.265346 0.231392 0.295942 0.207320 
0.261972 0.225207 0.244370 0.268451 
0.269438 0.242105 0.071136 0.417321 
0.253769 0.238814 0.262729 0.244688 
0.255070 0.240605 0.270538 0.233786 
0.251598 0.257888 0.247898 0.242616 
0.266336 0.272196 0.422867 0.038602 
0.258525 0.264241 0.339372 0.137862 
0.258070 0.269033 0.077634 0.395263 
0.248487 0.250520 0.331686 0.169306 
0.262228 0.243771 0.164264 0.329737 
0.275493 0.261075 0.459789 0.003644 
0.275717 0.246180 0.366244 0.111858 
0.258731 0.242256 0.240147 0.258867 
0.276462 0.259173 0.267453 0.196912 
0.299002 0.288298 0.412643 0.000057 
0.309541 0.326253 0.364205 0.000001 
0.319091 0.293532 0.387373 0.000004 
0.299040 0.306848 0.394097 0.000015 
0.299446 0.315667 0.384881 0.000006 
0.283862 0.282370 0.427652 0.006117 
0.278755 0.268644 0.431502 0.021099 
0.303108 0.271922 0.000410 0.424561 
0.307031 0.287482 0.000009 0.405478 
0.262650 0.244085 0.132037 0.361228 
0.273973 0.259436 0.447617 0.018974 
0.281807 0.291660 0.423959 0.002574 
0.282184 0.276506 0.002300 0.439009 
0.264643 0.242007 0.388251 0.105098 
0.264698 0.234809 0.373256 0.127238 
0.272270 0.233535 0.088941 0.405254 
0.259445 0.235743 0.265301 0.239511 
0.271999 0.248270 0.364345 0.115386 
0.268423 0.261220 0.013668 0.456688 
0.271979 0.284971 0.006065 0.436985 
0.268817 0.277369 0.424117 0.029697 
0.243309 0.279773 0.230756 0.246161 
0.242482 0.294560 0.347290 0.115668 
0.238702 0.303183 0.359161 0.098954 
0.235188 0.327635 0.072275 0.364903 
0.244529 0.339192 0.005817 0.410462 
0.218727 0.361974 0.269624 0.149675 
0.207645 0.364445 0.114734 0.313176 
0.224915 0.392033 0.008435 0.374617 
0.218508 0.341938 0.125758 0.313796 
0.222562 0.281424 0.307330 0.188684 
0.237404 0.366882 0.392311 0.003403 
0.225506 0.355483 0.278085 0.140926 
0.239301 0.336094 0.300992 0.123612 
0.240922 0.333522 0.027990 0.397566 
0.246063 0.354644 0.003742 0.395551 
0.220918 0.356102 0.154909 0.268072 
0.214210 0.357324 0.214905 0.213561 
0.218300 0.355437 0.190410 0.235853 
0.223750 0.361469 0.350942 0.063838 
0.220082 0.350332 0.225968 0.203617 
0.230585 0.373809 0.018405 0.377200 
0.211604 0.347892 0.218095 0.222409 
0.214878 0.201737 0.330765 0.252620 
0.285148 0.026613 0.473014 0.215225 
0.285815 0.247078 0.265034 0.202073 
0.266768 0.259490 0.194971 0.278772 
0.256232 0.306932 0.145154 0.291682 
0.262258 0.356349 0.100823 0.280570 
0.324083 0.539024 0.007606 0.129287 
0.313931 0.518705 0.005459 0.161906 
0.282232 0.429839 0.000651 0.287278 
0.267760 0.432345 0.002577 0.297318 
0.263962 0.428979 0.002128 0.304930 
0.302122 0.507188 0.005865 0.184824 
0.273539 0.453984 0.003333 0.269144 
0.283113 0.167261 0.296360 0.253266 
0.359109 0.511374 0.104063 0.025454 
0.350524 0.570369 0.013753 0.065354 
0.317413 0.444382 0.132344 0.105860 
0.308569 0.479504 0.065610 0.146317 
0.293802 0.191845 0.338967 0.175386 
0.248567 0.013248 0.407149 0.331035 
0.237270 0.105951 0.331438 0.325341 
0.231754 0.239114 0.189308 0.339825 
0.265225 0.389179 0.000623 0.344973 
0.309372 0.480360 0.010041 0.200228 
0.228518 0.332277 0.079234 0.359970 
0.219386 0.351448 0.165875 0.263291 
0.241148 0.333189 0.197447 0.228216 
0.227253 0.354015 0.289223 0.129509 
0.239868 0.334181 0.091031 0.334920 
0.237351 0.329301 0.349383 0.083965 
0.255158 0.291357 0.057873 0.395612 
0.240857 0.335548 0.022514 0.401081 
0.245654 0.369922 0.000692 0.383732 
0.247409 0.360293 0.001117 0.391181 
0.218422 0.062667 0.357160 0.361752 
0.226187 0.007694 0.403136 0.362983 
0.306405 0.000000 0.319404 0.374191 
0.287736 0.000000 0.362593 0.349671 
0.420535 0.000000 0.180583 0.398882 
0.393638 0.000000 0.248752 0.357610 
0.323534 0.000000 0.342577 0.333888 
0.349491 0.000000 0.323904 0.326605 
0.310088 0.000003 0.414053 0.275855 
0.328343 0.000000 0.377548 0.294109 
0.348791 0.000000 0.339879 0.311330 
0.358086 0.000000 0.296084 0.345830 
0.455469 0.000000 0.120963 0.423567 
0.357327 0.000000 0.258018 0.384656 
0.309811 0.000008 0.293418 0.396763 
0.253405 0.007402 0.334761 0.404431 
0.229418 0.017854 0.360107 0.392621 
0.221277 0.011898 0.389408 0.377417 
0.205150 0.056361 0.362589 0.375900 
0.202634 0.157532 0.352731 0.287103 
0.207856 0.347891 0.372280 0.071973 
0.246963 0.364641 0.253831 0.134565 
0.276431 0.296425 0.149335 0.277808 
0.280919 0.173889 0.157203 0.387990 
0.299433 0.245321 0.095669 0.359577 
0.283789 0.283268 0.140064 0.292879 
0.262032 0.286899 0.215901 0.235167 
0.225375 0.134786 0.312966 0.326873 
0.217493 0.240823 0.327591 0.214093 
0.212064 0.277890 0.348370 0.161676 
0.217727 0.020607 0.385000 0.376666 
0.259501 0.000116 0.350426 0.389957 
0.247103 0.005803 0.428883 0.318212 
0.270338 0.278845 0.288250 0.162568 
0.231834 0.416267 0.051391 0.300509 
0.204210 0.352732 0.101523 0.341535 
0.199229 0.143993 0.286596 0.370183 
0.194407 0.287972 0.163816 0.353805 
0.193369 0.237194 0.239796 0.329641 
0.187882 0.263360 0.287738 0.261019 
0.190747 0.227320 0.353842 0.228091 
0.194321 0.165267 0.270560 0.369851 
0.221935 0.100842 0.357004 0.320220 
0.201836 0.100272 0.327559 0.370333 
0.221642 0.253934 0.232877 0.291547 
0.211509 0.272363 0.194314 0.321814 
0.218798 0.105839 0.362413 0.312949 
0.219370 0.236612 0.252235 0.291783 
0.218072 0.334688 0.139333 0.307907 
0.205960 0.283249 0.159480 0.351311 
0.193616 0.257595 0.175453 0.373336 
0.197993 0.247267 0.187649 0.367090 
0.201790 0.262209 0.176362 0.359639 
0.190817 0.221225 0.217572 0.370385 
0.197271 0.163490 0.267510 0.371730 
0.194679 0.137710 0.356715 0.310896 
0.199315 0.221962 0.367677 0.211045 
0.201242 0.171995 0.368754 0.258010 
0.206794 0.277641 0.338528 0.177037 
0.208403 0.358228 0.349542 0.083827 
0.224666 0.419873 0.321719 0.033741 
0.234929 0.016596 0.330975 0.417501 
0.231713 0.006847 0.326761 0.434679 
0.226309 0.297570 0.280494 0.195626 
0.222564 0.246337 0.278053 0.253046 
0.238395 0.000450 0.353388 0.407766 
0.214099 0.080937 0.330727 0.374237 
0.195925 0.219085 0.365999 0.218992 
0.201519 0.052806 0.376828 0.368846 
0.196971 0.174571 0.369480 0.258978 
0.207348 0.024212 0.379902 0.388538 
0.222305 0.012454 0.418770 0.346472 
0.226071 0.001517 0.399686 0.372726 
0.219874 0.003230 0.400986 0.375910 
0.212449 0.013560 0.371701 0.402289 
0.190509 0.249876 0.193625 0.365991 
0.196648 0.211326 0.224311 0.367716 
0.185010 0.270742 0.259401 0.284847 
0.190592 0.291571 0.168952 0.348884 
0.188050 0.301513 0.296740 0.213697 
0.205241 0.222783 0.228775 0.343200 
0.188141 0.171551 0.314928 0.325380 
0.186478 0.237171 0.311868 0.264484 
0.213014 0.108444 0.346662 0.331880 
0.254657 0.006196 0.468981 0.270166 
0.220318 0.235252 0.253517 0.290913 
0.248984 0.462483 0.003764 0.284769 
0.225336 0.427943 0.028478 0.318242 
0.213317 0.279210 0.195275 0.312198 
0.244204 0.322222 0.214920 0.218653 
0.205621 0.169882 0.271777 0.352720 
0.201284 0.159703 0.355690 0.283323 
0.212682 0.020576 0.402184 0.364559 
0.212833 0.005077 0.381604 0.400486 
0.207721 0.231920 0.327147 0.233211 
0.188282 0.207972 0.373769 0.229976 
0.187182 0.219738 0.220458 0.372622 
0.184532 0.183507 0.293327 0.338633 
0.203028 0.254359 0.209117 0.333495 
0.183022 0.232783 0.213335 0.370859 
0.194445 0.034270 0.385506 0.385780 
0.224154 0.002256 0.421270 0.352320 
0.216914 0.017519 0.340100 0.425466 
0.200890 0.256901 0.342276 0.199933 
0.221648 0.092359 0.333829 0.352165 
0.264145 0.014233 0.493440 0.228182 
0.317719 0.000595 0.564206 0.117479 
0.301066 0.000019 0.479284 0.219632 
0.223297 0.002042 0.350754 0.423907 
0.235743 0.000630 0.373262 0.390365 
0.210955 0.014074 0.412521 0.362449 
0.198244 0.046173 0.377483 0.378100 
0.190597 0.069706 0.380456 0.359241 
0.184380 0.120529 0.348463 0.346629 
0.192476 0.182591 0.261074 0.363859 
0.203874 0.092086 0.359569 0.344471 
0.186932 0.138567 0.299088 0.375413 
0.182947 0.166072 0.336542 0.314439 
0.189563 0.258540 0.371187 0.180710 
0.186981 0.130090 0.377123 0.305806 
0.194044 0.193215 0.356445 0.256295 
0.206534 0.007416 0.374533 0.411517 
0.194738 0.204640 0.349606 0.251016 
0.179370 0.160992 0.339201 0.320437 
0.187690 0.211460 0.233522 0.367328 
0.191217 0.237823 0.211892 0.359068 
0.177544 0.213523 0.264499 0.344434 
0.184759 0.323511 0.345866 0.145864 
0.186328 0.378046 0.315842 0.119784 
0.192407 0.384155 0.385830 0.037608 
0.200711 0.406213 0.366995 0.026081 
0.238735 0.345321 0.415551 0.000393 
0.265490 0.324135 0.410340 0.000035 
0.316592 0.297727 0.385681 0.000000 
0.271579 0.349911 0.378509 0.000001 
0.259643 0.328442 0.411904 0.000011 
0.259668 0.267333 0.472519 0.000480 
0.289985 0.175148 0.529642 0.005226 
0.314098 0.152962 0.006826 0.526114 
0.301168 0.204350 0.000206 0.494276 
0.271211 0.190231 0.257701 0.280857 
0.251869 0.213186 0.499158 0.035787 
0.256490 0.229210 0.502827 0.011473 
0.254354 0.175478 0.161667 0.408501 
0.254423 0.175492 0.125953 0.444132 
0.244486 0.207201 0.403539 0.144774 
0.248576 0.219069 0.490879 0.041476 
0.242784 0.311192 0.000603 0.445421 
0.237734 0.255135 0.133983 0.373147 
0.249875 0.185736 0.164528 0.399861 
0.257056 0.231823 0.024095 0.487026 
0.331427 0.353050 0.000000 0.315523 
0.273476 0.366220 0.000000 0.360304 
0.299691 0.391035 0.000000 0.309273 
0.271434 0.386192 0.000001 0.342373 
0.264376 0.460262 0.000280 0.275082 
0.272457 0.426034 0.000007 0.301502 
0.264088 0.515569 0.023085 0.197258 
0.301968 0.537201 0.052631 0.108199 
0.326300 0.622041 0.040469 0.011190 
0.321516 0.611565 0.019615 0.047304 
0.276631 0.497873 0.000440 0.225056 
0.303427 0.480138 0.000418 0.216016 
0.271324 0.427293 0.000010 0.301374 
0.323006 0.463209 0.000029 0.213756 
0.315148 0.398350 0.000000 0.286502 
0.371769 0.403089 0.000000 0.225142 
0.429731 0.399703 0.000000 0.170565 
0.376825 0.372606 0.000000 0.250569 
0.318671 0.330679 0.000000 0.350650 
0.286877 0.432582 0.000003 0.280538 
0.315946 0.434284 0.000000 0.249770 
0.355954 0.478832 0.000000 0.165214 
0.382287 0.472990 0.000000 0.144723 
0.349232 0.446065 0.000794 0.203909 
0.384621 0.495164 0.000000 0.120216 
0.354105 0.561998 0.000234 0.083663 
0.320574 0.567374 0.004968 0.107083 
0.313480 0.488391 0.000042 0.198086 
0.234423 0.346880 0.000291 0.418406 
0.230760 0.380705 0.000093 0.388443 
0.217686 0.337838 0.014648 0.429828 
0.217276 0.390070 0.004677 0.387977 
0.202698 0.377377 0.377142 0.042783 
0.208969 0.373430 0.010991 0.406610 
0.214342 0.352886 0.005992 0.426780 
0.222049 0.391803 0.000243 0.385905 
0.240384 0.353379 0.002142 0.404096 
0.222394 0.341056 0.073103 0.363447 
0.222258 0.017444 0.367859 0.392439 
0.226835 0.310400 0.313522 0.149242 
0.219550 0.249248 0.271225 0.259977 
0.232491 0.470091 0.282700 0.014719 
0.239780 0.431984 0.327421 0.000815 
0.240297 0.382248 0.377444 0.000011 
0.217247 0.420471 0.360214 0.002068 
0.233716 0.455345 0.308195 0.002744 
0.239326 0.443556 0.311058 0.006060 
0.289812 0.348138 0.362051 0.000000 
0.289840 0.406146 0.304013 0.000000 
0.353182 0.254470 0.392348 0.000000 
0.373708 0.240420 0.385872 0.000000 
0.320726 0.329644 0.349630 0.000000 
0.299003 0.319212 0.381785 0.000000 
0.296358 0.366556 0.337085 0.000000 
0.343106 0.285500 0.371394 0.000000 
0.347304 0.284285 0.368411 0.000000 
0.389330 0.209357 0.401313 0.000000 
0.372456 0.240888 0.386656 0.000000 
0.306370 0.000791 0.310682 0.382158 
0.267638 0.429943 0.271335 0.031084 
0.305033 0.391521 0.303445 0.000001 
0.352460 0.296926 0.350614 0.000000 
0.361608 0.265989 0.372403 0.000000 
0.345164 0.239881 0.414955 0.000000 
0.308291 0.236647 0.455044 0.000017 
0.282146 0.294732 0.422974 0.000148 
0.322361 0.210922 0.466710 0.000007 
0.304332 0.337425 0.358243 0.000000 
0.274097 0.439771 0.285935 0.000197 
0.257875 0.441944 0.300052 0.000129 
0.292433 0.363087 0.344480 0.000000 
0.263873 0.419595 0.316291 0.000241 
0.243082 0.419784 0.296932 0.040202 
0.234454 0.435708 0.328645 0.001193 
0.207834 0.401439 0.334903 0.055823 
0.199585 0.397054 0.384919 0.018442 
0.190270 0.278519 0.371253 0.159958 
0.205749 0.376922 0.376280 0.041049 
0.233647 0.000049 0.381339 0.384965 
0.220555 0.002089 0.428236 0.349119 
0.225836 0.144381 0.366407 0.263377 
0.210106 0.275858 0.217855 0.296181 
0.223950 0.301047 0.223071 0.251932 
0.245407 0.469091 0.035359 0.250142 
0.232645 0.280453 0.254315 0.232587 
0.247637 0.008670 0.495722 0.247972 
0.227719 0.208696 0.321615 0.241970 
0.228699 0.156200 0.356027 0.259074 
0.221338 0.285200 0.230938 0.262524 
0.208441 0.215528 0.245356 0.330675 
0.212710 0.330716 0.137976 0.318598 
0.231849 0.455756 0.003898 0.308497 
0.209586 0.418593 0.035649 0.336172 
0.188681 0.239726 0.201316 0.370276 
0.181563 0.228255 0.212581 0.377601 
0.184151 0.202524 0.377392 0.235934 
0.174049 0.276434 0.270997 0.278520 
0.187307 0.207055 0.233778 0.371860 
0.180046 0.329047 0.146357 0.344550 
0.193178 0.389973 0.024391 0.392459 
0.187415 0.370545 0.222261 0.219780 
0.210849 0.411020 0.374695 0.003436 
0.196574 0.358025 0.364569 0.080831 
0.200649 0.352477 0.056084 0.390789 
0.194607 0.344657 0.233025 0.227711 
0.199175 0.373355 0.404926 0.022544 
0.207018 0.374477 0.412049 0.006456 
0.227015 0.415405 0.356643 0.000937 
0.231846 0.374430 0.393612 0.000111 
0.197860 0.358136 0.065730 0.378273 
0.207398 0.399518 0.003552 0.389533 
0.201570 0.377793 0.016311 0.404325 
0.211981 0.326553 0.192222 0.269244 
0.198143 0.370664 0.393285 0.037908 
0.203970 0.368082 0.026334 0.401615 
0.197574 0.357217 0.106287 0.338923 
0.188679 0.369604 0.217047 0.224671 
0.189177 0.375004 0.285764 0.150056 
0.186976 0.375693 0.285184 0.152147 
0.185359 0.376660 0.192631 0.245351 
0.200153 0.376259 0.376420 0.047168 
0.196213 0.365432 0.114292 0.324063 
0.192998 0.355840 0.257421 0.193742 
0.203220 0.386998 0.018873 0.390910 
0.203679 0.351130 0.056030 0.389161 
0.187712 0.370615 0.212618 0.229055 
0.189321 0.370839 0.161565 0.278275 
0.185729 0.376764 0.182225 0.255282 
0.195640 0.356301 0.294604 0.153454 
0.208347 0.354514 0.018693 0.418445 
0.205614 0.351639 0.395349 0.047398 
0.222334 0.388962 0.388426 0.000277 
0.211951 0.367599 0.372927 0.047523 
0.199081 0.344435 0.181037 0.275447 
0.221875 0.354506 0.012299 0.411320 
0.216146 0.329777 0.028544 0.425533 
0.219609 0.341842 0.021659 0.416890 
0.255862 0.350558 0.000015 0.393564 
0.263458 0.336358 0.000007 0.400177 
0.281122 0.361519 0.000000 0.357359 
0.283674 0.347776 0.000000 0.368550 
0.276162 0.324547 0.000001 0.399289 
0.291460 0.331938 0.000000 0.376602 
0.274148 0.349241 0.000000 0.376611 
0.278553 0.348959 0.000000 0.372488 
0.276776 0.356867 0.000000 0.366357 
0.295765 0.379856 0.000000 0.324378 
0.279596 0.348762 0.000000 0.371641 
0.294872 0.327915 0.000000 0.377212 
0.293965 0.306787 0.000000 0.399248 
0.303434 0.321048 0.000000 0.375517 
0.320665 0.311121 0.000000 0.368215 
0.315677 0.306167 0.000000 0.378156 
0.335973 0.324767 0.000002 0.339258 
0.336334 0.329968 0.000000 0.333698 
0.335522 0.322097 0.000000 0.342381 
0.328893 0.315994 0.000000 0.355113 
0.330674 0.321053 0.000000 0.348274 
0.329399 0.325924 0.000000 0.344677 
0.320182 0.333649 0.000000 0.346169 
0.288830 0.293841 0.000006 0.417324 
0.281250 0.288401 0.000008 0.430342 
0.320669 0.335124 0.000000 0.344207 
0.312867 0.361600 0.000000 0.325533 
0.308112 0.351574 0.000000 0.340314 
0.302883 0.348946 0.000000 0.348171 
0.280180 0.337055 0.000001 0.382764 
0.248747 0.356909 0.000009 0.394335 
0.222262 0.314194 0.018812 0.444732 
0.228157 0.309418 0.451972 0.010453 
0.211785 0.343827 0.425815 0.018572 
0.204565 0.333414 0.184275 0.277746 
0.228402 0.341721 0.002538 0.427339 
0.214614 0.360040 0.004348 0.420999 
0.222904 0.362246 0.001091 0.413760 
0.242940 0.333914 0.023281 0.399865 
0.220024 0.314400 0.421426 0.044150 
0.212792 0.317960 0.383103 0.086145 
0.213192 0.340001 0.026672 0.420135 
0.250834 0.339952 0.000022 0.409193 
0.217522 0.297316 0.083429 0.401732 
0.218459 0.308247 0.042123 0.431171 
0.201128 0.335211 0.254412 0.209248 
0.226793 0.369783 0.000295 0.403130 
0.215743 0.374840 0.008393 0.401024 
0.214835 0.363352 0.002830 0.418983 
0.206487 0.363894 0.026271 0.403348 
0.188382 0.375057 0.167705 0.268856 
0.190389 0.380541 0.075077 0.353993 
0.198138 0.362767 0.309021 0.130075 
0.207992 0.390969 0.002539 0.398500 
0.187419 0.373690 0.252710 0.186181 
0.193218 0.361239 0.286581 0.158963 
0.189316 0.372874 0.288853 0.148957 
0.192608 0.364010 0.311801 0.131581 
0.190882 0.379547 0.361662 0.067908 
0.178312 0.342814 0.242614 0.236260 
0.189657 0.375839 0.124389 0.310115 
0.215425 0.409594 0.004091 0.370889 
0.202650 0.398830 0.011728 0.386792 
0.205934 0.412833 0.012583 0.368650 
0.205213 0.367746 0.081164 0.345878 
0.202019 0.363684 0.377178 0.057119 
0.215130 0.419655 0.362201 0.003014 
0.225320 0.424157 0.348006 0.002517 
0.244689 0.450517 0.303900 0.000894 
0.262221 0.449365 0.286993 0.001421 
0.258958 0.453955 0.286928 0.000158 
0.252186 0.466047 0.280210 0.001556 
0.236221 0.238843 0.301672 0.223265 
0.245830 0.451105 0.302165 0.000899 
0.231224 0.427192 0.335081 0.006502 
0.253184 0.426959 0.319792 0.000064 
0.270459 0.443321 0.286162 0.000057 
0.247277 0.402777 0.349578 0.000368 
0.253041 0.383825 0.360896 0.002237 
0.271750 0.357458 0.370792 0.000001 
0.256675 0.343836 0.385800 0.013689 
0.264325 0.351733 0.000970 0.382972 
0.237095 0.341472 0.169855 0.251578 
0.233015 0.426188 0.338755 0.002041 
0.236635 0.393629 0.368791 0.000946 
0.260249 0.006489 0.340116 0.393146 
0.291742 0.000001 0.356793 0.351465 
0.277024 0.000000 0.380613 0.342362 
0.265190 0.000009 0.419554 0.315246 
0.284283 0.000002 0.428910 0.286804 
0.277703 0.000026 0.443841 0.278430 
0.283631 0.000000 0.395026 0.321343 
0.291410 0.000000 0.394127 0.314462 
0.284210 0.000002 0.417223 0.298565 
0.287677 0.000001 0.421339 0.290983 
0.271841 0.000000 0.380798 0.347361 
0.240482 0.057684 0.439172 0.262663 
0.232442 0.023517 0.470624 0.273417 
0.197073 0.305388 0.152532 0.345006 
0.207396 0.235100 0.253165 0.304338 
0.198188 0.247581 0.213765 0.340466 
0.204747 0.291361 0.188316 0.315576 
0.185520 0.135211 0.378503 0.300766 
0.204525 0.109346 0.333005 0.353123 
0.182610 0.150100 0.378047 0.289243 
0.185734 0.267605 0.375313 0.171347 
0.199434 0.050818 0.371591 0.378157 
0.178879 0.218087 0.290174 0.312861 
0.178942 0.330705 0.230506 0.259847 
0.179750 0.319333 0.178708 0.322209 
0.178089 0.361474 0.223857 0.236581 
0.181923 0.377822 0.189220 0.251035 
0.184362 0.378873 0.139260 0.297505 
0.185481 0.377393 0.270160 0.166965 
0.181172 0.363416 0.160651 0.294761 
0.183385 0.377118 0.217580 0.221917 
0.187883 0.367221 0.226784 0.218112 
0.198004 0.368152 0.240874 0.192970 
0.195787 0.360805 0.263565 0.179843 
