0.257005 0.259126 0.224584 0.259286 
0.296133 0.297288 0.146988 0.259591 
0.328139 0.328232 0.030042 0.313587 
0.333095 0.333011 0.000923 0.332972 
0.333466 0.333789 0.000202 0.332543 
0.333157 0.333559 0.000002 0.333282 
0.333828 0.331784 0.000000 0.334388 
0.335471 0.332712 0.000000 0.331817 
0.338999 0.335051 0.000000 0.325949 
0.336494 0.334123 0.000000 0.329383 
0.334480 0.332467 0.000000 0.333053 
0.333822 0.333683 0.000000 0.332495 
0.337353 0.333812 0.000000 0.328834 
0.338268 0.338677 0.000000 0.323055 
0.348608 0.349188 0.000001 0.302203 
0.343845 0.344524 0.000000 0.311631 
0.339286 0.339811 0.000000 0.320904 
0.345712 0.345788 0.000001 0.308499 
0.343559 0.344203 0.000000 0.312238 
0.334459 0.335272 0.000000 0.330269 
0.338943 0.339721 0.000000 0.321336 
0.337630 0.338172 0.000000 0.324198 
0.333297 0.332506 0.000000 0.334197 
0.334165 0.332829 0.000000 0.333006 
0.338173 0.335849 0.000000 0.325979 
0.344061 0.343588 0.000000 0.312350 
0.334979 0.332473 0.000000 0.332548 
0.335128 0.329298 0.000000 0.335574 
0.337498 0.329993 0.000000 0.332509 
0.335699 0.328080 0.000000 0.336221 
0.334634 0.331549 0.000000 0.333817 
0.336970 0.336955 0.000000 0.326075 
0.339169 0.338958 0.000000 0.321873 
0.339445 0.336393 0.000000 0.324162 
0.338273 0.338641 0.000000 0.323086 
0.337596 0.333908 0.000000 0.328496 
0.341607 0.335929 0.000000 0.322464 
0.344291 0.325340 0.000000 0.330369 
0.341110 0.323248 0.000000 0.335642 
0.343270 0.327694 0.000000 0.329036 
0.345572 0.327783 0.000000 0.326645 
0.341956 0.322327 0.000000 0.335717 
0.343568 0.324798 0.000000 0.331634 
0.339402 0.325105 0.000000 0.335493 
0.341383 0.332538 0.000000 0.326080 
0.343830 0.333453 0.000000 0.322717 
0.343078 0.338627 0.000000 0.318295 
0.345879 0.339933 0.000000 0.314187 
0.345903 0.333503 0.000000 0.320595 
0.346951 0.331491 0.000000 0.321558 
0.346042 0.328381 0.000000 0.325576 
0.346273 0.327104 0.000000 0.326623 
0.353845 0.325111 0.000001 0.321043 
0.356671 0.326529 0.000009 0.316791 
0.363937 0.349627 0.012635 0.273801 
0.365447 0.356769 0.251594 0.026190 
0.368347 0.362521 0.181559 0.087573 
0.369949 0.368042 0.106625 0.155383 
0.369445 0.369625 0.199407 0.061523 
0.368476 0.368692 0.228098 0.034735 
0.364661 0.364989 0.092370 0.177981 
0.367036 0.367290 0.198900 0.066774 
0.371234 0.371442 0.109446 0.147878 
0.370969 0.371052 0.104433 0.153546 
0.371351 0.371391 0.143034 0.114224 
0.369182 0.367176 0.102207 0.161435 
0.367240 0.363516 0.194803 0.074441 
0.362440 0.358476 0.003438 0.275646 
0.350167 0.340491 0.000126 0.309217 
0.345581 0.326486 0.000000 0.327933 
0.339293 0.331336 0.000000 0.329371 
0.338406 0.326144 0.000000 0.335450 
0.337961 0.321776 0.000000 0.340263 
0.333954 0.328436 0.000000 0.337610 
0.344666 0.332045 0.000000 0.323289 
0.351039 0.345308 0.000009 0.303645 
0.362020 0.360078 0.004880 0.273022 
0.364691 0.361478 0.084102 0.189729 
0.365928 0.364370 0.030580 0.239121 
0.343647 0.345068 0.000000 0.311285 
0.342091 0.342112 0.000000 0.315797 
0.362129 0.356074 0.006860 0.274936 
0.365546 0.361231 0.045578 0.227645 
0.368196 0.365977 0.158593 0.107234 
0.367066 0.363114 0.197693 0.072127 
0.365718 0.361984 0.048889 0.223408 
0.360950 0.350173 0.006873 0.282004 
0.352791 0.339588 0.000029 0.307592 
0.348624 0.332683 0.000005 0.318689 
0.353248 0.340398 0.000225 0.306129 
0.349789 0.340452 0.000003 0.309757 
0.342537 0.339664 0.000000 0.317798 
0.339883 0.339715 0.000000 0.320403 
0.338277 0.341473 0.000000 0.320250 
0.333656 0.338826 0.000000 0.327518 
0.336995 0.343261 0.000000 0.319744 
0.333305 0.340857 0.000000 0.325838 
0.333058 0.341298 0.000000 0.325643 
0.342812 0.346761 0.000000 0.310427 
0.335308 0.338892 0.000000 0.325801 
0.334203 0.338512 0.000000 0.327284 
0.330076 0.336172 0.000000 0.333752 
0.345419 0.346513 0.000002 0.308065 
0.345959 0.346931 0.000017 0.307093 
0.347491 0.343656 0.000004 0.308849 
0.362716 0.359908 0.014601 0.262774 
0.360231 0.360594 0.005848 0.273328 
0.356682 0.356145 0.000685 0.286487 
0.352247 0.343822 0.000040 0.303890 
0.355231 0.346912 0.000126 0.297731 
0.358131 0.348707 0.005522 0.287640 
0.360527 0.353396 0.006490 0.279587 
0.353417 0.340194 0.000045 0.306344 
0.355343 0.342338 0.000071 0.302249 
0.355171 0.338895 0.000067 0.305867 
0.337384 0.328066 0.000000 0.334550 
0.344215 0.336457 0.000000 0.319328 
0.339531 0.329777 0.000000 0.330693 
0.339210 0.332393 0.000000 0.328397 
0.343985 0.334622 0.000000 0.321393 
0.342002 0.337087 0.000000 0.320911 
0.337924 0.328558 0.000000 0.333519 
0.336022 0.331243 0.000000 0.332735 
0.338330 0.333354 0.000000 0.328316 
0.343901 0.333626 0.000004 0.322470 
0.350003 0.345284 0.000003 0.304710 
0.342647 0.328223 0.000000 0.329130 
0.339557 0.321361 0.000000 0.339082 
0.339404 0.323317 0.000000 0.337280 
0.342640 0.327570 0.000000 0.329790 
0.350502 0.344355 0.000009 0.305134 
0.338543 0.333178 0.000000 0.328279 
0.340588 0.333794 0.000000 0.325618 
0.338038 0.333345 0.000000 0.328616 
0.343768 0.343039 0.000000 0.313193 
0.338588 0.338985 0.000000 0.322427 
0.338912 0.337186 0.000000 0.323902 
0.344017 0.342464 0.000000 0.313519 
0.343516 0.339540 0.000000 0.316943 
0.363409 0.361211 0.005209 0.270171 
0.367037 0.365675 0.154824 0.112464 
0.369895 0.370204 0.145822 0.114078 
0.365520 0.366058 0.072872 0.195550 
0.368392 0.368325 0.050970 0.212313 
0.370268 0.371272 0.129274 0.129186 
0.369937 0.370543 0.108177 0.151343 
0.340984 0.343084 0.000000 0.315932 
0.349056 0.346343 0.000001 0.304600 
0.337554 0.313807 0.000000 0.348640 
0.357485 0.351365 0.000967 0.290183 
0.353794 0.343947 0.000020 0.302239 
0.347973 0.333790 0.000000 0.318237 
0.359808 0.350520 0.001508 0.288163 
0.368229 0.364511 0.150912 0.116348 
0.354069 0.347949 0.297925 0.000057 
0.352533 0.343024 0.304434 0.000009 
0.354948 0.350133 0.294660 0.000259 
0.343402 0.341601 0.314997 0.000000 
0.355208 0.356254 0.288462 0.000076 
0.351196 0.352712 0.295657 0.000435 
0.360188 0.361153 0.276666 0.001994 
0.370395 0.371028 0.095061 0.163516 
0.370077 0.370256 0.158433 0.101234 
0.370767 0.370462 0.145386 0.113386 
0.360800 0.360538 0.002738 0.275924 
0.367780 0.367219 0.043131 0.221869 
0.367062 0.364803 0.035877 0.232259 
0.368603 0.365154 0.189321 0.076922 
0.366551 0.363389 0.024318 0.245742 
0.366391 0.366697 0.229676 0.037237 
0.370404 0.370626 0.143033 0.115936 
0.370840 0.371049 0.111329 0.146783 
0.370671 0.370932 0.115425 0.142971 
0.369680 0.370273 0.151571 0.108476 
0.368836 0.369328 0.189879 0.071957 
0.334695 0.333718 0.000000 0.331587 
0.347563 0.346419 0.000008 0.306009 
0.317672 0.317974 0.000000 0.364354 
0.333894 0.335501 0.000000 0.330604 
0.346439 0.347942 0.000000 0.305618 
0.353547 0.354692 0.000063 0.291698 
0.345449 0.347476 0.000000 0.307075 
0.328453 0.331214 0.000000 0.340333 
0.327635 0.331358 0.000000 0.341007 
0.364316 0.365167 0.016035 0.254482 
0.360864 0.360929 0.001144 0.277063 
0.328583 0.330779 0.000000 0.340639 
0.342772 0.342305 0.000001 0.314922 
0.358770 0.359149 0.002091 0.279991 
0.366480 0.366645 0.015825 0.251050 
0.370946 0.370955 0.119264 0.138835 
0.369161 0.369242 0.065577 0.196020 
0.356867 0.358208 0.284784 0.000141 
0.351596 0.352432 0.295965 0.000007 
0.342566 0.344890 0.312544 0.000000 
0.355672 0.356608 0.285443 0.002277 
0.360128 0.360449 0.001113 0.278310 
0.361073 0.361476 0.004088 0.273364 
0.356603 0.357902 0.280603 0.004892 
0.353129 0.354617 0.288317 0.003937 
0.362343 0.363518 0.030477 0.243662 
0.359624 0.360400 0.003124 0.276852 
0.367748 0.368672 0.032281 0.231299 
0.369840 0.370073 0.090521 0.169567 
0.370294 0.369507 0.119332 0.140868 
0.369025 0.366670 0.162237 0.102067 
0.361403 0.357702 0.004755 0.276139 
0.368957 0.365524 0.100792 0.164728 
0.367254 0.361198 0.084550 0.186998 
0.357456 0.354180 0.000432 0.287931 
0.347308 0.342780 0.000000 0.309912 
0.363285 0.359568 0.016563 0.260584 
0.360753 0.358030 0.001968 0.279249 
0.354939 0.354605 0.000268 0.290188 
0.366775 0.365817 0.031264 0.236144 
0.369958 0.369055 0.107271 0.153716 
0.354537 0.348326 0.000026 0.297111 
0.361336 0.354221 0.003224 0.281218 
0.351632 0.332187 0.000002 0.316179 
0.361364 0.351855 0.004771 0.282010 
0.345288 0.330346 0.000000 0.324365 
0.351816 0.322063 0.000001 0.326119 
0.343457 0.292471 0.000001 0.364071 
0.356406 0.335569 0.000259 0.307766 
0.341281 0.316055 0.000000 0.342664 
0.334088 0.297362 0.000000 0.368550 
0.408292 0.359852 0.000002 0.231854 
0.336372 0.308897 0.000000 0.354731 
0.342046 0.325467 0.000000 0.332488 
0.323255 0.312696 0.000000 0.364049 
0.323119 0.308009 0.000000 0.368871 
0.327182 0.314666 0.000000 0.358152 
0.330117 0.307581 0.000000 0.362302 
0.324256 0.319438 0.000000 0.356306 
0.323716 0.308107 0.000000 0.368176 
0.348710 0.341635 0.000002 0.309653 
0.343446 0.328907 0.000000 0.327647 
0.351879 0.332277 0.000001 0.315843 
0.360662 0.329942 0.000562 0.308834 
0.360916 0.332149 0.000830 0.306105 
0.363272 0.328874 0.017154 0.290700 
0.364063 0.337664 0.245368 0.052905 
0.365011 0.345455 0.172738 0.116797 
0.363985 0.343446 0.273227 0.019342 
0.362733 0.338750 0.147099 0.151418 
0.358768 0.323872 0.003355 0.314005 
0.358942 0.323655 0.000386 0.317017 
0.365025 0.340014 0.230020 0.064941 
0.365051 0.338524 0.243549 0.052876 
0.364517 0.314779 0.027341 0.293363 
0.365380 0.329332 0.198259 0.107029 
0.363172 0.319154 0.003865 0.313809 
0.364553 0.321921 0.022274 0.291252 
0.365915 0.332188 0.139206 0.162691 
0.365626 0.337582 0.138381 0.158411 
0.365640 0.331495 0.145515 0.157350 
0.365001 0.331924 0.072357 0.230717 
0.365185 0.338213 0.149174 0.147429 
0.365053 0.328931 0.092059 0.213957 
0.365650 0.332294 0.089491 0.212565 
0.365366 0.326297 0.057180 0.251157 
0.364972 0.330555 0.042483 0.261990 
0.364087 0.320718 0.307088 0.008108 
0.364342 0.300549 0.302875 0.032235 
0.365616 0.166097 0.158357 0.309930 
0.366776 0.146059 0.135448 0.351718 
0.367357 0.150690 0.125503 0.356450 
0.364452 0.080264 0.209714 0.345571 
0.366080 0.129836 0.162941 0.341143 
0.366234 0.146605 0.165177 0.321984 
0.366274 0.106269 0.265017 0.262441 
0.365294 0.038084 0.275040 0.321581 
0.366812 0.182218 0.209192 0.241778 
0.366834 0.223905 0.199410 0.209852 
0.366330 0.189686 0.134932 0.309051 
0.366338 0.161795 0.168080 0.303788 
0.366856 0.301219 0.172996 0.158929 
0.365634 0.336012 0.086630 0.211724 
0.365844 0.344534 0.095617 0.194005 
0.366242 0.344601 0.186121 0.103036 
0.368607 0.364803 0.179893 0.086697 
0.366498 0.358595 0.183366 0.091541 
0.367614 0.368237 0.225866 0.038284 
0.356558 0.349879 0.293401 0.000161 
0.359961 0.281245 0.068829 0.289965 
0.364403 0.201861 0.160606 0.273129 
0.361492 0.002685 0.318281 0.317542 
0.364933 0.257935 0.329244 0.047888 
0.366450 0.261853 0.234518 0.137179 
0.366659 0.190404 0.220781 0.222157 
0.365954 0.159857 0.144436 0.329753 
0.364734 0.022314 0.288594 0.324358 
0.365305 0.066151 0.216703 0.351841 
0.365882 0.130971 0.179464 0.323683 
0.366220 0.185596 0.210989 0.237195 
0.366107 0.190176 0.191012 0.252705 
0.365443 0.155269 0.295273 0.184016 
0.362765 0.020653 0.289765 0.326817 
0.363984 0.192788 0.093133 0.350095 
0.368342 0.180609 0.080706 0.370343 
0.403144 0.143736 0.084877 0.368242 
0.389923 0.105522 0.125783 0.378772 
0.400814 0.081747 0.144767 0.372672 
0.400458 0.091085 0.135046 0.373411 
0.363250 0.045669 0.248721 0.342360 
0.365169 0.133388 0.168392 0.333052 
0.366001 0.276420 0.201076 0.156503 
0.365701 0.317745 0.206430 0.110124 
0.365581 0.335228 0.156442 0.142750 
0.365070 0.320403 0.047469 0.267058 
0.365581 0.354508 0.078210 0.201701 
0.365783 0.358904 0.161914 0.113399 
0.365289 0.341090 0.119984 0.173638 
0.365643 0.306673 0.237848 0.089835 
0.365334 0.136732 0.169239 0.328696 
0.366316 0.156934 0.234992 0.241758 
0.366612 0.195926 0.241229 0.196233 
0.366661 0.188794 0.242372 0.202173 
0.366318 0.130884 0.147356 0.355443 
0.371921 0.134445 0.118796 0.374838 
0.381903 0.121914 0.115006 0.381177 
0.374514 0.110222 0.138070 0.377194 
0.367984 0.117464 0.153572 0.360980 
0.366219 0.116627 0.177035 0.340120 
0.367012 0.200384 0.171257 0.261347 
0.366615 0.120289 0.197560 0.315536 
0.364948 0.020139 0.288801 0.326112 
0.366246 0.106626 0.188892 0.338236 
0.365931 0.078135 0.225836 0.330098 
0.366181 0.100957 0.187850 0.345011 
0.366375 0.147503 0.150911 0.335212 
0.366309 0.143445 0.165575 0.324671 
0.365221 0.031654 0.280470 0.322654 
0.365986 0.103364 0.188875 0.341775 
0.366074 0.185741 0.117340 0.330844 
0.365113 0.144751 0.153001 0.337135 
0.365808 0.089267 0.210213 0.334712 
0.366571 0.124614 0.243700 0.265115 
0.365755 0.226461 0.328346 0.079437 
0.367137 0.196082 0.241023 0.195757 
0.367098 0.212205 0.214832 0.205866 
0.365756 0.255572 0.058053 0.320619 
0.365905 0.190950 0.088171 0.354973 
0.366257 0.181358 0.126469 0.325915 
0.365682 0.096599 0.199536 0.338183 
0.365693 0.093016 0.191274 0.350017 
0.367926 0.142012 0.124678 0.365384 
0.366488 0.202550 0.123267 0.307695 
0.366452 0.198362 0.115198 0.319988 
0.365998 0.058011 0.270129 0.305863 
0.366055 0.173108 0.334248 0.126589 
0.370703 0.130797 0.370287 0.128212 
0.365653 0.226219 0.334254 0.073874 
0.367159 0.212939 0.206783 0.213120 
0.366283 0.150625 0.148122 0.334969 
0.367047 0.219005 0.186033 0.227914 
0.366509 0.253071 0.084956 0.295464 
0.382115 0.114262 0.121896 0.381728 
0.375977 0.106258 0.138832 0.378932 
0.375304 0.212352 0.033575 0.378768 
0.365923 0.250112 0.061897 0.322068 
0.364060 0.300583 0.010370 0.324987 
0.363544 0.253685 0.044700 0.338070 
0.411241 0.115015 0.106742 0.367003 
0.372965 0.011288 0.238554 0.377193 
0.383034 0.009389 0.229996 0.377581 
0.364874 0.000680 0.259803 0.374643 
0.355162 0.000081 0.283804 0.360953 
0.356380 0.000009 0.317866 0.325744 
0.363062 0.002950 0.326826 0.307162 
0.365352 0.049081 0.232969 0.352599 
0.361858 0.002890 0.349385 0.285867 
0.358653 0.000045 0.327222 0.314080 
0.381720 0.010790 0.378505 0.228985 
0.395211 0.057467 0.376724 0.170598 
0.382639 0.230365 0.378040 0.008956 
0.380651 0.232577 0.376869 0.009904 
0.399652 0.244716 0.354543 0.001089 
0.454638 0.240398 0.296549 0.008415 
0.463265 0.254104 0.276708 0.005924 
0.536966 0.309095 0.153025 0.000913 
0.540569 0.339040 0.120324 0.000066 
0.570538 0.374066 0.054813 0.000582 
0.548180 0.383946 0.055315 0.012559 
0.511014 0.345797 0.143185 0.000004 
0.499984 0.335383 0.164607 0.000026 
0.474354 0.347850 0.177777 0.000019 
0.456161 0.331143 0.212663 0.000033 
0.457830 0.310306 0.219715 0.012149 
0.476974 0.129988 0.229989 0.163049 
0.479844 0.276049 0.243489 0.000618 
0.589227 0.267798 0.113271 0.029703 
0.618094 0.091063 0.070116 0.220727 
0.634228 0.271293 0.050055 0.044423 
0.655363 0.151721 0.029815 0.163100 
0.653696 0.168199 0.035093 0.143012 
0.564901 0.000496 0.108896 0.325707 
0.580037 0.165693 0.141339 0.112931 
0.589376 0.112184 0.123599 0.174840 
0.499056 0.000365 0.209879 0.290700 
0.404573 0.000000 0.241953 0.353474 
0.501976 0.140596 0.256368 0.101061 
0.504754 0.142624 0.252245 0.100377 
0.547305 0.131189 0.188632 0.132875 
0.545436 0.056451 0.182222 0.215891 
0.605847 0.030268 0.085388 0.278498 
0.454884 0.002799 0.271963 0.270354 
0.433447 0.104705 0.335013 0.126836 
0.370198 0.207896 0.372760 0.049146 
0.363568 0.263048 0.347985 0.025400 
0.365325 0.220486 0.091596 0.322592 
0.365885 0.303381 0.225303 0.105431 
0.366559 0.278691 0.159805 0.194945 
0.365174 0.239655 0.065572 0.329599 
0.364892 0.108841 0.176611 0.349655 
0.356280 0.000053 0.301708 0.341959 
0.364775 0.020919 0.256941 0.357366 
0.367795 0.107630 0.162094 0.362481 
0.368698 0.116915 0.147295 0.367091 
0.369341 0.082908 0.179243 0.368509 
0.367681 0.075524 0.193577 0.363218 
0.362750 0.027464 0.264256 0.345531 
0.362490 0.019303 0.269811 0.348396 
0.347527 0.000000 0.319462 0.333011 
0.365196 0.017359 0.251664 0.365782 
0.365103 0.026237 0.242841 0.365819 
0.367531 0.226683 0.037035 0.368751 
0.364038 0.257742 0.016765 0.361454 
0.362020 0.266777 0.016611 0.354593 
0.365708 0.248761 0.018342 0.367189 
0.363717 0.264786 0.008301 0.363196 
0.356787 0.290403 0.000183 0.352626 
0.352413 0.295992 0.000029 0.351566 
0.351017 0.304711 0.000003 0.344269 
0.356650 0.306450 0.000053 0.336846 
0.358716 0.305905 0.001040 0.334338 
0.358099 0.302181 0.000166 0.339554 
0.360730 0.296392 0.001802 0.341075 
0.359755 0.290445 0.004200 0.345600 
0.361937 0.300648 0.002804 0.334612 
0.364103 0.331097 0.136350 0.168450 
0.358802 0.325943 0.000122 0.315134 
0.359482 0.316067 0.000388 0.324064 
0.354052 0.323557 0.000004 0.322387 
0.355157 0.332802 0.000025 0.312016 
0.353271 0.317162 0.000004 0.329563 
0.354354 0.318316 0.000006 0.327325 
0.347668 0.310781 0.000000 0.341550 
0.343777 0.323180 0.000000 0.333044 
0.345250 0.322751 0.000000 0.331999 
0.342228 0.319831 0.000000 0.337941 
0.345716 0.335644 0.000000 0.318640 
0.348552 0.336020 0.000000 0.315427 
0.347416 0.338115 0.000000 0.314469 
0.357335 0.348468 0.000173 0.294024 
0.354761 0.343768 0.000022 0.301449 
0.354116 0.349746 0.000041 0.296097 
0.346337 0.342861 0.000000 0.310801 
0.342757 0.336547 0.000000 0.320696 
0.343410 0.323318 0.000000 0.333272 
0.339653 0.318601 0.000000 0.341746 
0.336323 0.325730 0.000000 0.337946 
0.333194 0.329375 0.000000 0.337431 
0.334379 0.328712 0.000000 0.336909 
0.333837 0.331504 0.000000 0.334659 
0.335358 0.333816 0.000000 0.330826 
0.338189 0.341937 0.000000 0.319874 
0.346868 0.349787 0.000001 0.303344 
0.354304 0.356451 0.000180 0.289065 
0.353055 0.355396 0.000043 0.291505 
0.349156 0.350141 0.000019 0.300684 
0.353148 0.352417 0.000032 0.294403 
0.353732 0.354625 0.000034 0.291609 
0.366559 0.367537 0.025674 0.240230 
0.369692 0.370235 0.127480 0.132593 
0.368368 0.368257 0.094946 0.168429 
0.359778 0.361594 0.007698 0.270930 
0.361606 0.361368 0.002773 0.274253 
0.367709 0.367655 0.060234 0.204402 
0.368760 0.368741 0.068307 0.194192 
0.367028 0.367733 0.031811 0.233428 
0.361574 0.362083 0.266017 0.010326 
0.367013 0.368276 0.049276 0.215435 
0.362259 0.363713 0.003706 0.270322 
0.367287 0.368804 0.096148 0.167761 
0.364544 0.366359 0.074604 0.194493 
0.368341 0.370126 0.122810 0.138724 
0.362338 0.365004 0.263567 0.009091 
0.367151 0.369023 0.208476 0.055349 
0.366858 0.368828 0.186474 0.077841 
0.366969 0.367821 0.172916 0.092294 
0.357806 0.360521 0.004118 0.277555 
0.358260 0.361756 0.001455 0.278529 
0.365677 0.368269 0.151506 0.114548 
0.364890 0.366980 0.243459 0.024672 
0.367195 0.368777 0.202334 0.061693 
0.368681 0.370269 0.112788 0.148263 
0.366126 0.366844 0.086652 0.180378 
0.350959 0.351819 0.000023 0.297198 
0.348770 0.347080 0.000016 0.304134 
0.344458 0.345393 0.000000 0.310148 
0.344705 0.342740 0.000002 0.312554 
0.353809 0.346646 0.000032 0.299513 
0.359127 0.352986 0.002326 0.285561 
0.350389 0.330971 0.000001 0.318640 
0.352199 0.339835 0.000022 0.307944 
0.362066 0.353860 0.028304 0.255769 
0.360067 0.347203 0.291652 0.001078 
0.351054 0.342748 0.306141 0.000057 
0.351378 0.345131 0.298542 0.004949 
0.356972 0.343265 0.299673 0.000090 
0.360408 0.348620 0.280315 0.010657 
0.360603 0.348773 0.013038 0.277586 
0.364494 0.358733 0.016012 0.260761 
0.369382 0.367876 0.130596 0.132145 
0.365398 0.360260 0.140459 0.133883 
0.366811 0.361390 0.138627 0.133172 
0.368252 0.362406 0.141942 0.127400 
0.363050 0.351901 0.064400 0.220648 
0.366809 0.357977 0.157953 0.117260 
0.366442 0.362044 0.194096 0.077418 
0.363258 0.357410 0.031097 0.248236 
0.367302 0.362316 0.180154 0.090228 
0.365225 0.358270 0.251040 0.025465 
0.365423 0.360340 0.028960 0.245276 
0.363833 0.353761 0.113999 0.168407 
0.363517 0.350871 0.273535 0.012077 
0.354093 0.328333 0.000002 0.317572 
0.361022 0.327614 0.000349 0.311015 
0.358926 0.322199 0.000033 0.318842 
0.359272 0.334701 0.000702 0.305324 
0.361491 0.339784 0.001559 0.297165 
0.361590 0.331419 0.001168 0.305822 
0.365461 0.342579 0.091095 0.200865 
0.365947 0.350280 0.048704 0.235069 
0.365141 0.347255 0.259285 0.028320 
0.365678 0.349999 0.065154 0.219169 
0.366175 0.347101 0.101083 0.185641 
0.359205 0.332480 0.308135 0.000181 
0.354904 0.318908 0.000008 0.326180 
0.363109 0.340896 0.006796 0.289199 
0.356991 0.341129 0.000265 0.301615 
0.361714 0.346149 0.003762 0.288376 
0.353735 0.326930 0.000002 0.319334 
0.360153 0.333469 0.000379 0.305999 
0.363960 0.342820 0.026995 0.266225 
0.363781 0.340194 0.016702 0.279324 
0.365343 0.337302 0.137581 0.159774 
0.365979 0.340244 0.144252 0.149525 
0.363287 0.334103 0.022432 0.280178 
0.364033 0.335830 0.258179 0.041958 
0.365455 0.350918 0.129990 0.153637 
0.365775 0.349435 0.139866 0.144924 
0.361721 0.337024 0.033318 0.267936 
0.361738 0.339776 0.016585 0.281901 
0.356322 0.330605 0.000051 0.313021 
0.350859 0.335065 0.000053 0.314024 
0.357417 0.334325 0.005320 0.302938 
0.360893 0.334213 0.280654 0.024240 
0.362811 0.346680 0.276436 0.014074 
0.360901 0.332984 0.303539 0.002576 
0.357152 0.322756 0.320053 0.000038 
0.358603 0.306539 0.333915 0.000943 
0.355952 0.269362 0.341636 0.033050 
0.359125 0.303117 0.337304 0.000455 
0.356291 0.316531 0.327141 0.000037 
0.361731 0.257242 0.356215 0.024813 
0.365547 0.185629 0.365831 0.082992 
0.366322 0.217986 0.367515 0.048177 
0.368427 0.200647 0.369186 0.061740 
0.365789 0.238146 0.366476 0.029588 
0.366384 0.178833 0.367535 0.087247 
0.367711 0.126569 0.368113 0.137607 
0.360033 0.002276 0.360032 0.277659 
0.358922 0.000580 0.358235 0.282264 
0.369317 0.111259 0.369886 0.149538 
0.368862 0.066703 0.369523 0.194912 
0.367485 0.028278 0.368169 0.236068 
0.365697 0.009382 0.366107 0.258814 
0.363202 0.004049 0.363496 0.269252 
0.366531 0.253203 0.366718 0.013548 
0.367208 0.180988 0.367611 0.084193 
0.366979 0.249954 0.366889 0.016178 
0.365249 0.263083 0.365374 0.006294 
0.362473 0.273417 0.362294 0.001815 
0.365573 0.244315 0.364358 0.025754 
0.361156 0.276707 0.357684 0.004452 
0.363528 0.124680 0.363911 0.147881 
0.367462 0.219512 0.368041 0.044986 
0.368223 0.037076 0.368736 0.225965 
0.361955 0.002588 0.360502 0.274955 
0.369365 0.137878 0.370143 0.122615 
0.368456 0.145886 0.368793 0.116864 
0.367307 0.135603 0.367984 0.129106 
0.366473 0.049051 0.366055 0.218422 
0.370356 0.121422 0.371387 0.136835 
0.370578 0.130178 0.371538 0.127706 
0.368701 0.071380 0.369665 0.190254 
0.360045 0.000831 0.361462 0.277663 
0.367636 0.033911 0.368600 0.229853 
0.359605 0.002255 0.361069 0.277072 
0.360521 0.013245 0.361829 0.264405 
0.363378 0.266248 0.364296 0.006079 
0.365816 0.245424 0.366582 0.022178 
0.367891 0.220685 0.368598 0.042826 
0.367092 0.231546 0.367994 0.033369 
0.358759 0.003854 0.359883 0.277504 
0.366756 0.140844 0.367238 0.125162 
0.364228 0.021301 0.365005 0.249465 
0.352653 0.000026 0.343394 0.303927 
0.349188 0.000003 0.351101 0.299707 
0.353866 0.000028 0.354858 0.291247 
0.369530 0.090673 0.368207 0.171590 
0.367752 0.082384 0.367247 0.182617 
0.367553 0.241719 0.368021 0.022707 
0.367611 0.037524 0.367840 0.227024 
0.366127 0.243525 0.366766 0.023582 
0.367796 0.212123 0.367340 0.052741 
0.366974 0.214103 0.367428 0.051495 
0.368986 0.096739 0.369824 0.164452 
0.368088 0.052432 0.369057 0.210423 
0.366689 0.035567 0.367063 0.230681 
0.367342 0.230578 0.366819 0.035261 
0.362227 0.264958 0.358037 0.014779 
0.364154 0.264855 0.361806 0.009184 
0.362958 0.270440 0.362968 0.003635 
0.353692 0.000023 0.352156 0.294129 
0.360704 0.000886 0.361207 0.277203 
0.370074 0.088273 0.370169 0.171484 
0.369450 0.082439 0.369996 0.178115 
0.370645 0.133367 0.371438 0.124550 
0.365080 0.251905 0.365259 0.017756 
0.360580 0.278666 0.358801 0.001953 
0.365504 0.195035 0.366183 0.073278 
0.361094 0.273428 0.362897 0.002581 
0.366344 0.074088 0.367124 0.192445 
0.367046 0.069931 0.367678 0.195345 
0.362871 0.047776 0.362425 0.226928 
0.361214 0.275233 0.361389 0.002164 
0.362574 0.268651 0.362445 0.006330 
0.364432 0.208392 0.364771 0.062404 
0.364859 0.164229 0.365460 0.105453 
0.364387 0.089052 0.365208 0.181353 
0.357346 0.002879 0.358502 0.281272 
0.351814 0.000153 0.351715 0.296318 
0.363520 0.179465 0.364024 0.092991 
0.365094 0.255055 0.364739 0.015112 
0.365551 0.198317 0.365506 0.070626 
0.362759 0.270133 0.361953 0.005155 
0.360967 0.283683 0.353256 0.002094 
0.362291 0.283936 0.349931 0.003842 
0.363707 0.282100 0.341373 0.012819 
0.364210 0.273427 0.337258 0.025105 
0.346045 0.000011 0.305633 0.348311 
0.346301 0.000000 0.328291 0.325408 
0.345733 0.000000 0.316120 0.338147 
0.360649 0.000107 0.321832 0.317412 
0.361058 0.001500 0.300784 0.336658 
0.361090 0.001705 0.331868 0.305337 
0.364111 0.263947 0.346857 0.025085 
0.364575 0.236092 0.356370 0.042962 
0.360172 0.281941 0.351985 0.005901 
0.360000 0.005354 0.351957 0.282689 
0.363824 0.185514 0.355534 0.095127 
0.368332 0.107134 0.365260 0.159274 
0.366969 0.088693 0.365971 0.178367 
0.369852 0.081522 0.370028 0.178598 
0.369151 0.070240 0.368687 0.191921 
0.365050 0.008672 0.364069 0.262209 
0.370782 0.110502 0.370008 0.148708 
0.361054 0.000642 0.360739 0.277565 
0.368282 0.039791 0.367579 0.224347 
0.369917 0.165230 0.366809 0.098044 
0.369694 0.064379 0.368423 0.197504 
0.370599 0.139369 0.368136 0.121897 
0.371988 0.125681 0.371896 0.130435 
0.370749 0.064854 0.370756 0.193641 
0.369696 0.041709 0.369694 0.218901 
0.371103 0.164173 0.370477 0.094248 
0.363393 0.002680 0.363089 0.270838 
0.331530 0.000000 0.331597 0.336873 
0.340616 0.000000 0.340336 0.319048 
0.317526 0.000000 0.313708 0.368767 
0.347772 0.000000 0.340700 0.311528 
0.358011 0.000387 0.354359 0.287243 
0.365219 0.019177 0.354353 0.261252 
0.365433 0.255068 0.345111 0.034388 
0.364664 0.020337 0.339001 0.275997 
0.365576 0.021518 0.319966 0.292940 
0.362371 0.001072 0.330058 0.306499 
0.364692 0.013378 0.329668 0.292263 
0.366521 0.172533 0.343720 0.117226 
0.366191 0.078549 0.349182 0.206078 
0.367487 0.141782 0.353512 0.137219 
0.367136 0.150302 0.348999 0.133563 
0.366119 0.081999 0.335511 0.216372 
0.367574 0.174550 0.357335 0.100540 
0.369123 0.092320 0.365044 0.173513 
0.369633 0.157989 0.366050 0.106328 
0.367466 0.235094 0.364240 0.033200 
0.369914 0.122811 0.366578 0.140697 
0.370520 0.173828 0.369202 0.086450 
0.358444 0.000447 0.358308 0.282800 
0.363680 0.002434 0.363317 0.270569 
0.371550 0.168833 0.371565 0.088052 
0.368353 0.037558 0.368267 0.225822 
0.363893 0.003373 0.363420 0.269314 
0.368583 0.060544 0.367651 0.203221 
0.371881 0.126789 0.371339 0.129991 
0.369529 0.079109 0.369514 0.181849 
0.370618 0.172289 0.370221 0.086872 
0.368242 0.216591 0.364419 0.050747 
0.369936 0.191269 0.369393 0.069402 
0.369200 0.226727 0.369123 0.034949 
0.371940 0.132400 0.371958 0.123702 
0.369748 0.048294 0.369831 0.212127 
0.366584 0.015130 0.366749 0.251536 
0.370836 0.086743 0.370867 0.171554 
0.356256 0.000061 0.356408 0.287274 
0.362435 0.001305 0.362259 0.274001 
0.366815 0.069011 0.366771 0.197403 
0.354429 0.000024 0.353497 0.292050 
0.348419 0.000001 0.346826 0.304754 
0.345222 0.000001 0.342303 0.312474 
0.343274 0.000000 0.343253 0.313473 
0.337892 0.000000 0.333444 0.328664 
0.338798 0.000000 0.322307 0.338894 
0.341157 0.000000 0.317970 0.340874 
0.341321 0.000000 0.317665 0.341014 
0.345543 0.000000 0.313803 0.340653 
0.351354 0.000007 0.299163 0.349476 
0.355464 0.000163 0.288808 0.355565 
0.358240 0.000672 0.283748 0.357340 
0.363469 0.002691 0.270211 0.363629 
0.370523 0.072554 0.186317 0.370607 
0.371198 0.127044 0.131360 0.370399 
0.370137 0.158355 0.101135 0.370373 
0.371437 0.151096 0.105854 0.371613 
0.370270 0.128073 0.133163 0.368494 
0.371365 0.110377 0.146881 0.371377 
0.371258 0.103130 0.154569 0.371043 
0.371339 0.110821 0.146966 0.370875 
0.370129 0.124679 0.137462 0.367731 
0.368485 0.109751 0.156764 0.365000 
0.364372 0.011376 0.264057 0.360195 
0.364022 0.004988 0.266411 0.364578 
0.356122 0.000210 0.287888 0.355780 
0.345209 0.000000 0.308931 0.345860 
0.365034 0.006972 0.262777 0.365218 
0.358836 0.000498 0.281575 0.359091 
0.354952 0.000048 0.289177 0.355824 
0.321220 0.000000 0.356208 0.322572 
0.347035 0.000001 0.305593 0.347371 
0.361067 0.004600 0.276917 0.357416 
0.367671 0.224280 0.043230 0.364819 
0.368694 0.197686 0.066799 0.366821 
0.368120 0.163646 0.107997 0.360238 
0.368468 0.081014 0.186077 0.364441 
0.367935 0.212045 0.054745 0.365275 
0.365445 0.033804 0.244982 0.355768 
0.359612 0.000590 0.284832 0.354966 
0.361966 0.001628 0.278252 0.358153 
0.362104 0.001997 0.284411 0.351488 
0.356564 0.000021 0.305272 0.338143 
0.350967 0.000000 0.320692 0.328341 
0.344770 0.000000 0.317757 0.337473 
0.342076 0.000000 0.316874 0.341049 
0.345114 0.000000 0.323227 0.331659 
0.347835 0.000000 0.314793 0.337371 
0.354426 0.000005 0.324019 0.321550 
0.356608 0.000122 0.335852 0.307418 
0.359095 0.001715 0.342095 0.297095 
0.358308 0.000211 0.353460 0.288021 
0.354292 0.000004 0.335703 0.310001 
0.351132 0.000000 0.327139 0.321729 
0.359611 0.000758 0.350820 0.288811 
0.362288 0.002240 0.343268 0.292203 
0.359648 0.000381 0.347969 0.292002 
0.364651 0.014264 0.354134 0.266952 
0.356150 0.000037 0.342006 0.301807 
0.350903 0.000002 0.347552 0.301543 
0.342392 0.000000 0.335440 0.322168 
0.339404 0.000000 0.334762 0.325834 
0.344046 0.000000 0.343248 0.312706 
0.340392 0.000000 0.340967 0.318641 
0.339658 0.000000 0.332959 0.327382 
0.336298 0.000000 0.329485 0.334217 
0.333342 0.000000 0.333651 0.333007 
0.334086 0.000000 0.331899 0.334015 
0.334681 0.000000 0.331875 0.333444 
0.335699 0.000000 0.335619 0.328681 
0.338986 0.000000 0.329229 0.331785 
0.336109 0.000000 0.327818 0.336074 
0.339193 0.000000 0.321983 0.338824 
0.345755 0.000000 0.308463 0.345782 
0.340723 0.000000 0.318785 0.340492 
0.342606 0.000000 0.315362 0.342032 
0.338981 0.000000 0.324059 0.336960 
0.338660 0.000000 0.324874 0.336466 
0.338023 0.000000 0.328235 0.333742 
0.336596 0.000000 0.326955 0.336449 
0.337158 0.000000 0.330856 0.331986 
0.335113 0.000000 0.330628 0.334259 
0.338301 0.000000 0.332403 0.329296 
0.344012 0.000000 0.338477 0.317511 
0.343361 0.000000 0.331665 0.324975 
0.354157 0.000010 0.349186 0.296648 
0.362126 0.002077 0.358947 0.276849 
0.369408 0.067032 0.367862 0.195698 
0.366952 0.015391 0.365923 0.251733 
0.354501 0.000031 0.354446 0.291022 
0.366373 0.015462 0.366280 0.251885 
0.365759 0.009358 0.365329 0.259553 
0.371063 0.115434 0.370783 0.142720 
0.369090 0.177252 0.369014 0.084644 
0.370582 0.195217 0.370515 0.063686 
0.370860 0.076814 0.370767 0.181559 
0.367188 0.028552 0.364208 0.240052 
0.368484 0.215973 0.364915 0.050628 
0.367324 0.202174 0.355832 0.074671 
0.367959 0.168970 0.359052 0.104020 
0.366950 0.215698 0.355986 0.061367 
0.368523 0.119359 0.361954 0.150163 
0.370231 0.143434 0.367054 0.119281 
0.369045 0.073813 0.368350 0.188792 
0.370700 0.069793 0.370587 0.188920 
0.367549 0.034417 0.367464 0.230570 
0.367347 0.214178 0.365253 0.053222 
0.369073 0.200825 0.368759 0.061343 
0.364945 0.107210 0.363215 0.164630 
0.363005 0.009824 0.362551 0.264620 
0.365389 0.026551 0.363462 0.244598 
0.355677 0.000155 0.355529 0.288639 
0.354669 0.000064 0.354781 0.290486 
0.364138 0.003426 0.363987 0.268448 
0.365498 0.013774 0.364965 0.255762 
0.369201 0.056468 0.369192 0.205139 
0.367946 0.029375 0.365833 0.236847 
0.368431 0.224847 0.365753 0.040969 
0.365301 0.012799 0.358359 0.263542 
0.366061 0.030476 0.359422 0.244041 
0.367532 0.208863 0.358545 0.065059 
0.365114 0.022969 0.349948 0.261968 
0.365266 0.014121 0.360138 0.260475 
0.369656 0.141247 0.365023 0.124073 
0.365638 0.072941 0.353845 0.207576 
0.364140 0.017686 0.342419 0.275755 
0.360823 0.000261 0.327672 0.311245 
0.363028 0.045977 0.238690 0.352306 
0.355757 0.000028 0.304541 0.339674 
0.351810 0.000002 0.303265 0.344922 
0.357064 0.000082 0.292463 0.350391 
0.357688 0.000267 0.293736 0.348310 
0.355578 0.000009 0.308244 0.336169 
0.352263 0.000007 0.296815 0.350915 
0.349980 0.000005 0.301668 0.348347 
0.356012 0.000038 0.288392 0.355557 
0.358837 0.000273 0.285253 0.355637 
0.358488 0.000146 0.285425 0.355941 
0.364913 0.004475 0.265787 0.364825 
0.361223 0.000800 0.276972 0.361004 
0.363317 0.002438 0.271324 0.362920 
0.369395 0.053314 0.209147 0.368145 
0.365128 0.019262 0.262896 0.352714 
0.365011 0.010170 0.265350 0.359469 
0.361241 0.000867 0.281751 0.356141 
0.363602 0.003191 0.271993 0.361214 
0.364846 0.006924 0.266621 0.361609 
0.366125 0.015842 0.255978 0.362056 
0.372209 0.129280 0.126263 0.372247 
0.371032 0.114337 0.144249 0.370382 
0.370658 0.064022 0.194612 0.370708 
0.363635 0.004278 0.268177 0.363910 
0.366516 0.072310 0.194477 0.366698 
0.365670 0.259012 0.011624 0.363694 
0.366744 0.226289 0.041753 0.365214 
0.368226 0.191664 0.076103 0.364007 
0.365615 0.248574 0.033275 0.352536 
0.367908 0.188022 0.085421 0.358649 
0.367974 0.087664 0.185416 0.358947 
0.367267 0.100957 0.178700 0.353076 
0.366719 0.148613 0.221250 0.263418 
0.367004 0.220159 0.170067 0.242770 
0.367256 0.202611 0.243778 0.186356 
0.367279 0.205043 0.231963 0.195715 
0.367272 0.236736 0.164926 0.231066 
0.367128 0.159214 0.301430 0.172229 
0.367125 0.260258 0.238803 0.133814 
0.366087 0.088700 0.330647 0.214566 
0.361892 0.002618 0.346586 0.288904 
0.361186 0.000199 0.313191 0.325423 
0.363920 0.007407 0.292211 0.336461 
0.358584 0.000071 0.314261 0.327083 
0.362519 0.003425 0.312280 0.321777 
0.365865 0.243233 0.049674 0.341229 
0.364562 0.277261 0.018832 0.339345 
0.366798 0.106219 0.173849 0.353134 
0.367289 0.118847 0.161688 0.352175 
0.366449 0.095899 0.218297 0.319355 
0.367168 0.231061 0.238647 0.163124 
0.366958 0.301046 0.150785 0.181211 
0.366943 0.286966 0.140276 0.205815 
0.367385 0.212667 0.220850 0.199098 
0.366749 0.204429 0.113404 0.315418 
0.367346 0.193220 0.227447 0.211987 
0.366192 0.075816 0.328221 0.229771 
0.366379 0.110565 0.335658 0.187398 
0.365388 0.018886 0.314622 0.301104 
0.366834 0.138404 0.215926 0.278836 
0.366124 0.227014 0.090864 0.315998 
0.366956 0.255055 0.135468 0.242521 
0.366861 0.251059 0.243575 0.138505 
0.366565 0.210741 0.273335 0.149359 
0.364761 0.183406 0.114441 0.337393 
0.366605 0.278355 0.150422 0.204618 
0.366405 0.320827 0.186213 0.126555 
0.365436 0.294979 0.018595 0.320990 
0.366841 0.327763 0.145298 0.160099 
0.366541 0.343515 0.091473 0.198471 
0.365760 0.321376 0.054653 0.258210 
0.365749 0.346374 0.059134 0.228742 
0.367080 0.345848 0.144091 0.142980 
0.365325 0.356274 0.043361 0.235041 
0.366425 0.363473 0.047066 0.223037 
0.365085 0.363930 0.005681 0.265304 
0.367685 0.360561 0.176857 0.094897 
0.364967 0.370490 0.262053 0.002490 
0.332929 0.357954 0.309117 0.000000 
0.355578 0.361657 0.282740 0.000025 
0.361010 0.364856 0.273298 0.000836 
0.358756 0.363202 0.277891 0.000150 
0.301085 0.349842 0.349073 0.000000 
0.313621 0.338662 0.347716 0.000000 
0.342959 0.293266 0.363775 0.000000 
0.329368 0.351737 0.318895 0.000000 
0.349994 0.346169 0.303836 0.000002 
0.355430 0.363577 0.154029 0.126965 
0.365707 0.370361 0.222964 0.040969 
0.349854 0.344251 0.305894 0.000001 
0.357173 0.341696 0.300353 0.000778 
0.356129 0.335258 0.308365 0.000248 
0.360018 0.370548 0.004268 0.265167 
0.360180 0.373231 0.000032 0.266557 
0.352289 0.369709 0.000003 0.277999 
0.361794 0.374116 0.000027 0.264062 
0.351647 0.370755 0.000002 0.277596 
0.366844 0.368292 0.024036 0.240828 
0.360748 0.339188 0.000551 0.299513 
0.364402 0.342890 0.023531 0.269177 
0.362322 0.326634 0.001521 0.309523 
0.363395 0.330161 0.003063 0.303381 
0.364856 0.327128 0.044690 0.263326 
0.361088 0.339344 0.298901 0.000666 
0.364769 0.341199 0.265312 0.028721 
0.366256 0.335100 0.221562 0.077081 
0.366512 0.327596 0.115148 0.190745 
0.365239 0.324939 0.292539 0.017283 
0.366535 0.320998 0.229722 0.082745 
0.366554 0.279094 0.138965 0.215387 
0.367108 0.180747 0.157058 0.295087 
0.367220 0.242423 0.184306 0.206051 
0.366816 0.134937 0.313178 0.185069 
0.366549 0.119149 0.189482 0.324820 
0.365784 0.009177 0.258695 0.366344 
0.366140 0.037908 0.299365 0.296587 
0.366657 0.173672 0.339360 0.120311 
0.366647 0.171193 0.335056 0.127104 
0.366925 0.142168 0.345566 0.145341 
0.369698 0.134081 0.365102 0.131118 
0.362671 0.000640 0.320000 0.316689 
0.366188 0.054923 0.323494 0.255394 
0.366735 0.099253 0.315079 0.218934 
0.367400 0.204293 0.231719 0.196587 
0.367336 0.190023 0.201018 0.241623 
0.366571 0.175441 0.179100 0.278888 
0.366887 0.174464 0.213112 0.245537 
0.367205 0.208139 0.266123 0.158534 
0.366620 0.163137 0.319702 0.150541 
0.365572 0.201048 0.321341 0.112039 
0.364354 0.009951 0.320308 0.305387 
0.359619 0.000048 0.314756 0.325576 
0.366094 0.056102 0.322023 0.255780 
0.366153 0.228188 0.338136 0.067523 
0.366014 0.230002 0.344797 0.059186 
0.366289 0.121197 0.347689 0.164825 
0.362335 0.000799 0.327635 0.309231 
0.363477 0.006718 0.348181 0.281624 
0.367674 0.179640 0.356461 0.096225 
0.366735 0.133220 0.348265 0.151779 
0.366904 0.177434 0.348391 0.107270 
0.366198 0.107757 0.347426 0.178619 
0.362839 0.003692 0.346476 0.286993 
0.360664 0.000466 0.339498 0.299373 
0.358135 0.000016 0.316572 0.325277 
0.362087 0.000410 0.316247 0.321256 
0.357573 0.000010 0.325939 0.316478 
0.348073 0.000000 0.322185 0.329742 
0.353112 0.000003 0.306249 0.340636 
0.347453 0.000001 0.305942 0.346605 
0.359889 0.003350 0.278782 0.357979 
