0.252692 0.250486 0.243818 0.253005 
0.271607 0.216444 0.255767 0.256182 
0.335132 0.326984 0.332642 0.005242 
0.334507 0.330941 0.334551 0.000001 
0.336511 0.327303 0.336186 0.000000 
0.341283 0.318621 0.339549 0.000547 
0.345493 0.324074 0.327849 0.002584 
0.347901 0.328641 0.323457 0.000001 
0.352339 0.329729 0.317931 0.000000 
0.347582 0.323010 0.329407 0.000001 
0.347141 0.319085 0.333451 0.000323 
0.344041 0.320400 0.335555 0.000004 
0.340888 0.320914 0.338199 0.000000 
0.337923 0.326794 0.335283 0.000000 
0.334610 0.330962 0.334428 0.000000 
0.338689 0.322630 0.338681 0.000000 
0.336461 0.328135 0.335404 0.000000 
0.337633 0.326385 0.335981 0.000000 
0.340981 0.325941 0.333078 0.000000 
0.345271 0.326908 0.327821 0.000000 
0.346403 0.319328 0.334268 0.000000 
0.345391 0.314316 0.333572 0.006721 
0.345583 0.040853 0.331178 0.282386 
0.346491 0.312186 0.341069 0.000253 
0.345751 0.326342 0.327907 0.000000 
0.346125 0.319412 0.334463 0.000000 
0.342428 0.315496 0.342077 0.000000 
0.341701 0.317393 0.340906 0.000000 
0.339982 0.321265 0.338753 0.000000 
0.340875 0.317949 0.341176 0.000000 
0.344950 0.311163 0.343881 0.000006 
0.344352 0.314321 0.341327 0.000000 
0.346219 0.310862 0.342919 0.000000 
0.345670 0.311481 0.342850 0.000000 
0.347746 0.311600 0.340654 0.000000 
0.349915 0.305891 0.344194 0.000001 
0.351196 0.307684 0.341119 0.000001 
0.356237 0.293476 0.349446 0.000841 
0.357925 0.289318 0.350093 0.002665 
0.358604 0.300140 0.341140 0.000116 
0.359353 0.304287 0.336127 0.000232 
0.361333 0.293264 0.344347 0.001056 
0.362290 0.308082 0.327885 0.001742 
0.362752 0.307146 0.327223 0.002879 
0.359908 0.301942 0.337402 0.000748 
0.359124 0.297083 0.343299 0.000494 
0.354119 0.310676 0.335166 0.000040 
0.357421 0.291639 0.350855 0.000086 
0.363536 0.140177 0.359705 0.136583 
0.362378 0.280216 0.355421 0.001985 
0.367691 0.244754 0.366677 0.020879 
0.363918 0.267755 0.362424 0.005903 
0.363890 0.271452 0.359406 0.005252 
0.366170 0.034485 0.364777 0.234569 
0.366588 0.028084 0.364061 0.241267 
0.369101 0.162605 0.364740 0.103554 
0.367172 0.208842 0.358394 0.065592 
0.362817 0.278616 0.349640 0.008927 
0.360078 0.297377 0.342046 0.000499 
0.360739 0.304670 0.333862 0.000729 
0.354353 0.043836 0.278253 0.323559 
0.341176 0.000004 0.319432 0.339387 
0.342287 0.000001 0.318623 0.339089 
0.359134 0.031133 0.356782 0.252952 
0.361434 0.247237 0.351484 0.039844 
0.356744 0.295098 0.347554 0.000604 
0.359626 0.294708 0.345335 0.000332 
0.361881 0.308985 0.328507 0.000627 
0.363179 0.316682 0.318959 0.001180 
0.364296 0.324574 0.042610 0.268520 
0.366673 0.331748 0.142675 0.158904 
0.364095 0.315823 0.004952 0.315131 
0.365594 0.324116 0.054511 0.255779 
0.365793 0.326033 0.268638 0.039536 
0.363928 0.282100 0.023943 0.330029 
0.366629 0.256687 0.008865 0.367820 
0.365605 0.087623 0.189097 0.357675 
0.361091 0.008688 0.286349 0.343872 
0.362471 0.001995 0.269538 0.365996 
0.378591 0.000033 0.255867 0.365509 
0.353886 0.000009 0.280267 0.365839 
0.294090 0.000000 0.336210 0.369700 
0.291685 0.000000 0.369309 0.339005 
0.232483 0.000000 0.383773 0.383743 
0.328106 0.000000 0.345854 0.326040 
0.298511 0.000000 0.332589 0.368900 
0.270515 0.000000 0.361346 0.368139 
0.295020 0.000000 0.342831 0.362149 
0.344049 0.000000 0.290551 0.365400 
0.418601 0.045424 0.182866 0.353109 
0.429452 0.016541 0.214631 0.339376 
0.501695 0.207782 0.042450 0.248073 
0.504749 0.139982 0.102981 0.252289 
0.495703 0.104663 0.135356 0.264278 
0.490513 0.053316 0.189512 0.266659 
0.432828 0.103454 0.118272 0.345446 
0.432743 0.109607 0.109020 0.348630 
0.367051 0.140301 0.146549 0.346098 
0.366551 0.104953 0.251099 0.277397 
0.366965 0.130064 0.219066 0.283905 
0.367398 0.208900 0.224608 0.199094 
0.366163 0.042666 0.304043 0.287129 
0.365653 0.027221 0.282955 0.324171 
0.365485 0.017158 0.302449 0.314909 
0.366629 0.154591 0.161317 0.317464 
0.367037 0.156893 0.265120 0.210950 
0.366815 0.216012 0.310639 0.106534 
0.364728 0.288197 0.331541 0.015534 
0.365565 0.113686 0.325394 0.195354 
0.364771 0.273157 0.337679 0.024393 
0.364239 0.268070 0.363769 0.003923 
0.372946 0.246311 0.377769 0.002975 
0.368121 0.254897 0.375097 0.001886 
0.363097 0.269379 0.366077 0.001447 
0.362349 0.261924 0.372523 0.003204 
0.365335 0.206686 0.371605 0.056375 
0.369960 0.252242 0.376438 0.001359 
0.361622 0.001752 0.373643 0.262983 
0.362771 0.002008 0.364975 0.270246 
0.349031 0.000001 0.351963 0.299006 
0.354059 0.000000 0.368839 0.277102 
0.407984 0.013293 0.362480 0.216243 
0.413848 0.117526 0.367381 0.101245 
0.417823 0.133035 0.362198 0.086943 
0.427555 0.087731 0.343180 0.141534 
0.436350 0.154553 0.337080 0.072017 
0.411785 0.064086 0.363542 0.160587 
0.394200 0.013483 0.368067 0.224251 
0.379102 0.195073 0.378723 0.047102 
0.361631 0.286861 0.347481 0.004027 
0.363939 0.276359 0.350808 0.008894 
0.361607 0.278183 0.358261 0.001949 
0.361402 0.288214 0.348628 0.001756 
0.355006 0.308175 0.336812 0.000008 
0.353411 0.327879 0.318700 0.000010 
0.360970 0.307612 0.003655 0.327762 
0.367047 0.352815 0.170836 0.109303 
0.367270 0.350422 0.133773 0.148535 
0.363852 0.338009 0.289632 0.008508 
0.362469 0.306803 0.329464 0.001264 
0.360054 0.000409 0.341699 0.297838 
0.361001 0.001699 0.351273 0.286026 
0.343659 0.000000 0.324770 0.331571 
0.342682 0.000000 0.311229 0.346090 
0.354615 0.000013 0.345781 0.299591 
0.330748 0.000000 0.326890 0.342362 
0.343107 0.000000 0.333608 0.323286 
0.369715 0.102222 0.366500 0.161562 
0.367203 0.147965 0.354222 0.130611 
0.367791 0.094971 0.357734 0.179504 
0.366944 0.143483 0.347940 0.141633 
0.365596 0.048286 0.338237 0.247882 
0.367136 0.131788 0.349873 0.151203 
0.367672 0.158231 0.355263 0.118834 
0.364176 0.007558 0.323704 0.304562 
0.363079 0.001797 0.314838 0.320286 
0.358977 0.000107 0.305963 0.334953 
0.352266 0.000007 0.286950 0.360777 
0.354050 0.000006 0.308303 0.337640 
0.360594 0.000254 0.268278 0.370874 
0.381115 0.002500 0.239848 0.376537 
0.372475 0.004457 0.246420 0.376647 
0.363487 0.002487 0.263328 0.370697 
0.350710 0.000003 0.312833 0.336454 
0.352863 0.000002 0.275472 0.371663 
0.365618 0.000001 0.279484 0.354898 
0.331288 0.000000 0.308169 0.360544 
0.341365 0.000000 0.330412 0.328223 
0.358601 0.001102 0.351175 0.289121 
0.358219 0.000087 0.333943 0.307751 
0.360842 0.004164 0.336637 0.298357 
0.365898 0.198273 0.342247 0.093581 
0.364969 0.235663 0.342032 0.057336 
0.367537 0.161989 0.354050 0.116425 
0.364598 0.068107 0.344212 0.223084 
0.365812 0.242874 0.347822 0.043493 
0.363901 0.012398 0.344749 0.278952 
0.365280 0.063690 0.321243 0.249786 
0.366832 0.164557 0.343943 0.124669 
0.367464 0.128540 0.352835 0.151161 
0.363852 0.013260 0.336216 0.286671 
0.362049 0.001794 0.328155 0.308002 
0.362902 0.001522 0.313053 0.322523 
0.364970 0.013268 0.326962 0.294800 
0.360214 0.000105 0.319081 0.320601 
0.361222 0.000433 0.314996 0.323349 
0.363987 0.003558 0.324723 0.307732 
0.366634 0.125002 0.341640 0.166724 
0.366076 0.226017 0.337400 0.070507 
0.364620 0.270937 0.340574 0.023870 
0.364421 0.015702 0.339296 0.280581 
0.366613 0.146299 0.338448 0.148640 
0.366485 0.138893 0.336810 0.157811 
0.366215 0.182113 0.325920 0.125753 
0.364932 0.083464 0.222027 0.329577 
0.364454 0.015758 0.287963 0.331825 
0.362806 0.001041 0.318385 0.317768 
0.361713 0.001273 0.323351 0.313663 
0.360486 0.000406 0.306417 0.332692 
0.361569 0.000346 0.322542 0.315542 
0.365127 0.024879 0.328847 0.281146 
0.366681 0.166916 0.311635 0.154767 
0.365754 0.181114 0.154784 0.298348 
0.366566 0.271944 0.248570 0.112921 
0.366227 0.309378 0.258718 0.065678 
0.366110 0.310865 0.060070 0.262955 
0.366161 0.327857 0.180128 0.125855 
0.366039 0.333454 0.134430 0.166077 
0.364110 0.284813 0.333671 0.017407 
0.364786 0.260972 0.343195 0.031047 
0.364829 0.126407 0.343990 0.164774 
0.372521 0.168622 0.376045 0.082812 
0.370803 0.164747 0.373424 0.091026 
0.364124 0.018918 0.344688 0.272270 
0.366223 0.203252 0.346250 0.084276 
0.365618 0.227915 0.346097 0.060369 
0.365212 0.247762 0.349058 0.037969 
0.364199 0.039511 0.335972 0.260319 
0.363400 0.009134 0.346642 0.280824 
0.365390 0.044651 0.330773 0.259186 
0.357232 0.000106 0.354731 0.287931 
0.363591 0.000410 0.374334 0.261665 
0.363537 0.000020 0.373143 0.263300 
0.386913 0.118052 0.382215 0.112820 
0.374431 0.111596 0.376696 0.137277 
0.392681 0.121911 0.380732 0.104675 
0.364621 0.067890 0.357435 0.210054 
0.366090 0.074254 0.346802 0.212855 
0.363597 0.008401 0.343779 0.284223 
0.366136 0.062238 0.347609 0.224017 
0.381582 0.120097 0.381858 0.116463 
0.323636 0.000000 0.362428 0.313936 
0.279062 0.000000 0.367176 0.353762 
0.410987 0.010321 0.352612 0.226081 
0.423544 0.029152 0.347522 0.199782 
0.483573 0.000025 0.210015 0.306387 
0.500220 0.006724 0.232780 0.260276 
0.442375 0.000037 0.279035 0.278553 
0.593017 0.119472 0.123639 0.163872 
0.625106 0.124080 0.076852 0.173962 
0.565098 0.281037 0.140982 0.012882 
0.563272 0.260619 0.149275 0.026835 
0.482083 0.275408 0.241276 0.001233 
0.439987 0.272234 0.287660 0.000119 
0.459048 0.266403 0.269733 0.004817 
0.564956 0.314343 0.119071 0.001630 
0.547051 0.292789 0.155019 0.005142 
0.501200 0.282470 0.214350 0.001981 
0.517198 0.261726 0.208803 0.012272 
0.473603 0.081346 0.273295 0.171756 
0.474858 0.000144 0.235291 0.289707 
0.412672 0.000002 0.302090 0.285237 
0.383525 0.000023 0.357138 0.259314 
0.411335 0.000504 0.334933 0.253228 
0.344805 0.000000 0.368145 0.287050 
0.349622 0.000001 0.343740 0.306637 
0.363044 0.002310 0.361993 0.272653 
0.371336 0.139780 0.373853 0.115031 
0.366298 0.212628 0.341619 0.079455 
0.364393 0.266049 0.360112 0.009446 
0.361292 0.281130 0.350777 0.006801 
0.361904 0.306355 0.330751 0.000990 
0.364914 0.281255 0.333167 0.020664 
0.362547 0.300339 0.335076 0.002038 
0.361167 0.312346 0.326145 0.000342 
0.363499 0.333539 0.132990 0.169972 
0.358387 0.317571 0.324023 0.000019 
0.361582 0.324782 0.097177 0.216458 
0.364769 0.334493 0.233576 0.067162 
0.363656 0.323600 0.002496 0.310249 
0.361934 0.320250 0.004454 0.313363 
0.361673 0.327631 0.010195 0.300501 
0.360171 0.312151 0.000221 0.327456 
0.361816 0.297468 0.004175 0.336540 
0.359477 0.315110 0.000116 0.325297 
0.356781 0.305392 0.000066 0.337761 
0.363038 0.288345 0.016740 0.331877 
0.365033 0.237136 0.041332 0.356499 
0.367076 0.218926 0.053970 0.360028 
0.365244 0.262085 0.039288 0.333383 
0.367076 0.223855 0.229437 0.179632 
0.366650 0.220276 0.292144 0.120930 
0.367124 0.213590 0.199236 0.220051 
0.366773 0.215505 0.166483 0.251239 
0.366559 0.218364 0.226037 0.189040 
0.366137 0.228810 0.143325 0.261728 
0.364763 0.282799 0.027920 0.324519 
0.365922 0.337944 0.177122 0.119012 
0.366308 0.341406 0.144565 0.147721 
0.363188 0.338387 0.291233 0.007192 
0.363699 0.333365 0.008779 0.294157 
0.366063 0.340196 0.105876 0.187865 
0.362383 0.321842 0.314660 0.001115 
0.363088 0.258354 0.214264 0.164293 
0.362315 0.269136 0.326301 0.042248 
0.359968 0.295183 0.344426 0.000423 
0.356731 0.302681 0.340558 0.000030 
0.362139 0.319987 0.313079 0.004795 
0.358441 0.314058 0.327460 0.000041 
0.366071 0.338034 0.101306 0.194589 
0.363813 0.333835 0.010976 0.291376 
0.366118 0.334358 0.089653 0.209871 
0.365510 0.330010 0.263291 0.041190 
0.366568 0.330883 0.145051 0.157498 
0.366732 0.317465 0.158598 0.157204 
0.366648 0.315832 0.118164 0.199356 
0.366391 0.322465 0.177511 0.133633 
0.366716 0.329549 0.158220 0.145516 
0.366481 0.330347 0.206065 0.097108 
0.366473 0.332587 0.190480 0.110460 
0.361984 0.323226 0.000433 0.314357 
0.366442 0.338916 0.199391 0.095251 
0.366326 0.333889 0.201504 0.098282 
0.364279 0.329565 0.017092 0.289064 
0.363939 0.329516 0.295479 0.011066 
0.362072 0.330418 0.272978 0.034532 
0.360719 0.313922 0.000560 0.324799 
0.363520 0.338307 0.007952 0.290221 
0.366266 0.344834 0.072370 0.216530 
0.366351 0.340059 0.212061 0.081529 
0.362544 0.293052 0.010208 0.334196 
0.361352 0.316600 0.000171 0.321877 
0.365253 0.327588 0.025709 0.281449 
0.363200 0.315091 0.001204 0.320505 
0.365856 0.341564 0.100888 0.191692 
0.366539 0.345785 0.081717 0.205959 
0.362521 0.330994 0.305181 0.001304 
0.358983 0.314104 0.326757 0.000155 
0.362192 0.294407 0.028457 0.314944 
0.366735 0.247626 0.020762 0.364877 
0.363806 0.289039 0.009286 0.337868 
0.366333 0.314554 0.106487 0.212625 
0.365852 0.251572 0.028246 0.354329 
0.382332 0.227122 0.011612 0.378933 
0.364064 0.277583 0.018079 0.340274 
0.367284 0.171124 0.099598 0.361994 
0.359783 0.004445 0.266102 0.369671 
0.363856 0.017811 0.261983 0.356350 
0.363592 0.007663 0.274823 0.353922 
0.364381 0.007358 0.310985 0.317276 
0.364929 0.027245 0.259335 0.348491 
0.366489 0.296168 0.071635 0.265708 
0.366900 0.318041 0.144718 0.170341 
0.365064 0.312997 0.050840 0.271099 
0.364826 0.314988 0.312057 0.008129 
0.363041 0.314870 0.321007 0.001082 
0.363560 0.295741 0.168716 0.171983 
0.359895 0.312354 0.327433 0.000318 
0.363402 0.223289 0.341188 0.072121 
0.362555 0.080603 0.336112 0.220731 
0.361644 0.310776 0.326812 0.000767 
0.365169 0.277874 0.311180 0.045778 
0.364881 0.328920 0.276138 0.030060 
0.363500 0.310332 0.302168 0.024000 
0.362467 0.323277 0.005072 0.309184 
0.361981 0.335951 0.023301 0.278767 
0.364965 0.344994 0.197378 0.092664 
0.364439 0.337995 0.044115 0.253450 
0.363307 0.337395 0.011127 0.288171 
0.363690 0.332222 0.014781 0.289307 
0.366257 0.339570 0.128760 0.165413 
0.365173 0.333029 0.128881 0.172917 
0.357639 0.314058 0.328235 0.000068 
0.360633 0.309536 0.329143 0.000688 
0.364989 0.310910 0.140709 0.183392 
0.362811 0.281240 0.344615 0.011333 
0.362383 0.291705 0.341383 0.004528 
0.355678 0.290307 0.353909 0.000106 
0.359509 0.288541 0.351008 0.000942 
0.364722 0.256696 0.367589 0.010993 
0.363038 0.268959 0.361951 0.006051 
0.366904 0.250268 0.372134 0.010694 
0.364956 0.152525 0.334144 0.148375 
0.364054 0.257605 0.337900 0.040441 
0.359674 0.000697 0.337301 0.302328 
0.365330 0.070664 0.350326 0.213680 
0.365336 0.098729 0.338332 0.197603 
0.365514 0.112779 0.344871 0.176835 
0.366666 0.110931 0.355974 0.166429 
0.361867 0.003048 0.330305 0.304780 
0.366250 0.085792 0.355397 0.192561 
0.364868 0.048945 0.331054 0.255132 
0.365196 0.218961 0.331410 0.084433 
0.364234 0.058308 0.334932 0.242526 
0.364473 0.025181 0.318110 0.292237 
0.366426 0.186671 0.219645 0.227258 
0.365955 0.203401 0.128110 0.302534 
0.365410 0.090675 0.235172 0.308743 
0.365872 0.242967 0.269110 0.122051 
0.364581 0.053814 0.320738 0.260866 
0.364607 0.056235 0.259821 0.319336 
0.365233 0.158202 0.140649 0.335917 
0.364870 0.054657 0.266956 0.313517 
0.365217 0.161725 0.156005 0.317053 
0.366246 0.229738 0.180906 0.223110 
0.366388 0.215643 0.223578 0.194391 
0.366327 0.211214 0.181207 0.241252 
0.366511 0.203299 0.204036 0.226155 
0.364872 0.086331 0.336825 0.211972 
0.365613 0.144073 0.340734 0.149580 
0.361996 0.019696 0.284647 0.333661 
0.365182 0.006605 0.255101 0.373112 
0.400543 0.003998 0.243793 0.351665 
0.331795 0.000000 0.299866 0.368339 
0.362284 0.002255 0.262912 0.372548 
0.359762 0.000793 0.265851 0.373594 
0.429062 0.005034 0.255121 0.310783 
0.406399 0.104459 0.124937 0.364205 
0.368673 0.180559 0.076511 0.374256 
0.363236 0.058801 0.215112 0.362851 
0.365150 0.116571 0.160069 0.358210 
0.364554 0.011500 0.252706 0.371241 
0.362723 0.023499 0.267976 0.345802 
0.365147 0.066683 0.246584 0.321586 
0.365765 0.121320 0.299527 0.213388 
0.366431 0.219174 0.211391 0.203005 
0.365203 0.062365 0.283046 0.289386 
0.363269 0.013286 0.326957 0.296488 
0.362880 0.013322 0.329809 0.293989 
0.365341 0.153673 0.322789 0.158197 
0.360963 0.004385 0.279233 0.355419 
0.361309 0.010236 0.292918 0.335537 
0.367716 0.024028 0.235922 0.372334 
0.362692 0.013956 0.276361 0.346991 
0.361673 0.003755 0.298409 0.336163 
0.365168 0.111488 0.182574 0.340770 
0.398156 0.067379 0.162098 0.372368 
0.407466 0.019829 0.216160 0.356546 
0.423168 0.001995 0.252416 0.322421 
0.440580 0.141094 0.109462 0.308865 
0.399568 0.232760 0.007686 0.359986 
0.469813 0.212070 0.041263 0.276854 
0.380442 0.239142 0.004871 0.375545 
0.401848 0.195725 0.035513 0.366914 
0.378436 0.019649 0.223783 0.378132 
0.364739 0.029820 0.250054 0.355387 
0.366022 0.164559 0.117134 0.352285 
0.364869 0.056531 0.241365 0.337235 
0.364133 0.048352 0.244901 0.342614 
0.363853 0.235634 0.060040 0.340473 
0.366035 0.222096 0.156505 0.255364 
0.365920 0.123205 0.266603 0.244272 
0.365691 0.155502 0.314525 0.164282 
0.362856 0.016958 0.299163 0.321023 
0.363380 0.018769 0.290813 0.327039 
0.365914 0.183343 0.191116 0.259627 
0.364386 0.195365 0.097315 0.342934 
0.364711 0.158653 0.142313 0.334323 
0.365562 0.202433 0.168751 0.263255 
0.365358 0.147972 0.193865 0.292806 
0.364404 0.168266 0.137312 0.330019 
0.364147 0.129985 0.180589 0.325279 
0.362091 0.015016 0.310942 0.311950 
0.363036 0.072596 0.246513 0.317855 
0.363655 0.157693 0.161352 0.317300 
0.363407 0.196832 0.115739 0.324022 
0.364265 0.262890 0.169593 0.203251 
0.364537 0.230495 0.195699 0.209269 
0.364323 0.159093 0.169265 0.307319 
0.364253 0.195837 0.125756 0.314154 
0.364039 0.115233 0.196653 0.324075 
0.364380 0.207781 0.132840 0.294999 
0.362506 0.102830 0.189964 0.344700 
0.363074 0.057402 0.251601 0.327923 
0.364173 0.161754 0.114558 0.359515 
0.362033 0.190339 0.102984 0.344644 
0.362911 0.103009 0.198019 0.336060 
0.364289 0.284724 0.181780 0.169206 
0.361879 0.058393 0.277353 0.302375 
0.361753 0.067558 0.334619 0.236071 
0.363153 0.159951 0.327444 0.149451 
0.364192 0.180860 0.187650 0.267298 
0.362801 0.249367 0.075937 0.311895 
0.363211 0.319308 0.133360 0.184120 
0.360762 0.328692 0.295376 0.015170 
0.360552 0.337070 0.058993 0.243385 
0.362904 0.350087 0.144092 0.142917 
0.358673 0.343543 0.042820 0.254964 
0.355508 0.341100 0.301583 0.001808 
0.355481 0.348519 0.161327 0.134673 
0.359865 0.351844 0.227543 0.060748 
0.360258 0.351678 0.052115 0.235949 
0.356929 0.349025 0.009578 0.284467 
0.360155 0.344590 0.178425 0.116830 
0.361018 0.342627 0.115862 0.180493 
0.361584 0.351286 0.065801 0.221329 
0.361965 0.353125 0.079892 0.205018 
0.363124 0.359382 0.196673 0.080821 
0.363663 0.360657 0.106653 0.169028 
0.364815 0.365327 0.139878 0.129980 
0.364437 0.364991 0.114190 0.156381 
0.357654 0.361008 0.278030 0.003308 
0.353544 0.358000 0.287994 0.000462 
0.349415 0.352242 0.298289 0.000055 
0.361122 0.362226 0.259270 0.017382 
0.342971 0.347849 0.309179 0.000001 
0.346334 0.353503 0.300015 0.000149 
0.346750 0.354514 0.298582 0.000154 
0.359544 0.364789 0.267345 0.008321 
0.365183 0.368755 0.146153 0.119909 
0.364724 0.367960 0.114737 0.152580 
0.362114 0.366598 0.160268 0.111020 
0.364141 0.368539 0.127186 0.140135 
0.359283 0.363400 0.038497 0.238821 
0.364360 0.366263 0.139628 0.129749 
0.363717 0.365615 0.145506 0.125161 
0.362290 0.361357 0.139711 0.136642 
0.356517 0.355449 0.265557 0.022477 
0.359594 0.358655 0.201996 0.079755 
0.359175 0.357319 0.044577 0.238928 
0.364130 0.363854 0.181378 0.090637 
0.361185 0.363843 0.090095 0.184877 
0.355055 0.357651 0.285353 0.001941 
0.356819 0.361631 0.217549 0.064001 
0.362419 0.364691 0.131165 0.141725 
0.354981 0.358075 0.165944 0.121000 
0.345454 0.347954 0.306560 0.000032 
0.340572 0.335905 0.323522 0.000001 
0.338850 0.345442 0.315706 0.000002 
0.344355 0.342389 0.313247 0.000009 
0.343855 0.339633 0.316509 0.000003 
0.350473 0.350790 0.295046 0.003690 
0.353268 0.355211 0.279114 0.012407 
0.345452 0.352344 0.000234 0.301970 
0.343023 0.347727 0.000005 0.309246 
0.361017 0.363708 0.071983 0.203291 
0.355698 0.358264 0.275471 0.010568 
0.350345 0.348180 0.299925 0.001550 
0.351483 0.352643 0.001308 0.294567 
0.360727 0.364004 0.218510 0.056759 
0.361779 0.365834 0.204880 0.067507 
0.359674 0.365223 0.047596 0.227507 
0.363189 0.366280 0.142394 0.128137 
0.357670 0.361494 0.215134 0.065702 
0.357124 0.358365 0.007423 0.277088 
0.353701 0.351071 0.003537 0.291691 
0.355294 0.353663 0.273439 0.017604 
0.361934 0.355951 0.136357 0.145757 
0.360716 0.351364 0.217841 0.070078 
0.360909 0.349015 0.229396 0.060680 
0.360063 0.341025 0.047345 0.251567 
0.357396 0.335864 0.003755 0.302985 
0.361864 0.323862 0.203401 0.110873 
0.363477 0.307285 0.086120 0.243117 
0.360572 0.310186 0.005911 0.323331 
0.361657 0.286042 0.098016 0.254285 
0.360932 0.231152 0.256381 0.151535 
0.358208 0.326031 0.313418 0.002343 
0.360834 0.329678 0.206854 0.102634 
0.358706 0.337327 0.217222 0.086745 
0.358467 0.338259 0.018443 0.284831 
0.356566 0.330009 0.002541 0.310884 
0.361716 0.330466 0.111515 0.196304 
0.362931 0.331226 0.153416 0.152427 
0.362243 0.331438 0.136326 0.169994 
0.361020 0.327705 0.265476 0.045800 
0.362111 0.333923 0.160138 0.143828 
0.359462 0.317332 0.013601 0.309605 
0.362835 0.293561 0.170058 0.173546 
0.362271 0.159446 0.276646 0.201636 
0.358542 0.013364 0.260130 0.367963 
0.360728 0.129497 0.139216 0.370558 
0.355735 0.166692 0.124120 0.353453 
0.357444 0.199695 0.092232 0.350629 
0.356823 0.227836 0.061943 0.353398 
0.365266 0.257654 0.003178 0.373902 
0.359637 0.264520 0.002411 0.373432 
0.350553 0.299612 0.000369 0.349465 
0.353891 0.296942 0.001506 0.347662 
0.354382 0.298768 0.001254 0.345597 
0.358594 0.266966 0.002682 0.371758 
0.354754 0.287860 0.001809 0.355576 
0.353649 0.102470 0.184871 0.359009 
0.417973 0.219601 0.042497 0.319929 
0.383533 0.252575 0.005414 0.358477 
0.376970 0.194182 0.055660 0.373188 
0.366024 0.229323 0.029468 0.375185 
0.363726 0.093689 0.168539 0.374047 
0.356801 0.008652 0.296218 0.338330 
0.359721 0.070402 0.228304 0.341573 
0.360188 0.169685 0.133357 0.336770 
0.352254 0.315360 0.000412 0.331974 
0.352904 0.273549 0.005060 0.368487 
0.360091 0.255535 0.058282 0.326092 
0.361551 0.301458 0.128971 0.208019 
0.358419 0.338161 0.140400 0.163021 
0.360542 0.330487 0.215055 0.093916 
0.358670 0.338045 0.062748 0.240536 
0.359485 0.340153 0.244245 0.056116 
0.357759 0.350856 0.035261 0.256124 
0.358389 0.337544 0.014827 0.289241 
0.356427 0.324341 0.000469 0.318763 
0.356155 0.327852 0.000749 0.315243 
0.361667 0.047561 0.291240 0.299532 
0.360549 0.005150 0.305421 0.328879 
0.341676 0.000000 0.338163 0.320161 
0.346374 0.000000 0.324587 0.329038 
0.311895 0.000000 0.366901 0.321204 
0.315286 0.000000 0.355901 0.328813 
0.336305 0.000000 0.330480 0.333215 
0.328273 0.000000 0.336258 0.335468 
0.342897 0.000002 0.306265 0.350837 
0.335844 0.000000 0.319173 0.344982 
0.328615 0.000000 0.331512 0.339873 
0.325861 0.000000 0.344140 0.329999 
0.308389 0.000000 0.367873 0.323738 
0.328147 0.000000 0.353768 0.318085 
0.341784 0.000004 0.345868 0.312344 
0.355479 0.004890 0.336544 0.303087 
0.359974 0.012320 0.329308 0.298398 
0.361204 0.008440 0.308953 0.321403 
0.363856 0.040954 0.279833 0.315357 
0.364191 0.120015 0.292056 0.223738 
0.363532 0.263725 0.320798 0.051946 
0.364091 0.200916 0.363145 0.071847 
0.377026 0.125991 0.379146 0.117837 
0.373089 0.075743 0.377828 0.173340 
0.389158 0.095365 0.373998 0.141479 
0.377335 0.119918 0.378629 0.124118 
0.365758 0.145244 0.370688 0.118310 
0.363185 0.082804 0.347503 0.206508 
0.363808 0.155248 0.343440 0.137504 
0.363712 0.190861 0.336260 0.109166 
0.361834 0.014759 0.302825 0.320582 
0.353535 0.000073 0.330501 0.315892 
0.357832 0.003493 0.295745 0.342931 
0.375249 0.120877 0.125085 0.378789 
0.362748 0.256742 0.029670 0.350840 
0.363936 0.286548 0.076802 0.272714 
0.364768 0.105875 0.215364 0.313993 
0.365308 0.222100 0.123616 0.288976 
0.365418 0.183312 0.185421 0.265850 
0.366065 0.204981 0.225932 0.203021 
0.365772 0.172374 0.288874 0.172980 
0.365400 0.121827 0.202626 0.310146 
0.363394 0.062154 0.229001 0.345451 
0.364589 0.070477 0.238826 0.326108 
0.365886 0.145598 0.133161 0.355355 
0.365374 0.168919 0.119235 0.346472 
0.364584 0.062924 0.224001 0.348491 
0.366360 0.134416 0.143580 0.355644 
0.365144 0.202494 0.081998 0.350364 
0.364660 0.192725 0.106568 0.336047 
0.365626 0.186992 0.125862 0.321519 
0.365285 0.174450 0.131259 0.329007 
0.364992 0.181523 0.120586 0.332899 
0.365844 0.163598 0.160810 0.309748 
0.365168 0.117265 0.194815 0.322751 
0.365269 0.103365 0.290474 0.240892 
0.365047 0.157592 0.327753 0.149607 
0.364690 0.122990 0.325493 0.186827 
0.365170 0.180399 0.341022 0.113409 
0.364324 0.244512 0.336505 0.054659 
0.362719 0.272525 0.344531 0.020224 
0.359941 0.010404 0.339889 0.289766 
0.360882 0.004052 0.341794 0.293272 
0.366002 0.167268 0.358212 0.108518 
0.367141 0.134737 0.359596 0.138525 
0.358285 0.000276 0.331364 0.310076 
0.364282 0.050044 0.342819 0.242855 
0.365645 0.151978 0.330465 0.151912 
0.364477 0.037216 0.322178 0.276129 
0.365341 0.122910 0.327169 0.184580 
0.363539 0.017039 0.320971 0.298451 
0.361861 0.007839 0.294484 0.335816 
0.360388 0.000999 0.313384 0.325229 
0.361495 0.002160 0.311869 0.324477 
0.362876 0.009135 0.326805 0.301185 
0.365841 0.187469 0.144029 0.302662 
0.365463 0.148137 0.157530 0.328870 
0.366387 0.210335 0.200840 0.222438 
0.365772 0.224959 0.127417 0.281852 
0.366049 0.237178 0.232851 0.163922 
0.365184 0.145658 0.149700 0.339458 
0.366044 0.129914 0.246950 0.257092 
0.366229 0.182424 0.246571 0.204776 
0.364418 0.067891 0.225137 0.342554 
0.359985 0.003220 0.279395 0.357400 
0.366242 0.133632 0.144348 0.355779 
0.359973 0.284379 0.001988 0.353659 
0.362813 0.274737 0.016783 0.345666 
0.365758 0.168263 0.116359 0.349621 
0.370500 0.154825 0.101955 0.372720 
0.364653 0.114296 0.185571 0.335479 
0.365245 0.106828 0.334962 0.192965 
0.363017 0.013679 0.293437 0.329867 
0.362648 0.003438 0.322579 0.311335 
0.365714 0.144160 0.345139 0.144988 
0.366178 0.151695 0.313852 0.168275 
0.366278 0.161289 0.161834 0.310600 
0.366453 0.138278 0.226058 0.269211 
0.366137 0.159767 0.130540 0.343556 
0.366697 0.171688 0.156894 0.304721 
0.365279 0.024526 0.303836 0.306359 
0.361267 0.001381 0.303951 0.333402 
0.363212 0.010692 0.338945 0.287151 
0.365976 0.165603 0.340555 0.127865 
0.362606 0.059635 0.340560 0.237199 
0.362995 0.006775 0.262691 0.367539 
0.372127 0.000215 0.253482 0.374175 
0.352473 0.000008 0.282108 0.365411 
0.361493 0.001234 0.334102 0.303171 
0.358477 0.000417 0.324042 0.317064 
0.363386 0.009095 0.296373 0.331146 
0.364960 0.032027 0.279462 0.323551 
0.365926 0.048713 0.321219 0.264142 
0.366468 0.089240 0.273169 0.271123 
0.366244 0.123071 0.177952 0.332733 
0.365358 0.058195 0.237210 0.339237 
0.366293 0.100300 0.221870 0.311537 
0.366618 0.124485 0.265267 0.243630 
0.366353 0.180312 0.328699 0.124637 
0.366310 0.093446 0.314591 0.225652 
0.366337 0.127314 0.335962 0.170386 
0.363808 0.004842 0.326834 0.304517 
0.366566 0.131891 0.338718 0.162825 
0.366977 0.119885 0.265827 0.247311 
0.366764 0.142963 0.158369 0.331905 
0.366630 0.157882 0.140158 0.335330 
0.367158 0.159961 0.200061 0.272820 
0.366428 0.250838 0.273868 0.108865 
0.366376 0.314442 0.233347 0.085834 
0.365544 0.298759 0.308840 0.026857 
0.364931 0.287415 0.330721 0.016932 
0.358466 0.334288 0.307013 0.000233 
0.352901 0.339125 0.307954 0.000019 
0.339426 0.344323 0.316251 0.000000 
0.350566 0.329827 0.319607 0.000000 
0.354202 0.338174 0.307618 0.000006 
0.358918 0.357621 0.283229 0.000231 
0.365141 0.374536 0.258122 0.002201 
0.361969 0.374168 0.002951 0.260912 
0.355041 0.368491 0.000090 0.276379 
0.368039 0.374593 0.122976 0.134391 
0.369322 0.372783 0.241934 0.015960 
0.365103 0.368323 0.261283 0.005291 
0.377024 0.379579 0.067575 0.175822 
0.376999 0.379566 0.052135 0.191300 
0.372665 0.375283 0.187075 0.064977 
0.369177 0.371936 0.240122 0.018766 
0.359328 0.345814 0.000324 0.294535 
0.366356 0.364136 0.069522 0.199986 
0.375847 0.378635 0.070159 0.175359 
0.364512 0.367596 0.011534 0.256357 
0.334117 0.327166 0.000000 0.338717 
0.349996 0.323949 0.000000 0.326055 
0.344048 0.314343 0.000000 0.341609 
0.350746 0.316799 0.000000 0.332455 
0.356771 0.288283 0.000139 0.354808 
0.352302 0.301782 0.000003 0.345913 
0.368807 0.246869 0.010021 0.374302 
0.382342 0.222064 0.020217 0.375377 
0.467609 0.232838 0.013896 0.285658 
0.411690 0.231251 0.006654 0.350406 
0.359641 0.273432 0.000193 0.366734 
0.352244 0.281600 0.000196 0.365960 
0.352623 0.301319 0.000005 0.346053 
0.345690 0.289444 0.000013 0.364853 
0.340519 0.311875 0.000000 0.347607 
0.325884 0.313536 0.000000 0.360580 
0.309510 0.322665 0.000000 0.367825 
0.321539 0.323119 0.000000 0.355342 
0.337788 0.334289 0.000000 0.327922 
0.349725 0.299195 0.000001 0.351079 
0.343406 0.299279 0.000000 0.357315 
0.342188 0.287985 0.000000 0.369827 
0.335987 0.294336 0.000000 0.369677 
0.337462 0.296990 0.000433 0.365115 
0.342071 0.288912 0.000000 0.369017 
0.371157 0.263710 0.000086 0.365047 
0.375118 0.250033 0.001885 0.372964 
0.351823 0.279660 0.000018 0.368499 
0.359345 0.334200 0.000170 0.306286 
0.359417 0.321784 0.000058 0.318741 
0.363179 0.339677 0.008831 0.288312 
0.361851 0.316805 0.003245 0.318100 
0.364300 0.322522 0.283159 0.030019 
0.363430 0.326736 0.007307 0.302527 
0.363119 0.334488 0.003666 0.298727 
0.361021 0.318215 0.000155 0.320609 
0.357854 0.331126 0.001392 0.309627 
0.361012 0.272487 0.055447 0.311054 
0.361184 0.012104 0.326683 0.300029 
0.362825 0.197355 0.347100 0.092720 
0.368651 0.131618 0.362264 0.137466 
0.364306 0.271510 0.356564 0.007620 
0.359032 0.299930 0.340574 0.000464 
0.357522 0.320316 0.322155 0.000007 
0.362327 0.305118 0.331285 0.001270 
0.361683 0.288851 0.347986 0.001481 
0.360163 0.290091 0.346285 0.003461 
0.345830 0.329469 0.324701 0.000000 
0.347209 0.308984 0.343807 0.000000 
0.329927 0.354672 0.315401 0.000000 
0.323569 0.357512 0.318919 0.000000 
0.337184 0.334577 0.328240 0.000000 
0.343857 0.338538 0.317605 0.000000 
0.344163 0.322949 0.332888 0.000000 
0.331373 0.347044 0.321583 0.000000 
0.330007 0.347313 0.322680 0.000000 
0.320860 0.363155 0.315985 0.000000 
0.324000 0.357423 0.318577 0.000000 
0.341992 0.000539 0.340861 0.316608 
0.356236 0.270223 0.355560 0.017981 
0.342719 0.314158 0.343123 0.000001 
0.327743 0.343891 0.328365 0.000000 
0.326041 0.351825 0.322134 0.000000 
0.334223 0.358218 0.307559 0.000000 
0.347564 0.360993 0.291435 0.000008 
0.350024 0.347216 0.302677 0.000082 
0.346374 0.365447 0.288176 0.000003 
0.341904 0.332491 0.325605 0.000000 
0.353013 0.296304 0.350578 0.000104 
0.356338 0.295813 0.347782 0.000067 
0.345152 0.324256 0.330592 0.000000 
0.353714 0.304262 0.341886 0.000138 
0.360365 0.265507 0.350517 0.023612 
0.360168 0.298373 0.340780 0.000678 
0.365201 0.258737 0.342254 0.033807 
0.364662 0.301769 0.320846 0.012723 
0.366258 0.195042 0.328597 0.110103 
0.363844 0.284717 0.322500 0.028939 
0.358853 0.000030 0.321264 0.319853 
0.362093 0.001244 0.301586 0.335077 
0.368203 0.074217 0.193967 0.363613 
0.367857 0.154951 0.121461 0.355731 
0.370260 0.151335 0.111080 0.367325 
0.365025 0.252996 0.017575 0.364404 
0.371158 0.135335 0.122344 0.371163 
0.364724 0.004102 0.266493 0.364681 
0.370868 0.101334 0.158310 0.369489 
0.368089 0.080100 0.187386 0.364425 
0.369376 0.147413 0.118573 0.364637 
0.365348 0.135758 0.155180 0.343714 
0.365379 0.204276 0.082904 0.347441 
0.362087 0.287660 0.002117 0.348136 
0.364807 0.272236 0.021450 0.341507 
0.366509 0.165556 0.138277 0.329659 
0.366928 0.164594 0.152953 0.315525 
0.366741 0.143739 0.321278 0.168242 
0.367444 0.211778 0.207250 0.213528 
0.366627 0.142753 0.161785 0.328836 
0.366912 0.254316 0.108588 0.270184 
0.365453 0.314140 0.017132 0.303276 
0.366667 0.329850 0.152619 0.150863 
0.363094 0.308374 0.326313 0.002220 
0.365896 0.335013 0.246885 0.052206 
0.365504 0.336651 0.035426 0.262419 
0.366853 0.340723 0.147952 0.144473 
0.364979 0.328118 0.292044 0.014859 
0.363731 0.326828 0.305240 0.004200 
0.360557 0.307446 0.331425 0.000573 
0.359247 0.324108 0.316576 0.000069 
0.365696 0.334784 0.042302 0.257218 
0.363460 0.314302 0.002392 0.319846 
0.364510 0.325614 0.010915 0.298962 
0.364954 0.344670 0.120205 0.170171 
0.365204 0.329263 0.280408 0.025124 
0.364380 0.329642 0.017378 0.288600 
0.365774 0.335103 0.069448 0.229675 
0.366536 0.330136 0.148964 0.154363 
0.366246 0.324913 0.203887 0.104953 
0.366517 0.325366 0.202276 0.105841 
0.366646 0.323027 0.135917 0.174411 
0.364723 0.324502 0.278100 0.032675 
0.365644 0.331360 0.077113 0.225883 
0.366520 0.336428 0.170140 0.126912 
0.364086 0.315622 0.013352 0.306940 
0.365067 0.336686 0.035578 0.262669 
0.366625 0.329702 0.146010 0.157663 
0.366406 0.329271 0.110594 0.193730 
0.366589 0.322431 0.128741 0.182239 
0.366106 0.335764 0.197397 0.100733 
0.364126 0.334696 0.011725 0.289454 
0.364717 0.336187 0.268938 0.030158 
0.360966 0.319319 0.319538 0.000177 
0.363038 0.327498 0.276424 0.033040 
0.366155 0.340023 0.115598 0.178224 
0.361638 0.332794 0.007969 0.297599 
0.363944 0.342866 0.017011 0.276179 
0.362601 0.337909 0.013533 0.285956 
0.354400 0.330753 0.000009 0.314839 
0.352940 0.335126 0.000004 0.311930 
0.348070 0.325237 0.000000 0.326692 
0.347469 0.329876 0.000000 0.322655 
0.350063 0.338157 0.000001 0.311779 
0.345634 0.334799 0.000000 0.319566 
0.349924 0.329900 0.000000 0.320176 
0.348795 0.329741 0.000000 0.321464 
0.349181 0.327086 0.000000 0.323733 
0.344624 0.318330 0.000000 0.337045 
0.348527 0.329751 0.000000 0.321722 
0.344778 0.335947 0.000000 0.319275 
0.345856 0.342692 0.000000 0.311452 
0.342503 0.337764 0.000000 0.319733 
0.337604 0.340236 0.000000 0.322161 
0.339332 0.341868 0.000000 0.318801 
0.332551 0.335928 0.000001 0.331520 
0.332412 0.334361 0.000000 0.333227 
0.332719 0.336728 0.000000 0.330552 
0.334903 0.338611 0.000000 0.326486 
0.334251 0.337075 0.000000 0.328675 
0.334582 0.335613 0.000000 0.329805 
0.337310 0.333333 0.000000 0.329357 
0.348133 0.346986 0.000003 0.304878 
0.350752 0.349209 0.000004 0.300036 
0.337156 0.332863 0.000000 0.329981 
0.339601 0.324366 0.000000 0.336033 
0.340797 0.327757 0.000000 0.331446 
0.342250 0.328747 0.000000 0.329004 
0.348586 0.333711 0.000000 0.317703 
0.355915 0.329070 0.000005 0.315010 
0.363763 0.347533 0.010644 0.278059 
0.362848 0.348336 0.283004 0.005811 
0.363991 0.338296 0.286397 0.011316 
0.365873 0.343329 0.115082 0.175716 
0.360825 0.336811 0.001520 0.300844 
0.362814 0.331689 0.002708 0.302789 
0.361205 0.329786 0.000675 0.308335 
0.357986 0.337898 0.015370 0.288746 
0.364219 0.347796 0.262387 0.025598 
0.365413 0.347659 0.236250 0.050678 
0.363926 0.339523 0.016309 0.280242 
0.355896 0.334981 0.000012 0.309111 
0.366215 0.354090 0.046152 0.233542 
0.365038 0.350189 0.023700 0.261074 
0.366355 0.343231 0.159795 0.130619 
0.360296 0.326438 0.000183 0.313083 
0.362243 0.325036 0.005695 0.307026 
0.362674 0.330378 0.001762 0.305187 
0.364099 0.331090 0.017196 0.287615 
0.366340 0.324707 0.117621 0.191332 
0.365884 0.316214 0.053412 0.264490 
0.365451 0.332251 0.214444 0.087854 
0.363361 0.319397 0.001698 0.315544 
0.366535 0.327056 0.177135 0.129274 
0.366249 0.333966 0.194095 0.105690 
0.366327 0.327663 0.203301 0.102709 
0.366226 0.332822 0.213328 0.087624 
0.365763 0.309290 0.275980 0.048967 
0.367087 0.271872 0.183024 0.178018 
0.366165 0.324548 0.086770 0.222517 
0.362380 0.307743 0.002661 0.327216 
0.364196 0.307707 0.008080 0.320017 
0.364051 0.298450 0.008155 0.329344 
0.363811 0.304283 0.060477 0.271430 
0.364307 0.280056 0.314231 0.041406 
0.362654 0.304686 0.330786 0.001874 
0.361195 0.302406 0.334873 0.001527 
0.359399 0.292102 0.348023 0.000476 
0.356241 0.291552 0.351438 0.000769 
0.357131 0.290978 0.351811 0.000079 
0.359582 0.284948 0.354675 0.000795 
0.361619 0.149286 0.349844 0.139252 
0.359252 0.291811 0.348459 0.000478 
0.360540 0.296629 0.338875 0.003956 
0.356245 0.301978 0.341742 0.000034 
0.354026 0.295092 0.350854 0.000029 
0.356419 0.311486 0.331867 0.000228 
0.354874 0.316636 0.326921 0.001569 
0.350440 0.327162 0.322398 0.000000 
0.354376 0.332848 0.303091 0.009685 
0.352340 0.329599 0.000666 0.317395 
0.358954 0.335283 0.122329 0.183434 
0.359978 0.301475 0.337327 0.001220 
0.358343 0.315365 0.325665 0.000627 
0.353619 0.004467 0.334012 0.307902 
0.345294 0.000000 0.326444 0.328262 
0.349301 0.000000 0.318601 0.332098 
0.353425 0.000005 0.304456 0.342113 
0.349988 0.000001 0.300572 0.349440 
0.352628 0.000013 0.294878 0.352481 
0.348149 0.000000 0.313146 0.338704 
0.346237 0.000000 0.313324 0.340439 
0.349170 0.000001 0.304948 0.345881 
0.348673 0.000001 0.303397 0.347929 
0.350541 0.000000 0.318760 0.330699 
0.364650 0.030032 0.243784 0.361534 
0.365356 0.011964 0.263193 0.359487 
0.366448 0.197087 0.096307 0.340158 
0.367606 0.134179 0.144828 0.353387 
0.366525 0.156903 0.134846 0.341726 
0.367129 0.172832 0.110178 0.349861 
0.366548 0.095539 0.320079 0.217834 
0.365909 0.066785 0.343497 0.223808 
0.366791 0.107543 0.314119 0.211548 
0.366690 0.188237 0.326194 0.118878 
0.364764 0.035688 0.277601 0.321947 
0.367017 0.165163 0.223763 0.244057 
0.367018 0.260683 0.174441 0.197858 
0.366936 0.248168 0.133995 0.250901 
0.367137 0.290628 0.166214 0.176021 
0.366893 0.315922 0.135641 0.181543 
0.366669 0.319590 0.098442 0.215299 
0.366569 0.320232 0.194665 0.118533 
0.366833 0.292356 0.118474 0.222337 
0.366886 0.324003 0.152984 0.156128 
0.366742 0.331913 0.153701 0.147644 
0.365236 0.327945 0.170870 0.135949 
0.365884 0.333587 0.179504 0.121025 
