0.262921 0.264137 0.208759 0.264182 
0.313672 0.285010 0.095236 0.306081 
0.321384 0.318327 0.054827 0.305462 
0.335158 0.329677 0.000008 0.335158 
0.333817 0.332935 0.000000 0.333248 
0.339699 0.338977 0.000000 0.321324 
0.345165 0.342474 0.000000 0.312361 
0.349464 0.346696 0.000000 0.303841 
0.353951 0.349180 0.000000 0.296868 
0.358434 0.342913 0.000000 0.298653 
0.368542 0.357337 0.000001 0.274120 
0.377679 0.356965 0.000008 0.265349 
0.363227 0.347792 0.000000 0.288981 
0.371076 0.358357 0.000003 0.270564 
0.361924 0.352836 0.000000 0.285240 
0.341768 0.321237 0.000000 0.336995 
0.341258 0.332501 0.000000 0.326240 
0.340823 0.335820 0.000000 0.323357 
0.357741 0.343804 0.000000 0.298455 
0.358029 0.331305 0.000000 0.310666 
0.383057 0.321061 0.000000 0.295882 
0.378670 0.331102 0.000001 0.290227 
0.379733 0.276382 0.000002 0.343883 
0.382073 0.251175 0.000200 0.366551 
0.384754 0.265629 0.000074 0.349543 
0.383578 0.262808 0.000020 0.353594 
0.376449 0.271525 0.000004 0.352021 
0.393552 0.255209 0.000743 0.350495 
0.379086 0.243769 0.000167 0.376978 
0.381450 0.242747 0.000205 0.375598 
0.374692 0.257847 0.000016 0.367445 
0.377208 0.258844 0.000119 0.363829 
0.377258 0.246388 0.000226 0.376129 
0.372746 0.254572 0.000036 0.372645 
0.369819 0.259833 0.000028 0.370320 
0.371505 0.256371 0.000014 0.372110 
0.373773 0.254757 0.000034 0.371436 
0.379006 0.255154 0.000031 0.365809 
0.364233 0.271374 0.000001 0.364393 
0.367193 0.273554 0.000001 0.359252 
0.371132 0.275412 0.000001 0.353455 
0.392219 0.281567 0.000034 0.326180 
0.385670 0.304784 0.000000 0.309545 
0.389459 0.266059 0.000033 0.344449 
0.374750 0.274667 0.000002 0.350581 
0.385372 0.273540 0.000006 0.341081 
0.385923 0.256746 0.000051 0.357281 
0.385911 0.253094 0.000373 0.360622 
0.375922 0.250015 0.000047 0.374016 
0.372357 0.258853 0.000009 0.368780 
0.372550 0.255714 0.000043 0.371694 
0.372495 0.256347 0.000012 0.371146 
0.370967 0.263427 0.000007 0.365598 
0.366343 0.267691 0.000001 0.365965 
0.370226 0.258724 0.000028 0.371022 
0.370710 0.272188 0.000002 0.357100 
0.381273 0.266258 0.000012 0.352457 
0.381520 0.256026 0.000046 0.362408 
0.388804 0.240486 0.000590 0.370119 
0.402237 0.194373 0.035656 0.367733 
0.410014 0.125181 0.100889 0.363916 
0.407890 0.169157 0.056575 0.366378 
0.412216 0.015033 0.229303 0.343448 
0.417836 0.124452 0.109800 0.347911 
0.434145 0.152710 0.096508 0.316637 
0.450717 0.207892 0.245552 0.095839 
0.445196 0.193702 0.155943 0.205159 
0.440785 0.229344 0.042388 0.287483 
0.443122 0.285621 0.230115 0.041141 
0.433208 0.276353 0.004112 0.286327 
0.403602 0.267032 0.000212 0.329155 
0.435114 0.273300 0.004991 0.286595 
0.443671 0.252247 0.278527 0.025556 
0.451847 0.199115 0.106850 0.242188 
0.425190 0.216817 0.032073 0.325920 
0.417622 0.064794 0.170142 0.347442 
0.430710 0.122929 0.120252 0.326109 
0.433709 0.136637 0.110797 0.318857 
0.419123 0.159165 0.077391 0.344321 
0.368695 0.131634 0.058207 0.441465 
0.335232 0.087874 0.072325 0.504569 
0.318872 0.078192 0.070578 0.532358 
0.392598 0.121432 0.090889 0.395081 
0.448185 0.151057 0.145462 0.255296 
0.423014 0.119876 0.332714 0.124396 
0.416986 0.162639 0.342150 0.078225 
0.424575 0.179719 0.322189 0.073516 
0.408662 0.103380 0.364447 0.123512 
0.417674 0.091206 0.150050 0.341070 
0.442160 0.120908 0.141914 0.295019 
0.451561 0.156963 0.235243 0.156233 
0.451329 0.163759 0.142864 0.242047 
0.455248 0.210713 0.146942 0.187097 
0.454476 0.230206 0.186174 0.129143 
0.452855 0.239871 0.120832 0.186442 
0.439501 0.074937 0.186598 0.298964 
0.441681 0.021865 0.261223 0.275230 
0.438628 0.021839 0.248928 0.290604 
0.449124 0.157657 0.118848 0.274370 
0.423456 0.009460 0.253882 0.313203 
0.412918 0.004141 0.250822 0.332119 
0.400829 0.000010 0.294674 0.304486 
0.394900 0.000007 0.296713 0.308380 
0.393541 0.000109 0.272908 0.333442 
0.408221 0.160962 0.064764 0.366053 
0.402670 0.113488 0.100917 0.382926 
0.398380 0.205525 0.032440 0.363656 
0.398807 0.037086 0.189270 0.374837 
0.415833 0.131609 0.098521 0.354037 
0.405906 0.206340 0.023253 0.364501 
0.393411 0.009729 0.222348 0.374512 
0.396697 0.122062 0.091040 0.390200 
0.389368 0.016939 0.206830 0.386863 
0.384394 0.005607 0.223539 0.386461 
0.387877 0.002590 0.244803 0.364730 
0.397707 0.096300 0.129453 0.376540 
0.388715 0.051067 0.173648 0.386570 
0.393183 0.114907 0.097854 0.394057 
0.396024 0.076418 0.131886 0.395672 
0.395214 0.047638 0.162300 0.394848 
0.398251 0.097958 0.107889 0.395902 
0.400783 0.026323 0.195756 0.377138 
0.414156 0.089172 0.135281 0.361392 
0.429929 0.133707 0.105936 0.330428 
0.424960 0.123914 0.110593 0.340533 
0.450499 0.115081 0.155014 0.279406 
0.431623 0.102949 0.141597 0.323831 
0.435765 0.106732 0.139865 0.317638 
0.426265 0.176065 0.070952 0.326718 
0.442135 0.295366 0.051745 0.210753 
0.440938 0.302903 0.187084 0.069075 
0.431223 0.327676 0.118857 0.122245 
0.405192 0.326570 0.268075 0.000163 
0.407136 0.328196 0.261924 0.002744 
0.401633 0.288596 0.309757 0.000014 
0.401734 0.298113 0.299644 0.000509 
0.400713 0.313486 0.285527 0.000274 
0.422201 0.321603 0.239596 0.016600 
0.430202 0.327058 0.111437 0.131303 
0.424786 0.330298 0.073095 0.171820 
0.436385 0.318369 0.120745 0.124501 
0.437079 0.298090 0.032045 0.232786 
0.431383 0.316881 0.216679 0.035057 
0.427148 0.327275 0.040037 0.205540 
0.431648 0.326913 0.144328 0.097110 
0.420816 0.324763 0.225328 0.029094 
0.431083 0.323254 0.131477 0.114186 
0.421793 0.302859 0.274524 0.000824 
0.416597 0.317154 0.002177 0.264072 
0.414027 0.333861 0.004952 0.247160 
0.426141 0.319484 0.039008 0.215367 
0.423113 0.342151 0.155157 0.079578 
0.424137 0.332191 0.038492 0.205179 
0.417412 0.345438 0.047235 0.189915 
0.403326 0.353256 0.003918 0.239501 
0.394640 0.317338 0.000020 0.288002 
0.366891 0.289312 0.000002 0.343794 
0.368206 0.281447 0.000000 0.350347 
0.357022 0.294128 0.000005 0.348846 
0.357535 0.298600 0.000000 0.343864 
0.343647 0.320278 0.000000 0.336075 
0.341153 0.322612 0.000000 0.336236 
0.354769 0.329598 0.000000 0.315634 
0.381087 0.357786 0.000024 0.261103 
0.364379 0.326890 0.000000 0.308730 
0.352899 0.311432 0.000000 0.335669 
0.353972 0.316946 0.000000 0.329081 
0.351675 0.295003 0.000000 0.353322 
0.359783 0.291842 0.000000 0.348375 
0.354791 0.294207 0.000000 0.351002 
0.360342 0.278556 0.000000 0.361101 
0.372161 0.285530 0.000005 0.342304 
0.374922 0.255547 0.000024 0.369508 
0.371482 0.256049 0.000014 0.372455 
0.388063 0.251971 0.000415 0.359551 
0.388425 0.242291 0.001087 0.368196 
0.377410 0.275113 0.000002 0.347475 
0.381670 0.267300 0.000015 0.351015 
0.392632 0.258272 0.000171 0.348925 
0.383168 0.245334 0.000303 0.371195 
0.407755 0.253986 0.001596 0.336663 
0.408314 0.222454 0.012977 0.356256 
0.396727 0.129176 0.092042 0.382055 
0.393095 0.234375 0.001706 0.370824 
0.391293 0.216918 0.007850 0.383939 
0.399310 0.132184 0.101147 0.367360 
0.399196 0.220921 0.010280 0.369603 
0.402156 0.222204 0.010541 0.365099 
0.405157 0.240065 0.004111 0.350667 
0.399562 0.253843 0.000434 0.346160 
0.404525 0.242831 0.002435 0.350210 
0.397019 0.227995 0.004553 0.370433 
0.400813 0.159121 0.073595 0.366471 
0.400055 0.199263 0.030723 0.369959 
0.397037 0.192870 0.028510 0.381583 
0.403090 0.190913 0.032717 0.373280 
0.405490 0.244302 0.003367 0.346841 
0.400043 0.258045 0.000331 0.341581 
0.399497 0.263265 0.000303 0.336935 
0.398974 0.226820 0.005774 0.368432 
0.399878 0.240347 0.004039 0.355736 
0.410484 0.243770 0.004311 0.341435 
0.401840 0.231436 0.005382 0.361343 
0.394148 0.205522 0.016010 0.384320 
0.398226 0.166168 0.059362 0.376245 
0.398482 0.142503 0.077716 0.381300 
0.404817 0.087071 0.143249 0.364863 
0.392021 0.000242 0.256823 0.350914 
0.394006 0.002088 0.238803 0.365103 
0.397156 0.078272 0.154886 0.369686 
0.414771 0.173614 0.073145 0.338469 
0.430249 0.219673 0.047931 0.302148 
0.446787 0.234490 0.073431 0.245292 
0.454076 0.243185 0.150983 0.151755 
0.455198 0.190846 0.213575 0.140381 
0.451532 0.171886 0.143806 0.232776 
0.450672 0.263931 0.149433 0.135964 
0.454520 0.240523 0.159738 0.145220 
0.438038 0.279844 0.019060 0.263058 
0.422396 0.261936 0.019061 0.296607 
0.447142 0.286551 0.114801 0.151506 
0.443354 0.285105 0.128692 0.142850 
0.439313 0.238502 0.117405 0.204780 
0.420876 0.276134 0.000941 0.302049 
0.340281 0.207421 0.000093 0.452205 
0.372322 0.271099 0.000003 0.356576 
0.395699 0.280520 0.000041 0.323740 
0.420232 0.309889 0.001158 0.268721 
0.420293 0.312787 0.002200 0.264720 
0.427659 0.322468 0.064176 0.185696 
0.443605 0.300807 0.108265 0.147324 
0.446729 0.283005 0.093153 0.177112 
0.442451 0.291576 0.220882 0.045091 
0.417335 0.260902 0.318906 0.002858 
0.429453 0.275262 0.284580 0.010705 
0.445270 0.295140 0.171212 0.088379 
0.446702 0.285758 0.083666 0.183874 
0.449095 0.192548 0.100890 0.257468 
0.452984 0.270207 0.132665 0.144143 
0.451654 0.248928 0.226774 0.072644 
0.447482 0.293509 0.134789 0.124220 
0.446177 0.285461 0.054552 0.213809 
0.446235 0.288564 0.134939 0.130262 
0.433649 0.262415 0.014483 0.289453 
0.449004 0.215999 0.060613 0.274384 
0.450428 0.135185 0.144343 0.270044 
0.455271 0.189595 0.208052 0.147082 
0.442977 0.083667 0.300097 0.173259 
0.445964 0.112053 0.295881 0.146101 
0.442901 0.057239 0.294674 0.205186 
0.449653 0.151955 0.285807 0.112585 
0.452727 0.207022 0.247197 0.093054 
0.447516 0.110877 0.288755 0.152852 
0.442776 0.099607 0.302345 0.155272 
0.434626 0.066152 0.314482 0.184741 
0.424650 0.003083 0.309402 0.262864 
0.431078 0.115159 0.329700 0.124063 
0.422596 0.107677 0.346798 0.122929 
0.416905 0.138039 0.355031 0.090025 
0.439276 0.140320 0.311095 0.109309 
0.435785 0.105326 0.317753 0.141136 
0.449381 0.070115 0.265188 0.215316 
0.432715 0.090597 0.324106 0.152582 
0.415669 0.129918 0.359145 0.095268 
0.413346 0.170786 0.360125 0.055743 
0.408644 0.183248 0.366717 0.041391 
0.408757 0.190520 0.364962 0.035762 
0.408024 0.112435 0.369421 0.110120 
0.405634 0.067100 0.376614 0.150651 
0.397813 0.186023 0.384767 0.031397 
0.387038 0.090608 0.387108 0.135245 
0.381424 0.239892 0.378414 0.000270 
0.353689 0.291360 0.354951 0.000000 
0.332659 0.333090 0.334251 0.000000 
0.358321 0.283142 0.358537 0.000000 
0.354824 0.292423 0.352753 0.000000 
0.362765 0.121982 0.364799 0.150455 
0.352058 0.294486 0.353455 0.000002 
0.358014 0.286429 0.355557 0.000000 
0.345717 0.307819 0.346464 0.000000 
0.346353 0.315907 0.337739 0.000001 
0.315996 0.374046 0.309958 0.000000 
0.325614 0.368739 0.305647 0.000000 
0.328193 0.344363 0.327444 0.000000 
0.321892 0.356361 0.321747 0.000000 
0.312599 0.376910 0.310492 0.000000 
0.330073 0.340358 0.329569 0.000000 
0.326101 0.362092 0.311807 0.000000 
0.340532 0.319675 0.339793 0.000000 
0.322810 0.354378 0.322812 0.000000 
0.284406 0.434017 0.281577 0.000000 
0.269789 0.464289 0.265922 0.000000 
0.258840 0.514368 0.226792 0.000000 
0.302747 0.464336 0.232917 0.000000 
0.288020 0.481346 0.230634 0.000000 
0.249581 0.545504 0.204915 0.000000 
0.315965 0.454269 0.229766 0.000000 
0.362416 0.390317 0.247259 0.000008 
0.395785 0.365466 0.237059 0.001691 
0.365078 0.431227 0.130950 0.072745 
0.349738 0.476481 0.152477 0.021304 
0.340190 0.499854 0.111254 0.048702 
0.390044 0.409523 0.071299 0.129134 
0.411776 0.360213 0.039415 0.188596 
0.419480 0.343811 0.058619 0.178091 
0.385779 0.375480 0.000495 0.238246 
0.372945 0.416963 0.006513 0.203579 
0.356758 0.439190 0.003261 0.200791 
0.318035 0.475740 0.000007 0.206219 
0.276932 0.535785 0.000001 0.187282 
0.351009 0.375489 0.000000 0.273502 
0.393402 0.291961 0.000012 0.314625 
0.392750 0.317233 0.000006 0.290011 
0.395653 0.255164 0.000349 0.348834 
0.382922 0.234452 0.001368 0.381258 
0.381144 0.237402 0.000298 0.381156 
0.382473 0.247864 0.000701 0.368963 
0.397442 0.095554 0.138630 0.368374 
0.392908 0.123856 0.092608 0.390627 
0.393526 0.020782 0.197270 0.388422 
0.398037 0.101986 0.102893 0.397085 
0.395510 0.065536 0.143483 0.395471 
0.401844 0.128296 0.082944 0.386917 
0.405513 0.087139 0.132319 0.375028 
0.395284 0.161336 0.053630 0.389750 
0.398942 0.127749 0.080869 0.392440 
0.393874 0.114963 0.096730 0.394434 
0.396192 0.118093 0.088757 0.396958 
0.398780 0.141865 0.071334 0.388021 
0.393616 0.022871 0.196710 0.386802 
0.380227 0.000103 0.246962 0.372708 
0.382161 0.000312 0.239475 0.378052 
0.384635 0.000402 0.238385 0.376579 
0.380923 0.000265 0.250304 0.368507 
0.384604 0.000002 0.313142 0.302252 
0.394705 0.000002 0.310217 0.295075 
0.407471 0.027561 0.203273 0.361695 
0.433748 0.119536 0.124188 0.322528 
0.414790 0.081155 0.149929 0.354127 
0.399030 0.160057 0.053554 0.387360 
0.397929 0.045754 0.181742 0.374575 
0.396385 0.000018 0.283670 0.319928 
0.340248 0.000000 0.339336 0.320416 
0.339374 0.000000 0.380969 0.279657 
0.324306 0.000000 0.426864 0.248830 
0.370243 0.000003 0.266558 0.363197 
0.319243 0.000000 0.364859 0.315899 
0.350897 0.000000 0.311027 0.338076 
0.378011 0.000116 0.257011 0.364862 
0.401013 0.097088 0.129348 0.372551 
0.393259 0.004775 0.235837 0.366129 
0.377016 0.000072 0.251701 0.371210 
0.397687 0.043888 0.169526 0.388899 
0.396646 0.060308 0.148674 0.394372 
0.394285 0.075785 0.133386 0.396544 
0.387172 0.003469 0.223466 0.385892 
0.382434 0.000817 0.234114 0.382636 
0.370409 0.000004 0.264020 0.365567 
0.387048 0.002074 0.226990 0.383888 
0.375903 0.000002 0.276527 0.347568 
0.358842 0.000000 0.289351 0.351806 
0.390273 0.009615 0.210927 0.389185 
0.377849 0.000219 0.249465 0.372467 
0.374594 0.000005 0.267525 0.357876 
0.379888 0.000309 0.239902 0.379901 
0.402824 0.108985 0.115414 0.372777 
0.399695 0.166023 0.050240 0.384042 
0.407272 0.006387 0.234521 0.351820 
0.389922 0.000043 0.262649 0.347386 
0.365949 0.000000 0.276278 0.357772 
0.376650 0.000000 0.309135 0.314215 
0.380236 0.000005 0.348245 0.271513 
0.394830 0.000011 0.322575 0.282584 
0.382486 0.000000 0.317154 0.300359 
0.375730 0.000001 0.345726 0.278543 
0.355443 0.000000 0.344657 0.299901 
0.360143 0.000000 0.349779 0.290078 
0.393443 0.037129 0.382753 0.186675 
0.396357 0.151078 0.385499 0.067067 
0.415184 0.099871 0.344119 0.140826 
0.421285 0.242734 0.322836 0.013146 
0.416525 0.080627 0.330924 0.171925 
0.414142 0.254202 0.329391 0.002265 
0.417911 0.238082 0.319250 0.024757 
0.426677 0.268344 0.302072 0.002907 
0.430284 0.291068 0.276379 0.002270 
0.429295 0.043763 0.297072 0.229870 
0.436976 0.216048 0.298582 0.048394 
0.445160 0.222668 0.286238 0.045934 
0.446357 0.145764 0.151531 0.256349 
0.439074 0.289972 0.256062 0.014892 
0.439579 0.294133 0.212366 0.053922 
0.442311 0.286713 0.239844 0.031132 
0.445278 0.286964 0.168610 0.099148 
0.441121 0.284120 0.198970 0.075789 
0.436586 0.306787 0.213783 0.042843 
0.428046 0.328108 0.172491 0.071355 
0.417384 0.325988 0.252017 0.004610 
0.424426 0.320960 0.222910 0.031704 
0.423397 0.342460 0.141009 0.093134 
0.418798 0.352014 0.122503 0.106684 
0.423130 0.336899 0.056711 0.183260 
0.404137 0.338298 0.000604 0.256961 
0.424271 0.341150 0.090832 0.143747 
0.424669 0.339626 0.081374 0.154332 
0.427042 0.332688 0.092642 0.147628 
0.427848 0.320324 0.225091 0.026736 
0.419013 0.337860 0.022729 0.220399 
0.423218 0.340249 0.069086 0.167446 
0.410995 0.344250 0.006089 0.238666 
0.406773 0.344771 0.003322 0.245133 
0.425555 0.327411 0.033829 0.213206 
0.424324 0.340414 0.148560 0.086702 
0.426406 0.329146 0.178450 0.065999 
0.427499 0.310143 0.252888 0.009469 
0.418016 0.294948 0.000193 0.286843 
0.429844 0.216411 0.052719 0.301026 
0.415160 0.227862 0.020446 0.336531 
0.381070 0.237676 0.000418 0.380836 
0.426323 0.295857 0.001289 0.276531 
0.422524 0.276286 0.004879 0.296311 
0.414024 0.226021 0.028302 0.331652 
0.371385 0.178674 0.022666 0.427274 
0.394384 0.164804 0.060903 0.379909 
0.380438 0.200026 0.017421 0.402116 
0.404310 0.201433 0.027586 0.366671 
0.402657 0.237848 0.004979 0.354516 
0.438575 0.301497 0.094908 0.165020 
0.438170 0.308855 0.085726 0.167248 
0.445383 0.295057 0.133640 0.125920 
0.454259 0.204147 0.150620 0.190974 
0.452130 0.184256 0.244557 0.119057 
0.430017 0.114134 0.127617 0.328232 
0.443360 0.096468 0.172617 0.287554 
0.442740 0.163030 0.093304 0.300926 
0.430564 0.226130 0.028497 0.314809 
0.424309 0.098630 0.136790 0.340271 
0.369805 0.087936 0.093140 0.449118 
0.445991 0.129771 0.128533 0.295705 
0.446661 0.166391 0.095601 0.291347 
0.415588 0.049843 0.182725 0.351843 
0.431113 0.151588 0.091147 0.326151 
0.309256 0.112086 0.032020 0.546638 
0.296802 0.098504 0.032329 0.572365 
0.170400 0.009331 0.060864 0.759405 
0.121729 0.026184 0.020457 0.831631 
0.127923 0.000910 0.056085 0.815082 
0.134568 0.000001 0.080706 0.784726 
0.181524 0.032170 0.038538 0.747767 
0.293041 0.062436 0.063039 0.581485 
0.209257 0.017287 0.068723 0.704733 
0.209482 0.010695 0.077222 0.702602 
0.187509 0.005674 0.074011 0.732806 
0.160166 0.015046 0.050144 0.774644 
0.272544 0.004290 0.129566 0.593600 
0.363697 0.000251 0.222973 0.413078 
0.275271 0.000192 0.150169 0.574368 
0.383070 0.000091 0.262391 0.354448 
0.379949 0.081583 0.110537 0.427931 
0.437643 0.137025 0.111255 0.314078 
0.437966 0.080702 0.187075 0.294257 
0.428144 0.271555 0.296466 0.003834 
0.433472 0.250984 0.301140 0.014404 
0.419363 0.269827 0.308901 0.001908 
0.425232 0.245037 0.302986 0.026746 
0.423239 0.309963 0.258250 0.008549 
0.418471 0.320059 0.239849 0.021621 
0.428107 0.316488 0.206998 0.048407 
0.428445 0.315846 0.229738 0.025971 
0.409473 0.270321 0.000607 0.319599 
0.409951 0.264858 0.000721 0.324470 
0.406433 0.224836 0.022524 0.346207 
0.405600 0.000601 0.262874 0.330925 
0.402772 0.000185 0.270586 0.326457 
0.427268 0.064099 0.176550 0.332082 
0.418719 0.102781 0.125167 0.353333 
0.411940 0.095154 0.124659 0.368246 
0.415485 0.126929 0.102359 0.355228 
0.422272 0.156112 0.076985 0.344631 
0.408533 0.121027 0.103834 0.366605 
0.400921 0.071888 0.153893 0.373298 
0.397607 0.000272 0.256327 0.345794 
0.396448 0.000280 0.253923 0.349349 
0.394221 0.000022 0.273385 0.332372 
0.407237 0.013756 0.219506 0.359501 
0.392768 0.019942 0.195908 0.391383 
0.399374 0.079040 0.132129 0.389456 
0.400431 0.102577 0.111258 0.385735 
0.425690 0.035808 0.216207 0.322295 
0.431404 0.071394 0.177295 0.319907 
0.441385 0.068057 0.222526 0.268032 
0.413664 0.000594 0.270296 0.315446 
0.413681 0.001201 0.276008 0.309110 
0.416602 0.006947 0.299228 0.277222 
0.404052 0.013431 0.241701 0.340816 
0.400642 0.003755 0.250907 0.344696 
0.409580 0.005474 0.247480 0.337466 
0.440141 0.030298 0.283631 0.245931 
0.453522 0.188071 0.201639 0.156769 
0.423300 0.020452 0.229923 0.326325 
0.423515 0.009750 0.248498 0.318237 
0.432581 0.004031 0.285422 0.277966 
0.421311 0.002181 0.265137 0.311371 
0.419722 0.029661 0.211145 0.339472 
0.436323 0.027774 0.303717 0.232186 
0.421192 0.019032 0.332025 0.227752 
0.437228 0.096743 0.314540 0.151489 
0.435691 0.078342 0.314734 0.171233 
0.419813 0.015673 0.333666 0.230848 
0.378027 0.000010 0.273813 0.348150 
0.390425 0.000095 0.309967 0.299513 
0.409121 0.002011 0.332485 0.256382 
0.439657 0.057457 0.297197 0.205689 
0.433798 0.108452 0.310270 0.147480 
0.430718 0.021349 0.296494 0.251439 
0.374596 0.000001 0.275259 0.350144 
0.265137 0.000000 0.185150 0.549713 
0.197300 0.000000 0.154410 0.648290 
0.252178 0.000000 0.224323 0.523499 
0.222581 0.000000 0.188779 0.588640 
0.306853 0.000000 0.274080 0.419067 
0.321528 0.000000 0.270355 0.408117 
0.337143 0.000000 0.314563 0.348294 
0.354050 0.000000 0.333200 0.312750 
0.388408 0.000454 0.368976 0.242162 
0.382626 0.000162 0.367071 0.250141 
0.420803 0.119304 0.344684 0.115210 
0.424522 0.228121 0.323729 0.023627 
0.417251 0.254263 0.325311 0.003175 
0.414543 0.299580 0.285675 0.000201 
0.400338 0.332203 0.248453 0.019006 
0.381292 0.357470 0.261035 0.000203 
0.361466 0.355531 0.283003 0.000000 
0.391542 0.334680 0.273741 0.000037 
0.356613 0.403135 0.240239 0.000012 
0.366062 0.430709 0.199454 0.003775 
0.367359 0.413251 0.214701 0.004690 
0.414277 0.349992 0.059739 0.175992 
0.414361 0.307428 0.000194 0.278017 
0.412149 0.310109 0.000169 0.277573 
0.421728 0.292435 0.000322 0.285515 
0.411711 0.309638 0.000143 0.278509 
0.426282 0.304891 0.019618 0.249209 
0.446341 0.286166 0.096001 0.171492 
0.437085 0.278184 0.276010 0.008720 
0.435828 0.287374 0.254226 0.022572 
0.428440 0.328819 0.081820 0.160921 
0.392717 0.389538 0.111139 0.106606 
0.394040 0.321214 0.284739 0.000007 
0.402021 0.372131 0.206558 0.019289 
0.413785 0.362569 0.118862 0.104783 
0.375836 0.374816 0.000211 0.249137 
0.404011 0.319594 0.000067 0.276328 
0.413482 0.314833 0.001742 0.269942 
0.394888 0.278643 0.000030 0.326439 
0.428402 0.289469 0.001931 0.280198 
0.439269 0.126952 0.131973 0.301807 
0.436186 0.097260 0.156005 0.310549 
0.441733 0.030108 0.243873 0.284286 
0.454273 0.153585 0.214104 0.178038 
0.455602 0.176785 0.171946 0.195667 
0.453815 0.212226 0.201458 0.132500 
0.455508 0.180576 0.194270 0.169646 
0.455307 0.190925 0.174078 0.179689 
0.452041 0.113849 0.222225 0.211886 
0.451104 0.143835 0.134173 0.270888 
0.454946 0.228371 0.158196 0.158487 
0.451428 0.097921 0.193966 0.256685 
0.450233 0.088195 0.202785 0.258787 
0.451775 0.139941 0.175828 0.232456 
0.456324 0.196741 0.188025 0.158911 
0.453346 0.149740 0.220109 0.176805 
0.451997 0.151481 0.149958 0.246564 
0.454948 0.175048 0.173464 0.196540 
0.446202 0.147606 0.117616 0.288576 
0.441035 0.235535 0.037961 0.285469 
0.448394 0.117445 0.166779 0.267382 
0.432620 0.144042 0.320120 0.103218 
0.434399 0.148139 0.310058 0.107404 
0.442197 0.116542 0.295986 0.145276 
0.439754 0.038043 0.291223 0.230979 
0.438965 0.103143 0.307272 0.150620 
0.443247 0.155252 0.295181 0.106321 
0.427656 0.034559 0.318997 0.218788 
0.405640 0.000389 0.321561 0.272410 
0.402136 0.000563 0.331720 0.265582 
0.412551 0.001406 0.323409 0.262633 
0.394473 0.000543 0.345620 0.259364 
0.380900 0.000005 0.340957 0.278139 
0.391234 0.001226 0.364102 0.243439 
0.393133 0.082257 0.394689 0.129921 
0.395139 0.101743 0.389752 0.113367 
0.395538 0.101988 0.390680 0.111793 
0.390828 0.106285 0.396187 0.106700 
0.399237 0.136344 0.375575 0.088844 
0.381613 0.001426 0.351676 0.265285 
0.406118 0.161342 0.349033 0.083507 
0.423610 0.107978 0.323371 0.145041 
0.408712 0.009356 0.335647 0.246284 
0.393815 0.004549 0.364030 0.237606 
0.397523 0.013844 0.367307 0.221325 
0.388840 0.013243 0.384834 0.213083 
0.387410 0.023213 0.387090 0.202287 
0.387579 0.002437 0.375111 0.234872 
0.398280 0.009363 0.355828 0.236530 
0.417945 0.019714 0.318122 0.244219 
0.404750 0.012493 0.331535 0.251221 
0.438581 0.035676 0.287828 0.237915 
0.437380 0.130218 0.313500 0.118903 
0.430123 0.149038 0.325788 0.095052 
0.410784 0.121114 0.368763 0.099338 
0.397409 0.001628 0.348687 0.252275 
0.409900 0.006094 0.340813 0.243192 
0.373756 0.000001 0.341349 0.284894 
0.393486 0.048328 0.379789 0.178397 
0.396346 0.142166 0.389964 0.071524 
0.397185 0.019064 0.369119 0.214632 
0.412023 0.077104 0.362649 0.148224 
0.416492 0.097392 0.357271 0.128846 
0.402505 0.005324 0.360516 0.231655 
0.400140 0.001680 0.355828 0.242352 
0.383448 0.000003 0.334853 0.281696 
0.422052 0.031059 0.327951 0.218938 
0.426238 0.085201 0.323864 0.164697 
0.443342 0.057757 0.292754 0.206147 
0.439847 0.106263 0.310080 0.143810 
0.451815 0.170741 0.270706 0.106737 
0.435285 0.120527 0.321516 0.122672 
0.426491 0.138497 0.338034 0.096978 
0.434902 0.121543 0.321947 0.121609 
0.384209 0.000002 0.291620 0.324169 
0.395354 0.000005 0.294426 0.310215 
0.395098 0.000005 0.310462 0.294435 
0.379250 0.000001 0.337054 0.283694 
0.401087 0.115533 0.387759 0.095621 
0.397162 0.169805 0.389895 0.043138 
0.395967 0.008156 0.376840 0.219037 
0.393039 0.014273 0.386856 0.205831 
0.378846 0.000018 0.360859 0.260277 
0.395469 0.016989 0.384588 0.202953 
0.396326 0.021594 0.384142 0.197938 
0.384638 0.002069 0.381533 0.231760 
0.384604 0.000802 0.381813 0.232781 
0.344231 0.000000 0.334855 0.320914 
0.376339 0.000065 0.364905 0.258691 
0.338851 0.000000 0.314353 0.346796 
0.326691 0.000000 0.295751 0.377558 
0.405565 0.004613 0.351273 0.238548 
0.417598 0.095116 0.355986 0.131300 
0.413375 0.003366 0.333151 0.250108 
0.425247 0.000910 0.295145 0.278698 
0.426004 0.000981 0.281616 0.291399 
0.407773 0.000427 0.271934 0.319866 
0.393886 0.000013 0.289219 0.316883 
0.383063 0.000081 0.259687 0.357169 
0.379087 0.000001 0.287238 0.333674 
0.401493 0.000399 0.261917 0.336190 
0.384670 0.000009 0.271727 0.343594 
0.375080 0.000001 0.278410 0.346509 
0.387350 0.000236 0.252739 0.359675 
0.377059 0.000013 0.264187 0.358741 
0.377088 0.000073 0.248472 0.374367 
0.380734 0.000099 0.250444 0.368723 
0.382465 0.000408 0.240580 0.376548 
0.378877 0.000276 0.238855 0.381992 
0.363444 0.000001 0.272121 0.364433 
0.365762 0.000003 0.264092 0.370142 
0.377618 0.000011 0.265349 0.357021 
0.381345 0.000000 0.308896 0.309759 
0.383249 0.000001 0.311927 0.304824 
0.372190 0.000000 0.323605 0.304205 
0.366512 0.000002 0.346553 0.286933 
0.367006 0.000001 0.351546 0.281448 
0.359111 0.000001 0.357064 0.283824 
0.373371 0.000005 0.353938 0.272685 
0.353367 0.000000 0.358618 0.288015 
0.357805 0.000000 0.356698 0.285497 
0.378795 0.000862 0.381101 0.239243 
0.381622 0.002246 0.386497 0.229636 
0.391311 0.000370 0.354336 0.253984 
0.366904 0.000003 0.358781 0.274312 
0.353736 0.000000 0.350717 0.295547 
0.346168 0.000000 0.327566 0.326266 
0.341480 0.000000 0.317098 0.341422 
0.331488 0.000000 0.341332 0.327179 
0.328624 0.000000 0.337233 0.334143 
0.334048 0.000000 0.334553 0.331399 
0.341014 0.000000 0.338158 0.320828 
0.352007 0.000000 0.335644 0.312350 
0.366407 0.000001 0.356288 0.277304 
0.381824 0.000369 0.353241 0.264566 
0.386542 0.000270 0.353680 0.259508 
0.398127 0.002442 0.351595 0.247837 
0.392370 0.000233 0.344919 0.262479 
0.371420 0.000000 0.322291 0.306288 
0.355977 0.000000 0.344859 0.299164 
0.357663 0.000000 0.357217 0.285120 
0.340300 0.000000 0.341277 0.318423 
0.363402 0.000000 0.339199 0.297399 
0.376366 0.000151 0.367258 0.256224 
0.384727 0.002553 0.369476 0.243244 
0.401080 0.014670 0.352159 0.232091 
0.384459 0.000099 0.344247 0.271196 
0.389141 0.001015 0.357258 0.252586 
0.393264 0.050658 0.384384 0.171695 
0.397529 0.004352 0.359865 0.238255 
0.398682 0.120273 0.385387 0.095658 
0.373477 0.000057 0.373552 0.252914 
0.361691 0.000000 0.352715 0.285594 
0.390884 0.055002 0.394636 0.159478 
0.391183 0.106192 0.398618 0.104007 
0.388258 0.114735 0.401962 0.095045 
0.383667 0.038993 0.398702 0.178637 
0.374276 0.001890 0.389647 0.234188 
0.388188 0.016085 0.381801 0.213926 
0.377100 0.233994 0.380651 0.008255 
0.375463 0.241446 0.381729 0.001362 
0.386417 0.240543 0.370038 0.003002 
0.377312 0.262341 0.360280 0.000067 
0.388398 0.137140 0.383753 0.090710 
0.400891 0.186416 0.363014 0.049679 
0.380524 0.000188 0.358836 0.260452 
0.365378 0.000000 0.324532 0.310090 
0.392776 0.000036 0.293023 0.314164 
0.265368 0.000160 0.159983 0.574489 
0.264292 0.000001 0.199137 0.536570 
0.218263 0.000002 0.147375 0.634361 
0.294936 0.000000 0.236177 0.468887 
0.303431 0.000001 0.234750 0.461818 
0.331226 0.000038 0.248268 0.420468 
0.288407 0.000001 0.231847 0.479745 
0.366310 0.000001 0.329199 0.304490 
0.340558 0.000000 0.300594 0.358848 
0.365633 0.000000 0.313466 0.320901 
0.315082 0.000000 0.316628 0.368290 
0.225916 0.000000 0.209945 0.564138 
0.202290 0.000000 0.163968 0.633743 
0.169511 0.000000 0.146568 0.683921 
0.138506 0.000000 0.109295 0.752199 
0.220714 0.000000 0.156680 0.622606 
0.288487 0.001096 0.159819 0.550597 
0.335375 0.022650 0.150854 0.491121 
0.379286 0.001172 0.240690 0.378853 
0.430660 0.015655 0.260495 0.293189 
0.431575 0.051633 0.210768 0.306024 
0.449866 0.177866 0.201606 0.170661 
0.444600 0.239019 0.195497 0.120885 
0.445996 0.161639 0.251312 0.141053 
0.443832 0.162710 0.235736 0.157722 
0.408340 0.001051 0.279878 0.310731 
0.389514 0.074200 0.146815 0.389471 
0.345495 0.067180 0.120393 0.466931 
0.246727 0.006261 0.121681 0.625330 
0.279026 0.045119 0.090029 0.585826 
0.316744 0.100227 0.057723 0.525306 
0.238163 0.075737 0.033619 0.652481 
0.339150 0.088170 0.090744 0.481936 
0.435628 0.162934 0.116382 0.285055 
0.414683 0.171431 0.079180 0.334706 
0.373866 0.175726 0.042345 0.408062 
0.407603 0.225315 0.024306 0.342776 
0.392798 0.258394 0.001417 0.347392 
0.394815 0.159189 0.062615 0.383380 
0.416505 0.076150 0.166435 0.340909 
0.343175 0.170872 0.012422 0.473532 
0.404456 0.220975 0.021268 0.353302 
0.434510 0.285684 0.026111 0.253695 
0.448141 0.238177 0.177950 0.135731 
0.445933 0.148733 0.260437 0.144897 
0.448693 0.178762 0.249177 0.123368 
0.449268 0.182234 0.238442 0.130056 
0.444581 0.172693 0.280623 0.102103 
0.437437 0.122069 0.304416 0.136078 
0.440675 0.131829 0.294223 0.133273 
0.440293 0.137862 0.293586 0.128258 
0.426832 0.003647 0.284585 0.284935 
0.436341 0.031956 0.260761 0.270942 
0.412110 0.004199 0.256312 0.327379 
0.420541 0.163809 0.078951 0.336699 
0.426427 0.202385 0.051568 0.319619 
0.441732 0.097353 0.170716 0.290199 
0.437691 0.184041 0.107170 0.271098 
0.447007 0.231662 0.106245 0.215086 
0.445885 0.134336 0.143353 0.276427 
0.447961 0.140379 0.146856 0.264804 
0.437217 0.128699 0.131112 0.302971 
0.441961 0.216488 0.097879 0.243672 
0.444470 0.267066 0.149157 0.139307 
0.437719 0.297365 0.107867 0.157048 
0.394444 0.254529 0.001877 0.349151 
0.376860 0.225906 0.002842 0.394392 
0.376418 0.243385 0.000843 0.379355 
0.339843 0.202433 0.000660 0.457064 
0.384824 0.239770 0.001656 0.373750 
0.362201 0.204573 0.006137 0.427089 
0.293044 0.100107 0.038085 0.568765 
0.399968 0.116781 0.117685 0.365566 
0.341745 0.183555 0.007531 0.467169 
0.298656 0.135052 0.011301 0.554992 
0.232885 0.077218 0.028035 0.661862 
0.158599 0.035944 0.028891 0.776566 
0.281384 0.073366 0.057162 0.588088 
0.353131 0.002085 0.199823 0.444961 
0.371237 0.000004 0.272296 0.356462 
0.363453 0.000022 0.249870 0.386656 
0.435363 0.217242 0.047082 0.300313 
0.404930 0.113374 0.121246 0.360451 
0.450340 0.229079 0.160176 0.160405 
0.435071 0.145030 0.308378 0.111522 
0.396234 0.031726 0.377710 0.194329 
0.404997 0.087381 0.366504 0.141118 
0.414224 0.130384 0.347877 0.107514 
0.387151 0.012057 0.380619 0.220174 
0.343858 0.001859 0.450029 0.204254 
0.335753 0.000545 0.449427 0.214274 
0.358272 0.039036 0.452109 0.150583 
0.404889 0.109350 0.370878 0.114883 
0.337223 0.116094 0.493667 0.053016 
0.338585 0.028331 0.486201 0.146882 
0.274784 0.083756 0.599635 0.041825 
0.281464 0.033627 0.577128 0.107781 
0.298128 0.032851 0.561208 0.107813 
0.259173 0.003980 0.611863 0.124984 
0.184623 0.000000 0.595081 0.220297 
0.233414 0.000000 0.599213 0.167373 
0.320076 0.006249 0.492187 0.181489 
0.362700 0.001467 0.415030 0.220803 
0.348040 0.000011 0.403708 0.248241 
0.419769 0.001953 0.287902 0.290377 
0.411487 0.115713 0.357889 0.114911 
0.419176 0.119445 0.343672 0.117708 
0.347366 0.056445 0.477535 0.118654 
0.281897 0.000000 0.510703 0.207400 
0.261630 0.000001 0.551706 0.186663 
0.336894 0.000650 0.461193 0.201263 
0.388029 0.108114 0.402212 0.101645 
0.356742 0.072911 0.461472 0.108875 
0.322645 0.105113 0.518923 0.053318 
0.337263 0.039117 0.495164 0.128457 
0.311000 0.085519 0.544149 0.059331 
0.373751 0.006905 0.407587 0.211757 
0.293662 0.000042 0.522790 0.183506 
0.334222 0.001895 0.473362 0.190522 
0.401829 0.112372 0.376635 0.109164 
0.426234 0.084192 0.324086 0.165488 
0.382067 0.071216 0.410310 0.136406 
0.403859 0.033615 0.357971 0.204555 
0.439785 0.185115 0.279020 0.096080 
0.435281 0.163348 0.271340 0.130031 
0.416483 0.019114 0.317057 0.247346 
0.418012 0.129730 0.336584 0.115674 
0.359871 0.118268 0.446870 0.074990 
0.346048 0.007084 0.457314 0.189554 
0.373231 0.019973 0.416431 0.190365 
0.341378 0.079224 0.493064 0.086334 
0.282022 0.062002 0.593455 0.062521 
0.182880 0.036328 0.743745 0.037047 
0.177709 0.011697 0.746784 0.063810 
0.148890 0.029414 0.792567 0.029129 
0.195850 0.027288 0.724476 0.052386 
0.170226 0.027795 0.761862 0.040117 
0.141138 0.033422 0.801359 0.024081 
0.155782 0.030846 0.780791 0.032581 
0.164939 0.046972 0.766150 0.021939 
0.265320 0.027958 0.615171 0.091551 
0.259474 0.003861 0.611804 0.124862 
0.257837 0.003574 0.612022 0.126567 
0.297822 0.000497 0.535516 0.166166 
0.310151 0.000312 0.508032 0.181505 
0.392288 0.000789 0.352918 0.254005 
0.380282 0.000131 0.364480 0.255106 
0.388217 0.167725 0.399557 0.044501 
0.415664 0.259962 0.319653 0.004721 
0.370358 0.192334 0.423975 0.013333 
0.350654 0.084598 0.473442 0.091306 
0.356685 0.107588 0.459288 0.076439 
0.334238 0.007907 0.477207 0.180648 
0.321707 0.109492 0.523207 0.045594 
0.288853 0.066080 0.578777 0.066289 
0.265461 0.043774 0.614606 0.076159 
0.189352 0.005042 0.723648 0.081958 
0.129308 0.000234 0.804876 0.065583 
0.135462 0.000627 0.795137 0.068774 
0.093150 0.000320 0.859615 0.046915 
0.097886 0.027338 0.859666 0.015110 
0.121476 0.007903 0.825219 0.045402 
0.186234 0.014752 0.731267 0.067748 
0.219296 0.051661 0.684375 0.044667 
0.136838 0.067270 0.794975 0.000917 
0.164165 0.042957 0.758411 0.034467 
0.215820 0.081439 0.684020 0.018721 
0.315317 0.156060 0.515754 0.012870 
0.340695 0.126454 0.477778 0.055072 
0.279451 0.205575 0.514972 0.000003 
0.159320 0.148829 0.691851 0.000000 
0.112997 0.142462 0.744542 0.000000 
0.111531 0.110226 0.778243 0.000000 
0.102228 0.073783 0.823989 0.000000 
0.131156 0.111854 0.756990 0.000000 
0.131050 0.219294 0.649656 0.000000 
0.081813 0.183591 0.734596 0.000000 
0.144999 0.259172 0.595824 0.000005 
0.149649 0.408564 0.362486 0.079301 
0.213362 0.394879 0.387405 0.004355 
0.293263 0.291627 0.415103 0.000007 
0.313338 0.285092 0.401570 0.000000 
0.262641 0.277905 0.459454 0.000000 
0.213406 0.255899 0.530694 0.000000 
0.276744 0.225125 0.498130 0.000002 
0.268120 0.295344 0.436536 0.000000 
0.213117 0.426897 0.359985 0.000002 
0.188134 0.395120 0.416746 0.000000 
0.160013 0.399637 0.440351 0.000000 
0.280458 0.385773 0.333768 0.000000 
0.296060 0.399934 0.304006 0.000000 
0.245471 0.497307 0.257222 0.000000 
0.242987 0.528794 0.228195 0.000025 
0.302407 0.487281 0.011827 0.198485 
0.275863 0.514051 0.000003 0.210083 
0.288164 0.472756 0.000000 0.239080 
0.250024 0.537775 0.000000 0.212200 
0.282474 0.471999 0.000000 0.245526 
0.296761 0.459036 0.000000 0.244203 
0.255386 0.544007 0.000000 0.200607 
0.254527 0.607997 0.001927 0.135548 
0.239682 0.647468 0.040685 0.072164 
0.223834 0.674368 0.046181 0.055618 
0.218712 0.682764 0.042518 0.056006 
0.221787 0.677276 0.054657 0.046280 
0.228295 0.665174 0.076701 0.029830 
0.187156 0.718479 0.092376 0.001989 
0.232767 0.645019 0.120481 0.001733 
0.283042 0.551656 0.164004 0.001298 
0.336504 0.449384 0.212963 0.001149 
0.324468 0.481876 0.057564 0.136092 
0.245428 0.623144 0.130505 0.000923 
0.264422 0.597151 0.130922 0.007504 
0.286851 0.548264 0.001153 0.163732 
0.322165 0.516199 0.019327 0.142308 
0.363502 0.455359 0.087387 0.093751 
0.358581 0.455211 0.122068 0.064140 
0.370368 0.434027 0.171276 0.024329 
0.377187 0.429007 0.067743 0.126062 
0.385539 0.402279 0.188983 0.023199 
0.390875 0.405154 0.109209 0.094762 
0.368619 0.444182 0.060223 0.126976 
0.336031 0.503640 0.087890 0.072440 
0.368971 0.442749 0.111226 0.077053 
0.364770 0.443485 0.146586 0.045159 
0.371409 0.434712 0.121975 0.071904 
0.380757 0.406457 0.164458 0.048328 
0.416768 0.331490 0.042040 0.209703 
0.430826 0.311947 0.146038 0.111190 
0.407610 0.333879 0.012616 0.245895 
0.386596 0.400020 0.131927 0.081458 
0.413296 0.350467 0.111459 0.124778 
0.395926 0.385581 0.117189 0.101304 
0.396316 0.385061 0.104628 0.113995 
0.382395 0.392228 0.206645 0.018731 
0.359400 0.427137 0.135401 0.078062 
0.300216 0.554561 0.075741 0.069483 
0.320480 0.506734 0.008231 0.164556 
0.370127 0.383238 0.000196 0.246440 
0.385768 0.354595 0.000433 0.259205 
0.359818 0.376942 0.000008 0.263232 
0.321286 0.464582 0.034755 0.179377 
0.265127 0.548279 0.000155 0.186439 
0.324628 0.482233 0.002123 0.191015 
0.366132 0.422720 0.193607 0.017542 
0.395400 0.375438 0.157806 0.071356 
0.409920 0.339875 0.217717 0.032488 
0.414042 0.345169 0.131504 0.109284 
0.425969 0.313420 0.055976 0.204635 
0.434975 0.301228 0.091929 0.171868 
0.437951 0.182585 0.130734 0.248730 
0.437128 0.293079 0.184720 0.085073 
0.398697 0.378793 0.101659 0.120851 
0.396368 0.359624 0.175801 0.068208 
0.391130 0.377658 0.010365 0.220847 
0.388931 0.394086 0.050744 0.166239 
0.396343 0.379322 0.201935 0.022400 
0.379949 0.399765 0.003967 0.216319 
0.389496 0.386051 0.016953 0.207501 
0.381807 0.385558 0.000851 0.231784 
0.377845 0.352699 0.000006 0.269450 
0.401775 0.320505 0.000050 0.277670 
0.412887 0.271683 0.000684 0.314746 
0.405224 0.253184 0.002367 0.339225 
0.368182 0.272598 0.000004 0.359215 
0.330863 0.343534 0.000000 0.325603 
0.337108 0.334940 0.000000 0.327952 
0.368228 0.263531 0.000006 0.368234 
0.349223 0.312193 0.000000 0.338584 
0.360509 0.296540 0.000000 0.342950 
0.366908 0.312251 0.000000 0.320842 
0.397029 0.330297 0.000262 0.272412 
0.404579 0.311987 0.000214 0.283220 
0.422421 0.224516 0.038504 0.314558 
0.425585 0.125154 0.126065 0.323197 
0.431662 0.081214 0.180861 0.306264 
