0.250730 0.248666 0.249812 0.250792 
0.291000 0.281896 0.149993 0.277111 
0.330362 0.334759 0.001391 0.333488 
0.324249 0.351241 0.000031 0.324480 
0.324353 0.350422 0.000006 0.325219 
0.325979 0.347873 0.000000 0.326147 
0.312356 0.340455 0.000000 0.347189 
0.316547 0.339472 0.000000 0.343981 
0.308648 0.342243 0.000000 0.349109 
0.306412 0.337781 0.000000 0.355807 
0.286012 0.335125 0.000000 0.378864 
0.282551 0.336055 0.000001 0.381394 
0.271185 0.312524 0.000003 0.416287 
0.267278 0.296357 0.000212 0.436153 
0.237919 0.294183 0.004428 0.463471 
0.242425 0.294199 0.003704 0.459672 
0.233441 0.287390 0.012955 0.466214 
0.225383 0.258343 0.367725 0.148550 
0.219975 0.270654 0.332714 0.176657 
0.224821 0.277712 0.388999 0.108468 
0.221533 0.285180 0.401023 0.092263 
0.236450 0.252947 0.239069 0.271534 
0.232521 0.241971 0.234885 0.290623 
0.238657 0.236983 0.382959 0.141401 
0.240052 0.237488 0.063277 0.459183 
0.236396 0.235236 0.180101 0.348267 
0.235268 0.232381 0.181947 0.350404 
0.232893 0.231112 0.279309 0.256686 
0.244787 0.243158 0.465078 0.046978 
0.255076 0.257923 0.002967 0.484034 
0.267638 0.279633 0.000100 0.452629 
0.318041 0.350944 0.000000 0.331015 
0.273880 0.277432 0.000037 0.448651 
0.350264 0.358869 0.000000 0.290867 
0.385392 0.384302 0.000000 0.230306 
0.452233 0.447049 0.000000 0.100718 
0.412352 0.419489 0.000000 0.168159 
0.378224 0.385908 0.000000 0.235869 
0.325167 0.331731 0.000000 0.343102 
0.305337 0.309158 0.000000 0.385505 
0.230617 0.236622 0.249076 0.283685 
0.235809 0.246511 0.449307 0.068372 
0.242629 0.242829 0.482242 0.032300 
0.232112 0.230774 0.257584 0.279530 
0.242403 0.240501 0.480904 0.036191 
0.232308 0.230020 0.234983 0.302688 
0.232452 0.230579 0.227226 0.309743 
0.236908 0.235698 0.155098 0.372296 
0.269227 0.267007 0.000101 0.463666 
0.265021 0.264412 0.000314 0.470253 
0.258327 0.257076 0.031541 0.453056 
0.260263 0.259125 0.001049 0.479562 
0.249272 0.248735 0.007534 0.494459 
0.236652 0.235544 0.134186 0.393617 
0.239235 0.239268 0.056698 0.464799 
0.298537 0.311169 0.390294 0.000000 
0.278276 0.287367 0.434351 0.000006 
0.272084 0.294113 0.433737 0.000065 
0.242075 0.271987 0.195878 0.290060 
0.249812 0.299798 0.004686 0.445704 
0.241120 0.291468 0.007947 0.459465 
0.237058 0.302716 0.004026 0.456200 
0.232494 0.282921 0.129562 0.355024 
0.228657 0.278760 0.446620 0.045964 
0.232413 0.285566 0.270812 0.211209 
0.233859 0.275577 0.435978 0.054585 
0.242999 0.287920 0.004112 0.464969 
0.231449 0.277378 0.031641 0.459532 
0.222417 0.269534 0.328503 0.179546 
0.217885 0.286227 0.342190 0.153698 
0.216584 0.302601 0.397169 0.083645 
0.306250 0.411726 0.282024 0.000000 
0.316549 0.417008 0.266442 0.000000 
0.275559 0.346431 0.340143 0.037867 
0.261515 0.384505 0.000191 0.353789 
0.274539 0.392690 0.000005 0.332766 
0.281197 0.408725 0.000001 0.310077 
0.279169 0.435443 0.000054 0.285333 
0.290507 0.411468 0.000000 0.298026 
0.296405 0.405970 0.000000 0.297625 
0.288106 0.423995 0.000029 0.287870 
0.297806 0.404822 0.000000 0.297372 
0.281563 0.351759 0.000000 0.366678 
0.255525 0.349917 0.000004 0.394554 
0.229033 0.359205 0.000340 0.411422 
0.212101 0.346699 0.070419 0.370781 
0.204048 0.341270 0.211270 0.243412 
0.207734 0.313187 0.152362 0.326717 
0.212184 0.326598 0.162160 0.299059 
0.199429 0.355987 0.061779 0.382805 
0.208356 0.378093 0.026504 0.387048 
0.202920 0.349550 0.201834 0.245697 
0.201927 0.339961 0.122336 0.335776 
0.196611 0.345960 0.227336 0.230093 
0.208039 0.348929 0.037243 0.405788 
0.210686 0.339722 0.041779 0.407813 
0.211760 0.339103 0.392342 0.056796 
0.211960 0.373410 0.410667 0.003963 
0.200935 0.354891 0.372984 0.071191 
0.196554 0.358091 0.232326 0.213029 
0.200566 0.356344 0.292253 0.150837 
0.206623 0.394946 0.010243 0.388188 
0.198169 0.368194 0.236368 0.197269 
0.202492 0.367161 0.338637 0.091711 
0.206603 0.370451 0.021926 0.401020 
0.208285 0.369872 0.373983 0.047860 
0.219419 0.368227 0.410263 0.002091 
0.210588 0.352349 0.414973 0.022089 
0.205362 0.372162 0.081486 0.340989 
0.201721 0.361136 0.314035 0.123108 
0.207943 0.361860 0.391588 0.038609 
0.199982 0.360123 0.303165 0.136730 
0.197988 0.355011 0.337798 0.109203 
0.190443 0.375198 0.291978 0.142381 
0.192125 0.357186 0.305868 0.144821 
0.221078 0.430332 0.338665 0.009925 
0.197965 0.358405 0.366936 0.076694 
0.212507 0.123715 0.316670 0.347108 
0.199168 0.196948 0.335902 0.267982 
0.198091 0.238530 0.341766 0.221613 
0.185185 0.272152 0.356624 0.186038 
0.201785 0.382080 0.365338 0.050797 
0.211696 0.278889 0.295067 0.214348 
0.215585 0.124104 0.291799 0.368512 
0.230563 0.013514 0.316517 0.439406 
0.217194 0.243514 0.330093 0.209199 
0.214469 0.417277 0.362456 0.005798 
0.208373 0.400138 0.331009 0.060480 
0.209540 0.389202 0.336241 0.065017 
0.219415 0.306697 0.328414 0.145474 
0.228244 0.011473 0.326053 0.434229 
0.199544 0.365511 0.363784 0.071161 
0.219195 0.438734 0.326387 0.015684 
0.212559 0.395713 0.388264 0.003464 
0.199531 0.369964 0.307911 0.122594 
0.194156 0.367856 0.078267 0.359721 
0.205240 0.398207 0.011193 0.385359 
0.215581 0.423180 0.007018 0.354221 
0.248177 0.216539 0.309594 0.225691 
0.252062 0.090966 0.386432 0.270539 
0.362226 0.000084 0.574977 0.062713 
0.351263 0.003978 0.616450 0.028309 
0.358121 0.002343 0.629023 0.010513 
0.321032 0.198897 0.469886 0.010184 
0.320238 0.123735 0.545313 0.010714 
0.366524 0.001084 0.624762 0.007630 
0.361961 0.000059 0.596500 0.041481 
0.359963 0.000015 0.566005 0.074017 
0.300886 0.000009 0.465077 0.234027 
0.343866 0.000003 0.511793 0.144338 
0.271841 0.003364 0.528328 0.196467 
0.268096 0.000000 0.372508 0.359395 
0.277661 0.000001 0.401577 0.320761 
0.399362 0.000000 0.511699 0.088939 
0.394654 0.000000 0.500752 0.104594 
0.345431 0.000000 0.474092 0.180477 
0.253112 0.000016 0.336540 0.410332 
0.257554 0.000001 0.363108 0.379337 
0.242119 0.000050 0.352345 0.405487 
0.309909 0.000013 0.476136 0.213942 
0.297251 0.001609 0.554822 0.146318 
0.300228 0.002705 0.560818 0.136248 
0.289374 0.007667 0.556459 0.146500 
0.267264 0.005083 0.518075 0.209579 
0.293691 0.096654 0.522872 0.086783 
0.260569 0.050897 0.504957 0.183577 
0.254333 0.146541 0.423163 0.175963 
0.232642 0.050276 0.451708 0.265373 
0.204346 0.008210 0.407154 0.380290 
0.194778 0.083542 0.371154 0.350526 
0.186368 0.252451 0.376473 0.184708 
0.187734 0.288176 0.147492 0.376598 
0.184174 0.153256 0.376571 0.285999 
0.189006 0.189952 0.252099 0.368942 
0.199751 0.169359 0.272082 0.358807 
0.205788 0.230776 0.214305 0.349131 
0.195136 0.059106 0.366910 0.378847 
0.197771 0.190784 0.271293 0.340151 
0.193902 0.309058 0.129477 0.367564 
0.209514 0.411326 0.047606 0.331554 
0.217070 0.218598 0.270726 0.293606 
0.218210 0.081752 0.400216 0.299821 
0.224031 0.277347 0.242499 0.256124 
0.209029 0.337542 0.140023 0.313406 
0.210551 0.397528 0.070240 0.321681 
0.209435 0.400020 0.060322 0.330223 
0.222912 0.436784 0.004711 0.335592 
0.210691 0.396481 0.067032 0.325796 
0.217223 0.430858 0.009558 0.342361 
0.209312 0.407132 0.040612 0.342944 
0.180526 0.316953 0.170943 0.331577 
0.177891 0.288946 0.318410 0.214753 
0.194398 0.387199 0.032804 0.385598 
0.200466 0.329251 0.233041 0.237242 
0.227883 0.251600 0.325794 0.194723 
0.241278 0.241779 0.035456 0.481488 
0.243227 0.262658 0.460191 0.033923 
0.268617 0.366006 0.365375 0.000002 
0.226629 0.300177 0.453029 0.020165 
0.228555 0.255797 0.110060 0.405588 
0.226520 0.276351 0.112540 0.384589 
0.242721 0.206867 0.167519 0.382893 
0.251919 0.236993 0.465142 0.045946 
0.238993 0.310533 0.443956 0.006519 
0.227773 0.416019 0.355132 0.001076 
0.224154 0.405929 0.369430 0.000487 
0.259246 0.401541 0.339188 0.000026 
0.290309 0.367433 0.342258 0.000000 
0.300943 0.353108 0.345949 0.000000 
0.307136 0.314150 0.378714 0.000000 
0.298835 0.330433 0.369326 0.001406 
0.321386 0.289276 0.389338 0.000000 
0.343697 0.251275 0.405029 0.000000 
0.335506 0.230606 0.433887 0.000000 
0.343947 0.234130 0.421923 0.000000 
0.346522 0.180626 0.472769 0.000083 
0.364215 0.154983 0.480802 0.000000 
0.306670 0.162989 0.004144 0.526196 
0.270041 0.177359 0.028485 0.524114 
0.246524 0.196247 0.320035 0.237194 
0.230980 0.304793 0.446487 0.017740 
0.209692 0.340573 0.386485 0.063250 
0.219341 0.341947 0.431282 0.007430 
0.223622 0.410651 0.364445 0.001283 
0.222902 0.371277 0.401793 0.004028 
0.265603 0.286583 0.438844 0.008969 
0.312657 0.196223 0.490293 0.000827 
0.291342 0.261335 0.447314 0.000010 
0.240296 0.351524 0.407955 0.000226 
0.239397 0.284197 0.469867 0.006539 
0.226486 0.272948 0.345240 0.155325 
0.242612 0.238219 0.296249 0.222921 
0.261434 0.188892 0.057798 0.491876 
0.264403 0.143735 0.291410 0.300452 
0.240251 0.246211 0.083030 0.430509 
0.216190 0.306639 0.339334 0.137837 
0.251378 0.255128 0.477631 0.015862 
0.277709 0.181394 0.525684 0.015212 
0.267372 0.173659 0.475450 0.083519 
0.250218 0.246782 0.277853 0.225146 
0.231327 0.264164 0.306700 0.197809 
0.202581 0.367596 0.327213 0.102610 
0.209289 0.333164 0.180105 0.277442 
0.219318 0.315412 0.130893 0.334378 
0.209597 0.369583 0.028700 0.392120 
0.234923 0.391411 0.001828 0.371839 
0.256897 0.364611 0.000041 0.378451 
0.252194 0.365257 0.000035 0.382513 
0.297053 0.335317 0.000000 0.367630 
0.315174 0.378288 0.000000 0.306537 
0.330635 0.342062 0.000000 0.327302 
0.381031 0.258850 0.000000 0.360119 
0.354023 0.311026 0.000000 0.334950 
0.318247 0.377068 0.000000 0.304685 
0.276358 0.407029 0.000013 0.316601 
0.268870 0.476795 0.003805 0.250530 
0.282585 0.236826 0.228157 0.252431 
0.298151 0.408766 0.000002 0.293081 
0.302848 0.417277 0.000028 0.279847 
0.297099 0.391635 0.000019 0.311247 
0.328240 0.354409 0.000000 0.317351 
0.329398 0.339428 0.000000 0.331174 
0.291149 0.352855 0.000014 0.355982 
0.273834 0.259515 0.008625 0.458025 
0.228152 0.305055 0.081358 0.385436 
0.221114 0.388645 0.002799 0.387442 
0.239759 0.355979 0.000848 0.403415 
0.243318 0.335016 0.004295 0.417372 
0.257143 0.299200 0.005118 0.438539 
0.250433 0.327660 0.008024 0.413883 
0.260702 0.317501 0.000366 0.421431 
0.238568 0.317958 0.021307 0.422166 
0.241207 0.337712 0.002134 0.418947 
0.225060 0.322662 0.255804 0.196474 
0.236767 0.308172 0.055208 0.399853 
0.242319 0.267291 0.370136 0.120254 
0.224677 0.299436 0.219453 0.256434 
0.227617 0.315132 0.276266 0.180985 
0.224090 0.333803 0.374745 0.067362 
0.233364 0.315044 0.095243 0.356349 
0.223852 0.347871 0.050570 0.377707 
0.199669 0.367721 0.211655 0.220955 
0.208076 0.367407 0.290320 0.134197 
0.234242 0.316734 0.147484 0.301540 
0.236834 0.312758 0.037910 0.412498 
0.255601 0.304275 0.006662 0.433462 
0.285919 0.341557 0.000018 0.372506 
0.262624 0.285622 0.006796 0.444957 
0.271122 0.349021 0.000016 0.379841 
0.287592 0.305638 0.000025 0.406745 
0.263295 0.364516 0.000057 0.372132 
0.265166 0.329025 0.000720 0.405089 
0.235637 0.376510 0.021289 0.366563 
0.237739 0.359545 0.007498 0.395218 
0.222192 0.303075 0.167972 0.306761 
0.233969 0.158796 0.317931 0.289304 
0.238683 0.379999 0.316865 0.064453 
0.258354 0.401130 0.331468 0.009048 
0.265394 0.000195 0.355985 0.378426 
0.293931 0.000000 0.357030 0.349038 
0.251297 0.000175 0.369595 0.378933 
0.271316 0.000072 0.350837 0.377775 
0.272297 0.000030 0.364617 0.363056 
0.276566 0.000469 0.418893 0.304072 
0.249300 0.022929 0.331932 0.395839 
0.241728 0.016584 0.339762 0.401926 
0.243022 0.049068 0.314215 0.393694 
0.248626 0.009368 0.336806 0.405200 
0.256802 0.002319 0.333254 0.407625 
0.252440 0.000361 0.361697 0.385501 
0.230859 0.009009 0.368760 0.391372 
0.217485 0.111146 0.358964 0.312405 
0.220895 0.144596 0.356393 0.278116 
0.212816 0.263852 0.361085 0.162246 
0.223337 0.355609 0.368508 0.052545 
0.220613 0.364052 0.374804 0.040532 
0.218959 0.364951 0.383674 0.032416 
0.219646 0.382754 0.383138 0.014462 
0.200763 0.304243 0.370568 0.124427 
0.202619 0.389866 0.388218 0.019297 
0.193136 0.366812 0.302513 0.137540 
0.200214 0.363526 0.060739 0.375521 
0.186153 0.334743 0.110971 0.368133 
0.186590 0.351166 0.128374 0.333870 
0.188282 0.374030 0.193383 0.244304 
0.200523 0.359685 0.288690 0.151102 
0.218783 0.363271 0.116228 0.301719 
0.229882 0.369264 0.004696 0.396158 
0.253109 0.323403 0.000220 0.423268 
0.290733 0.328259 0.000000 0.381007 
0.343935 0.204731 0.000000 0.451333 
0.367928 0.166407 0.000000 0.465665 
0.343285 0.085259 0.001100 0.570356 
0.384241 0.048934 0.000007 0.566818 
0.364981 0.056259 0.000259 0.578501 
0.358751 0.062431 0.000121 0.578698 
0.358444 0.081667 0.000036 0.559853 
0.423707 0.052150 0.000000 0.524142 
0.394197 0.050899 0.000001 0.554902 
0.370942 0.042802 0.000176 0.586080 
0.345688 0.094782 0.000070 0.559460 
0.358107 0.080467 0.000029 0.561397 
0.385880 0.059528 0.000013 0.554579 
0.362144 0.043569 0.000111 0.594175 
0.327734 0.042936 0.008971 0.620359 
0.381522 0.043159 0.000013 0.575305 
0.310237 0.091747 0.008508 0.589508 
0.284106 0.133884 0.099194 0.482816 
0.277744 0.134233 0.144426 0.443597 
0.276456 0.111813 0.279840 0.331892 
0.275059 0.160540 0.050941 0.513459 
0.292027 0.196306 0.002114 0.509553 
0.244260 0.253552 0.071869 0.430320 
0.227524 0.290655 0.151027 0.330794 
0.211801 0.332681 0.210530 0.244988 
0.215194 0.339733 0.079099 0.365973 
0.210701 0.335125 0.216390 0.237783 
0.217718 0.329217 0.221456 0.231608 
0.236582 0.289039 0.322016 0.152363 
0.207842 0.366674 0.154465 0.271019 
0.216950 0.349284 0.055568 0.378198 
0.230107 0.279797 0.224000 0.266097 
0.235304 0.273548 0.191294 0.299853 
0.235673 0.314311 0.024417 0.425599 
0.302471 0.404952 0.000001 0.292576 
0.326149 0.427837 0.000001 0.246013 
0.374287 0.501576 0.000002 0.124135 
0.341548 0.319493 0.000000 0.338959 
0.264943 0.338670 0.000019 0.396368 
0.334542 0.432364 0.000000 0.233094 
0.272467 0.386385 0.000002 0.341146 
0.232551 0.374639 0.000229 0.392581 
0.252690 0.340075 0.002041 0.405194 
0.234523 0.275289 0.185959 0.304230 
0.202306 0.351695 0.222186 0.223812 
0.198196 0.369575 0.196084 0.236146 
0.198560 0.366430 0.162113 0.272896 
0.230340 0.355339 0.005478 0.408843 
0.250850 0.379668 0.004261 0.365221 
0.270434 0.444743 0.000087 0.284736 
0.235663 0.440012 0.002694 0.321631 
0.223039 0.303686 0.176722 0.296552 
0.224987 0.416204 0.067921 0.290888 
0.235542 0.151661 0.355059 0.257737 
0.251767 0.063327 0.439360 0.245546 
0.267255 0.000507 0.470057 0.262180 
0.268719 0.000251 0.465070 0.265960 
0.268122 0.000214 0.464223 0.267441 
0.273049 0.000174 0.460331 0.266445 
0.283744 0.000010 0.436231 0.280015 
0.303176 0.000000 0.400046 0.296778 
0.304500 0.000000 0.396887 0.298614 
0.300563 0.000000 0.397370 0.302067 
0.321696 0.000000 0.351743 0.326561 
0.325703 0.000000 0.336098 0.338199 
0.334814 0.000000 0.331064 0.334122 
0.331846 0.000000 0.333939 0.334215 
0.325737 0.000000 0.353197 0.321066 
0.337874 0.000000 0.333935 0.328191 
0.331210 0.000000 0.340451 0.328339 
0.339126 0.000000 0.332773 0.328102 
0.323450 0.000000 0.344249 0.332301 
0.300561 0.000000 0.348482 0.350957 
0.286087 0.000001 0.323581 0.390332 
0.251504 0.000019 0.353780 0.394696 
0.230186 0.000304 0.373470 0.396041 
0.270362 0.000008 0.412882 0.316749 
0.276584 0.000000 0.355527 0.367889 
0.282645 0.000000 0.362502 0.354852 
0.273247 0.000001 0.385976 0.340777 
0.257303 0.000407 0.437191 0.305099 
0.259409 0.000382 0.438890 0.301318 
0.253643 0.000615 0.449488 0.296254 
0.237987 0.047160 0.452449 0.262404 
0.258426 0.001169 0.470805 0.269600 
0.275926 0.000031 0.431726 0.292317 
0.253612 0.003206 0.459843 0.283340 
0.278712 0.000144 0.450941 0.270203 
0.293570 0.000007 0.422700 0.283723 
0.268728 0.002605 0.460359 0.268309 
0.271557 0.001534 0.466621 0.260288 
0.258836 0.003192 0.482779 0.255193 
0.243815 0.031411 0.480004 0.244771 
0.246292 0.446394 0.065100 0.242213 
0.234624 0.206231 0.318102 0.241043 
0.243528 0.024453 0.479431 0.252587 
0.256757 0.013399 0.474431 0.255413 
0.270550 0.001638 0.457745 0.270067 
0.300913 0.000000 0.401516 0.297571 
0.304532 0.000000 0.393648 0.301820 
0.284135 0.000000 0.362102 0.353763 
0.293347 0.000000 0.350965 0.355688 
0.269725 0.000000 0.379662 0.350613 
0.271339 0.000000 0.367501 0.361160 
0.278933 0.000000 0.336124 0.384942 
0.259757 0.000002 0.357997 0.382245 
0.272318 0.000000 0.361630 0.366052 
0.262699 0.000001 0.363339 0.373961 
0.272327 0.000000 0.342164 0.385509 
0.229687 0.226608 0.272811 0.270894 
0.221172 0.155236 0.286696 0.336897 
0.216140 0.235403 0.303101 0.245356 
0.222443 0.447437 0.310562 0.019558 
0.205814 0.097478 0.331093 0.365616 
0.209276 0.119933 0.314379 0.356411 
0.204051 0.240562 0.315683 0.239703 
0.231006 0.003011 0.314511 0.451471 
0.205878 0.158345 0.316158 0.319619 
0.211974 0.233567 0.289765 0.264693 
0.201043 0.227708 0.324361 0.246888 
0.198060 0.212138 0.335959 0.253844 
0.189612 0.231766 0.366032 0.212590 
0.194629 0.233568 0.346496 0.225307 
0.204196 0.139005 0.324022 0.332777 
0.215499 0.191931 0.284932 0.307638 
0.236420 0.005610 0.288799 0.469170 
0.257631 0.000002 0.353012 0.389355 
0.261288 0.000057 0.306617 0.432038 
0.261026 0.000767 0.283827 0.454380 
0.266073 0.000025 0.303234 0.430668 
0.250787 0.000004 0.374674 0.374535 
0.252652 0.000021 0.409949 0.337377 
0.258708 0.000013 0.418396 0.322884 
0.242318 0.000312 0.439707 0.317663 
0.227243 0.000300 0.413786 0.358670 
0.236253 0.000031 0.390460 0.373256 
0.238353 0.000080 0.412985 0.348582 
0.242732 0.000012 0.368958 0.388298 
0.274366 0.000000 0.393334 0.332300 
0.269326 0.000000 0.365002 0.365672 
0.235565 0.000033 0.394938 0.369464 
0.219291 0.000553 0.399404 0.380753 
0.213194 0.001333 0.378966 0.406507 
0.230773 0.000051 0.385083 0.384093 
0.234951 0.000027 0.381720 0.383303 
0.244592 0.000032 0.400588 0.354788 
0.228059 0.000421 0.373717 0.397804 
0.204481 0.051949 0.364382 0.379188 
0.226725 0.005842 0.341852 0.425581 
0.244865 0.003621 0.289113 0.462401 
0.245040 0.000545 0.314712 0.439703 
0.242764 0.000033 0.351054 0.406149 
0.241481 0.000037 0.373688 0.384794 
0.246791 0.002503 0.288567 0.462139 
0.223218 0.076905 0.286729 0.413148 
0.234070 0.018484 0.276392 0.471055 
0.238139 0.060942 0.241940 0.458979 
0.234219 0.160195 0.240587 0.364999 
0.231589 0.377188 0.240365 0.150858 
0.246213 0.460519 0.250161 0.043106 
0.244307 0.463360 0.244459 0.047874 
0.243203 0.490795 0.243371 0.022630 
0.244179 0.492911 0.244320 0.018590 
0.251335 0.474682 0.272426 0.001557 
0.236882 0.477329 0.275116 0.010672 
0.235484 0.470199 0.267754 0.026563 
0.232082 0.396723 0.254327 0.116868 
0.234648 0.257221 0.237886 0.270245 
0.232066 0.036881 0.279762 0.451292 
0.230586 0.466349 0.285703 0.017362 
0.222498 0.358095 0.275725 0.143683 
0.212640 0.216780 0.290028 0.280551 
0.211931 0.087503 0.309440 0.391125 
0.232189 0.049381 0.273421 0.445008 
0.218392 0.323197 0.278149 0.180262 
0.206820 0.037498 0.347548 0.408134 
0.189934 0.195248 0.364980 0.249837 
0.202347 0.019474 0.369623 0.408555 
0.235682 0.000104 0.412457 0.351757 
0.208389 0.004138 0.377318 0.410154 
0.193838 0.188417 0.356501 0.261245 
0.202125 0.112387 0.334390 0.351097 
0.220679 0.001203 0.357349 0.420769 
0.207282 0.033610 0.351492 0.407615 
0.191508 0.109192 0.376991 0.322310 
0.194174 0.071561 0.372169 0.362096 
0.184104 0.168879 0.348569 0.298448 
0.183643 0.373461 0.152139 0.290757 
0.182828 0.253695 0.199688 0.363790 
0.193902 0.102044 0.327620 0.376434 
0.183312 0.228843 0.260228 0.327617 
0.201420 0.264296 0.328621 0.205662 
0.187659 0.055708 0.380564 0.376068 
0.183276 0.262435 0.187926 0.366363 
0.223373 0.288839 0.229982 0.257806 
0.192589 0.259405 0.186580 0.361426 
0.214230 0.187244 0.296369 0.302157 
0.225494 0.001328 0.423937 0.349241 
0.187105 0.136290 0.298899 0.377705 
0.176748 0.335071 0.237407 0.250774 
0.184749 0.369709 0.080377 0.365165 
0.185904 0.356118 0.077404 0.380574 
0.181328 0.375997 0.176395 0.266280 
0.184249 0.375531 0.219963 0.220257 
0.193896 0.350401 0.183703 0.272001 
0.184116 0.377318 0.181073 0.257492 
0.180670 0.376729 0.223452 0.219149 
0.178134 0.347063 0.279074 0.195729 
0.188916 0.155285 0.281393 0.374406 
0.224834 0.451765 0.009779 0.313623 
0.235933 0.304595 0.214176 0.245295 
0.186641 0.362963 0.123943 0.326453 
0.208967 0.365076 0.012327 0.413630 
0.203082 0.409103 0.018499 0.369316 
0.231321 0.040276 0.372305 0.356097 
0.209059 0.083979 0.336797 0.370165 
0.217712 0.131273 0.341611 0.309404 
0.244948 0.328530 0.224126 0.202396 
0.217974 0.292990 0.204885 0.284151 
0.233703 0.185983 0.335170 0.245144 
0.219950 0.021879 0.430006 0.328166 
0.231715 0.142603 0.367629 0.258052 
0.209405 0.005809 0.401920 0.382867 
0.269004 0.000001 0.368091 0.362905 
0.284606 0.000031 0.456273 0.259091 
0.274077 0.000039 0.442941 0.282942 
0.302662 0.002823 0.553139 0.141376 
0.293332 0.010179 0.541424 0.155065 
0.310980 0.000129 0.491569 0.197322 
0.296827 0.000003 0.432116 0.271054 
0.260156 0.000012 0.351450 0.388382 
0.234482 0.000160 0.395756 0.369602 
0.257911 0.000029 0.405940 0.336120 
0.274486 0.000005 0.318890 0.406619 
0.342218 0.000000 0.351599 0.306183 
0.428884 0.000000 0.401542 0.169574 
0.490439 0.000000 0.462944 0.046617 
0.421354 0.000000 0.404553 0.174093 
0.273201 0.002468 0.278682 0.445649 
0.249434 0.005627 0.288413 0.456526 
0.241495 0.033086 0.290379 0.435040 
0.259244 0.000371 0.296064 0.444322 
0.275194 0.000000 0.360618 0.364188 
0.246206 0.122783 0.251049 0.379961 
0.232487 0.378652 0.266386 0.122475 
0.227979 0.352627 0.279060 0.140334 
0.243280 0.109684 0.238456 0.408580 
0.240170 0.268111 0.232227 0.259492 
0.242638 0.245282 0.229389 0.282690 
0.242890 0.090227 0.253399 0.413484 
0.236223 0.236351 0.251418 0.276008 
0.240255 0.366097 0.245190 0.148458 
0.248287 0.469089 0.249051 0.033573 
0.262004 0.006181 0.253830 0.477984 
0.259693 0.002241 0.265532 0.472533 
0.240387 0.205087 0.230683 0.323843 
0.241375 0.143298 0.238038 0.377289 
0.261782 0.000355 0.287105 0.450758 
0.268813 0.000016 0.319486 0.411685 
0.393734 0.000000 0.447455 0.158810 
0.287772 0.000000 0.372975 0.339253 
0.244575 0.001016 0.331034 0.423375 
0.268461 0.000034 0.319286 0.412219 
0.257135 0.000512 0.311831 0.430522 
0.228038 0.371423 0.297752 0.102787 
0.229932 0.390507 0.295799 0.083763 
0.222230 0.233489 0.300804 0.243477 
0.208313 0.183050 0.346905 0.261732 
0.228506 0.015216 0.338510 0.417768 
0.262343 0.000013 0.370816 0.366828 
0.227776 0.201649 0.292671 0.277904 
0.230242 0.020485 0.323704 0.425570 
0.225587 0.001156 0.395611 0.377646 
0.234488 0.007487 0.325282 0.432742 
0.253782 0.000326 0.320509 0.425383 
0.252195 0.000023 0.358567 0.389215 
0.250796 0.000423 0.317015 0.431766 
0.241392 0.000122 0.363744 0.394741 
0.222064 0.177461 0.296837 0.303638 
0.241850 0.035004 0.275621 0.447526 
0.249385 0.083772 0.299235 0.367607 
0.241598 0.166131 0.274960 0.317311 
0.241099 0.257178 0.250504 0.251219 
0.243971 0.097688 0.254122 0.404220 
0.259281 0.003212 0.274525 0.462982 
0.241985 0.270894 0.251454 0.235667 
0.243341 0.284352 0.240988 0.231319 
0.251955 0.394701 0.232650 0.120695 
0.247332 0.238814 0.225756 0.288098 
0.253764 0.316530 0.230894 0.198812 
0.247879 0.261263 0.227029 0.263829 
0.246897 0.169168 0.227535 0.356401 
0.248672 0.210872 0.228170 0.312287 
0.257098 0.474001 0.241661 0.027240 
0.275255 0.472262 0.251420 0.001064 
0.254725 0.451415 0.234476 0.059385 
0.253326 0.082875 0.244360 0.419439 
0.243712 0.280252 0.239093 0.236943 
0.241290 0.102785 0.267629 0.388297 
0.236636 0.146303 0.268794 0.348266 
0.242542 0.280274 0.236668 0.240516 
0.235318 0.207334 0.271041 0.286307 
0.222366 0.330384 0.296696 0.150553 
0.225043 0.086531 0.299004 0.389422 
0.226111 0.410565 0.299378 0.063946 
0.249914 0.000712 0.317367 0.432007 
0.250765 0.001337 0.313977 0.433921 
0.243738 0.001181 0.319530 0.435550 
0.251170 0.000114 0.330659 0.418057 
0.240103 0.001151 0.326171 0.432575 
0.218214 0.098437 0.308253 0.375096 
0.220954 0.021930 0.340228 0.416888 
0.219475 0.142509 0.320804 0.317213 
0.228550 0.390788 0.274721 0.105941 
0.221193 0.086549 0.310569 0.381688 
0.221916 0.035602 0.318132 0.424350 
0.220052 0.100006 0.299318 0.380624 
0.240602 0.015730 0.278968 0.464700 
0.222536 0.276581 0.279300 0.221583 
0.238603 0.006252 0.308121 0.447024 
0.260971 0.000006 0.348648 0.390376 
0.345160 0.000000 0.394003 0.260837 
0.369282 0.000000 0.392592 0.238126 
0.267037 0.000006 0.345038 0.387918 
0.261620 0.000010 0.345942 0.392428 
0.385041 0.000000 0.493199 0.121759 
0.397475 0.000000 0.440816 0.161709 
0.378935 0.000000 0.400710 0.220356 
0.364057 0.000000 0.395712 0.240231 
0.238780 0.064489 0.266033 0.430698 
0.263724 0.000828 0.282888 0.452559 
0.263739 0.002016 0.286116 0.448130 
0.293206 0.000000 0.321226 0.385567 
0.243321 0.012066 0.315780 0.428834 
0.234654 0.103268 0.280006 0.382071 
0.247605 0.004607 0.326457 0.421332 
0.212064 0.210504 0.354160 0.223271 
0.223098 0.383007 0.390019 0.003876 
0.261439 0.323079 0.415339 0.000142 
0.242265 0.320897 0.408242 0.028596 
0.311939 0.130146 0.547856 0.010059 
0.335377 0.067434 0.576091 0.021098 
0.329932 0.078564 0.557599 0.033905 
0.335264 0.086720 0.564282 0.013734 
0.301901 0.154958 0.526332 0.016808 
0.256960 0.259064 0.405193 0.078782 
0.258202 0.239511 0.457703 0.044584 
0.251626 0.309480 0.044151 0.394743 
0.261683 0.207536 0.380653 0.150128 
0.280167 0.174001 0.452846 0.092986 
0.297813 0.214888 0.486784 0.000516 
0.262975 0.198158 0.188865 0.350002 
0.253046 0.219530 0.265729 0.261695 
0.237853 0.269504 0.258746 0.233897 
0.278564 0.156758 0.286642 0.278036 
0.294475 0.106181 0.131373 0.467971 
0.286959 0.123097 0.130312 0.459632 
0.296442 0.106692 0.123030 0.473836 
0.318846 0.080089 0.369636 0.231429 
0.371087 0.057987 0.570861 0.000065 
0.361459 0.049888 0.332038 0.256615 
0.333488 0.117746 0.000383 0.548383 
0.353076 0.141877 0.000007 0.505040 
0.324283 0.158698 0.000101 0.516918 
0.278556 0.202041 0.027429 0.491974 
0.383662 0.073226 0.000015 0.543097 
0.350744 0.100959 0.000068 0.548228 
0.445662 0.061938 0.000000 0.492400 
0.396655 0.141835 0.000000 0.461510 
0.357656 0.257207 0.000000 0.385137 
0.403886 0.218547 0.000000 0.377567 
0.398715 0.206554 0.000000 0.394731 
0.408756 0.181784 0.000000 0.409461 
0.398090 0.238820 0.000000 0.363090 
0.380407 0.263909 0.000000 0.355684 
0.425794 0.163725 0.000000 0.410482 
0.412154 0.200846 0.000000 0.387000 
0.346509 0.316262 0.000000 0.337230 
0.297410 0.415897 0.000002 0.286692 
0.285811 0.422442 0.000011 0.291736 
0.281340 0.440933 0.000134 0.277593 
0.297684 0.432545 0.000030 0.269741 
0.261115 0.452478 0.046239 0.240167 
0.247375 0.417073 0.074356 0.261196 
0.254817 0.482037 0.012403 0.250743 
0.252790 0.350195 0.135612 0.261403 
0.249385 0.455738 0.026408 0.268469 
0.259451 0.472377 0.017902 0.250271 
0.249845 0.237576 0.269812 0.242767 
0.258748 0.074218 0.425175 0.241859 
0.263662 0.030083 0.460063 0.246192 
0.280420 0.000167 0.454869 0.264545 
0.266601 0.000501 0.449158 0.283740 
0.273335 0.000053 0.426063 0.300549 
0.248500 0.000679 0.425646 0.325175 
0.214281 0.017640 0.402302 0.365777 
0.190406 0.159901 0.312148 0.337546 
0.203024 0.049096 0.372349 0.375531 
0.195189 0.098454 0.335125 0.371232 
0.192032 0.254990 0.209513 0.343464 
0.199469 0.358107 0.365037 0.077387 
0.193906 0.345303 0.210403 0.250388 
0.190681 0.304226 0.241577 0.263515 
0.192582 0.218234 0.357934 0.231251 
0.217183 0.008665 0.380234 0.393918 
0.222860 0.113768 0.327110 0.336261 
0.237952 0.210433 0.270080 0.281535 
0.235186 0.009252 0.339791 0.415771 
0.206274 0.092206 0.366768 0.334752 
0.222219 0.232380 0.306336 0.239064 
0.228306 0.014585 0.329789 0.427320 
0.199901 0.122987 0.307211 0.369901 
0.202723 0.212509 0.229797 0.354971 
0.225723 0.001739 0.401342 0.371196 
0.286698 0.000001 0.340686 0.372615 
0.230197 0.012337 0.417025 0.340441 
0.234029 0.134666 0.354529 0.276776 
0.235348 0.310028 0.166308 0.288316 
0.247028 0.384923 0.096808 0.271241 
0.272943 0.000331 0.447545 0.279181 
0.265377 0.002496 0.473463 0.258664 
0.268401 0.002221 0.473420 0.255959 
0.273662 0.000268 0.453144 0.272926 
0.266091 0.000134 0.447231 0.286545 
0.242299 0.022751 0.468616 0.266334 
0.244400 0.461633 0.044230 0.249736 
0.234166 0.456637 0.019434 0.289762 
0.231282 0.445647 0.037820 0.285250 
0.220541 0.109247 0.370593 0.299618 
0.213362 0.225564 0.251844 0.309231 
0.239112 0.062518 0.436171 0.262199 
0.250047 0.011259 0.447542 0.291152 
0.248499 0.020074 0.427954 0.303473 
0.244137 0.236426 0.252421 0.267016 
0.228772 0.217378 0.284940 0.268910 
0.228757 0.310028 0.194595 0.266621 
0.243663 0.435615 0.078829 0.241893 
0.242450 0.353371 0.166707 0.237472 
0.239920 0.254689 0.267767 0.237624 
0.241783 0.359047 0.169772 0.229399 
0.240588 0.346651 0.173017 0.239743 
0.252856 0.438959 0.046194 0.261991 
0.283092 0.418665 0.000003 0.298240 
0.311739 0.363970 0.000000 0.324291 
0.304908 0.330261 0.000000 0.364830 
0.374507 0.246624 0.000000 0.378869 
0.424452 0.169075 0.000000 0.406473 
0.425717 0.164136 0.000000 0.410147 
0.456383 0.102177 0.000000 0.441440 
0.458467 0.072169 0.000000 0.469364 
0.475175 0.066428 0.000000 0.458397 
0.448440 0.114304 0.000000 0.437256 
0.451550 0.109695 0.000001 0.438754 
0.428363 0.089447 0.000000 0.482190 
0.419339 0.157429 0.000000 0.423232 
0.401540 0.197432 0.000000 0.401028 
0.404528 0.209495 0.000000 0.385977 
0.331193 0.356310 0.000000 0.312497 
0.368272 0.287700 0.000000 0.344028 
0.406314 0.206021 0.000000 0.387665 
0.333633 0.306131 0.000000 0.360236 
0.274548 0.363392 0.000001 0.362059 
0.234139 0.433660 0.002856 0.329345 
0.217771 0.359307 0.086610 0.336312 
0.192968 0.374255 0.119514 0.313263 
0.200929 0.344539 0.099330 0.355202 
0.212153 0.403428 0.351458 0.032961 
0.203362 0.380695 0.382207 0.033737 
0.197428 0.367431 0.180464 0.254677 
0.198416 0.373584 0.317286 0.110714 
0.211584 0.326151 0.288663 0.173602 
0.223262 0.349362 0.420288 0.007087 
0.298664 0.297039 0.404297 0.000001 
0.314217 0.279568 0.406212 0.000004 
0.395649 0.404449 0.199902 0.000000 
0.390503 0.323534 0.285963 0.000000 
0.332108 0.387401 0.280491 0.000001 
0.308791 0.262316 0.428887 0.000006 
0.344025 0.265365 0.390610 0.000000 
0.290182 0.193602 0.333835 0.182381 
0.352660 0.231508 0.415831 0.000000 
0.304640 0.187408 0.406277 0.101675 
0.329508 0.210999 0.455686 0.003807 
0.363683 0.255275 0.381043 0.000000 
0.402575 0.416943 0.180481 0.000000 
0.320817 0.448006 0.231138 0.000039 
0.326798 0.483372 0.189592 0.000238 
0.324958 0.262719 0.186966 0.225357 
0.347945 0.528127 0.122744 0.001185 
0.378585 0.000001 0.181100 0.440313 
0.283171 0.155080 0.219945 0.341804 
0.302100 0.367362 0.170940 0.159598 
0.275134 0.229332 0.239491 0.256044 
0.244946 0.044634 0.346644 0.363775 
0.234193 0.261148 0.346048 0.158610 
0.237477 0.205503 0.352520 0.204500 
0.242538 0.250812 0.349896 0.156753 
0.241501 0.350810 0.267768 0.139921 
0.260730 0.180286 0.337772 0.221213 
0.255480 0.324802 0.125998 0.293720 
0.256797 0.303096 0.208693 0.231414 
0.289629 0.208571 0.253535 0.248264 
0.302204 0.187453 0.266662 0.243681 
0.320759 0.149628 0.262172 0.267441 
0.310994 0.186475 0.392905 0.109626 
0.292909 0.283735 0.056939 0.366417 
0.289136 0.279483 0.015616 0.415765 
0.355396 0.179823 0.002971 0.461811 
0.344342 0.327970 0.000001 0.327687 
0.358409 0.337451 0.000001 0.304139 
0.344892 0.339419 0.000003 0.315686 
0.406353 0.288651 0.000001 0.304995 
0.376665 0.356253 0.000001 0.267081 
0.380314 0.333810 0.000001 0.285875 
0.365176 0.328344 0.003693 0.302787 
0.378734 0.308264 0.000005 0.312997 
0.414797 0.240225 0.000006 0.344972 
0.419349 0.262116 0.000009 0.318525 
0.416104 0.266050 0.000003 0.317843 
0.366444 0.308706 0.000051 0.324799 
0.385721 0.342416 0.000006 0.271857 
0.410102 0.311087 0.000015 0.278796 
0.429178 0.285536 0.000011 0.285276 
0.397664 0.337614 0.000015 0.264707 
0.411604 0.302761 0.000004 0.285631 
0.412894 0.319263 0.000010 0.267833 
0.397702 0.310128 0.000014 0.292157 
0.468865 0.222358 0.000043 0.308734 
0.422755 0.313932 0.000016 0.263296 
0.430328 0.307341 0.000023 0.262307 
0.405310 0.345405 0.000088 0.249197 
0.385122 0.351788 0.000038 0.263053 
0.375758 0.374713 0.000038 0.249490 
0.354431 0.411306 0.000375 0.233888 
0.335058 0.391133 0.063761 0.210047 
0.367836 0.006538 0.387278 0.238348 
0.340898 0.029384 0.415445 0.214272 
0.334855 0.038685 0.394054 0.232406 
0.323745 0.037795 0.371183 0.267277 
0.342782 0.000087 0.348785 0.308345 
0.364580 0.000261 0.381791 0.253368 
0.379508 0.000458 0.382470 0.237565 
0.355581 0.004278 0.411648 0.228493 
0.365189 0.000929 0.391109 0.242773 
0.342595 0.003339 0.378515 0.275551 
0.341806 0.000804 0.341354 0.316035 
0.372684 0.000103 0.288838 0.338375 
0.372462 0.000071 0.275775 0.351692 
0.353484 0.000031 0.295882 0.350603 
0.404494 0.000014 0.306041 0.289451 
0.395496 0.000045 0.306556 0.297903 
0.394611 0.000093 0.260427 0.344869 
0.405020 0.000365 0.283790 0.310824 
0.342988 0.005014 0.268905 0.383093 
0.390500 0.000021 0.294013 0.315466 
0.371205 0.000164 0.239248 0.389383 
0.399771 0.000188 0.259453 0.340588 
0.407958 0.000127 0.251920 0.339994 
0.412693 0.000053 0.250696 0.336559 
0.433097 0.000157 0.251827 0.314919 
0.433777 0.000124 0.253565 0.312533 
0.429145 0.000069 0.260050 0.310736 
0.428444 0.000102 0.256512 0.314941 
0.409453 0.000087 0.235465 0.354995 
0.411568 0.000064 0.247558 0.340810 
0.449213 0.000037 0.269538 0.281212 
0.452572 0.000045 0.270747 0.276636 
0.459034 0.000597 0.273017 0.267351 
0.463551 0.000120 0.270472 0.265857 
0.466460 0.000200 0.268072 0.265268 
0.444997 0.002360 0.283272 0.269371 
0.445007 0.000047 0.269310 0.285636 
0.449060 0.000130 0.285424 0.265386 
0.425578 0.000242 0.333708 0.240472 
0.454846 0.000230 0.289358 0.255567 
0.412091 0.000230 0.333642 0.254037 
0.387642 0.000167 0.360707 0.251484 
0.371178 0.002899 0.398148 0.227776 
0.366432 0.021241 0.404311 0.208016 
0.378276 0.004745 0.401774 0.215206 
0.370943 0.016073 0.391347 0.221637 
0.367911 0.002861 0.386704 0.242524 
0.372781 0.001332 0.385595 0.240292 
0.356891 0.016061 0.398674 0.228375 
0.339006 0.233967 0.219740 0.207287 
0.346573 0.321726 0.120162 0.211540 
0.348437 0.224114 0.227923 0.199526 
0.343634 0.211496 0.241996 0.202874 
0.345568 0.221228 0.231421 0.201783 
0.344878 0.228559 0.222666 0.203897 
0.342649 0.216290 0.237655 0.203407 
0.340529 0.136633 0.315274 0.207564 
0.324214 0.226770 0.216400 0.232617 
0.329093 0.183273 0.262755 0.224880 
0.313333 0.170295 0.250847 0.265525 
0.345711 0.027481 0.383558 0.243250 
0.351578 0.001718 0.384125 0.262579 
0.369953 0.002282 0.403734 0.224031 
0.361879 0.019224 0.412531 0.206366 
0.359647 0.046778 0.391323 0.202253 
0.352356 0.014452 0.390749 0.242443 
0.359665 0.018944 0.395278 0.226114 
0.411629 0.000365 0.331496 0.256510 
0.401207 0.000695 0.324869 0.273229 
0.380248 0.000602 0.364728 0.254423 
0.377776 0.000419 0.332873 0.288931 
0.375926 0.001056 0.356795 0.266224 
0.372020 0.000896 0.345417 0.281667 
0.393956 0.000619 0.364110 0.241316 
0.428412 0.003007 0.328651 0.239929 
0.408876 0.003808 0.357456 0.229861 
0.406558 0.000616 0.359457 0.233370 
0.379416 0.000889 0.392733 0.226962 
0.359389 0.009726 0.412370 0.218516 
0.336802 0.228425 0.232140 0.202633 
0.332034 0.214607 0.247793 0.205566 
0.333761 0.225666 0.235931 0.204641 
0.330881 0.214012 0.211772 0.243335 
0.300600 0.356514 0.037884 0.305002 
0.282840 0.298404 0.087222 0.331534 
0.290491 0.343140 0.037654 0.328715 
0.297720 0.242540 0.163459 0.296281 
0.291340 0.276098 0.107720 0.324841 
0.304450 0.338281 0.008138 0.349131 
0.304921 0.295183 0.126349 0.273547 
0.311468 0.297124 0.154883 0.236525 
0.315760 0.320170 0.006733 0.357337 
0.312566 0.315889 0.014765 0.356780 
0.303937 0.315094 0.258715 0.122254 
0.287881 0.310055 0.129705 0.272359 
0.294686 0.328898 0.048760 0.327656 
0.310675 0.276376 0.221471 0.191478 
0.315928 0.291178 0.297976 0.094918 
0.327337 0.244883 0.052078 0.375701 
0.340769 0.242510 0.406601 0.010120 
0.339126 0.249750 0.405366 0.005758 
0.345325 0.220236 0.212839 0.221599 
0.319435 0.234342 0.190648 0.255575 
0.316981 0.242829 0.292099 0.148091 
0.357469 0.204768 0.425505 0.012258 
0.360883 0.196378 0.021030 0.421709 
0.377252 0.155797 0.411930 0.055021 
0.351660 0.171989 0.259025 0.217326 
0.324243 0.244779 0.332412 0.098566 
0.305565 0.286179 0.112333 0.295923 
0.312216 0.282095 0.196101 0.209588 
0.338550 0.280025 0.347912 0.033514 
0.325669 0.323234 0.333216 0.017881 
0.398259 0.287305 0.313605 0.000831 
0.371974 0.276373 0.351265 0.000388 
0.377425 0.217695 0.399440 0.005440 
0.468300 0.128630 0.401229 0.001840 
0.432225 0.165860 0.397272 0.004643 
0.401940 0.287866 0.288788 0.021406 
0.396203 0.302751 0.300420 0.000625 
0.331487 0.303860 0.328257 0.036396 
0.322024 0.296176 0.311327 0.070474 
0.304413 0.319502 0.147892 0.228193 
0.319008 0.302074 0.308076 0.070842 
0.337811 0.281898 0.056353 0.323937 
0.344902 0.323837 0.006342 0.324919 
0.320534 0.331908 0.011048 0.336511 
0.340138 0.296725 0.010620 0.352517 
0.343806 0.275580 0.036770 0.343844 
0.339904 0.280755 0.049718 0.329623 
0.338263 0.297133 0.020400 0.344204 
0.319994 0.304934 0.205634 0.169437 
0.315672 0.312578 0.165992 0.205758 
0.347157 0.248601 0.220401 0.183841 
0.212405 0.203576 0.237753 0.346267 
