0.146110 0.420954 0.290050 0.142886 
0.168772 0.219252 0.324825 0.287150 
0.203684 0.189472 0.379559 0.227285 
0.013815 0.016026 0.955053 0.015105 
0.000135 0.000217 0.999448 0.000200 
0.000108 0.000181 0.999361 0.000350 
0.000000 0.000000 0.999995 0.000005 
0.000000 0.000000 1.000000 0.000000 
0.000000 0.000000 1.000000 0.000000 
0.000000 0.000000 1.000000 0.000000 
0.000000 0.000000 1.000000 0.000000 
0.000000 0.000000 1.000000 0.000000 
0.000000 0.000000 1.000000 0.000000 
0.000000 0.000000 1.000000 0.000000 
0.000000 0.000000 1.000000 0.000000 
0.000000 0.000000 1.000000 0.000000 
0.000000 0.000000 0.999995 0.000005 
0.000000 0.000000 0.998450 0.001550 
0.000000 0.000000 0.999927 0.000073 
0.000000 0.000000 0.998662 0.001338 
0.000000 0.000000 0.953104 0.046896 
0.000000 0.000000 0.367404 0.632596 
0.000000 0.000000 0.000130 0.999870 
0.000000 0.000000 0.000008 0.999992 
0.000000 0.000000 0.009182 0.990818 
0.000000 0.000000 0.153582 0.846418 
0.000000 0.000000 0.430641 0.569359 
0.000000 0.000000 0.376652 0.623348 
0.000000 0.000000 0.996691 0.003309 
0.000000 0.000000 0.999172 0.000828 
0.000000 0.000000 0.561338 0.438662 
0.000000 0.000000 0.925411 0.074589 
0.000000 0.000000 0.246716 0.753284 
0.000000 0.000000 0.681163 0.318837 
0.000000 0.000000 0.952683 0.047317 
0.000000 0.000000 0.125380 0.874620 
0.000000 0.000000 0.304876 0.695124 
0.000000 0.000000 0.485124 0.514876 
0.000000 0.000000 0.646669 0.353331 
0.000000 0.000000 0.997884 0.002116 
0.000000 0.000000 0.999999 0.000001 
0.000000 0.000000 1.000000 0.000000 
0.000000 0.000000 1.000000 0.000000 
0.000000 0.000000 1.000000 0.000000 
0.000000 0.000000 1.000000 0.000000 
0.000000 0.000000 1.000000 0.000000 
0.000000 0.000000 1.000000 0.000000 
0.000000 0.000000 1.000000 0.000000 
0.000000 0.000000 1.000000 0.000000 
0.000000 0.000000 1.000000 0.000000 
0.000000 0.000000 1.000000 0.000000 
0.000000 0.000000 1.000000 0.000000 
0.000000 0.000000 0.994019 0.005981 
0.000000 0.000000 0.551460 0.448540 
0.000000 0.000000 0.323233 0.676767 
0.000000 0.000000 0.884622 0.115378 
0.000000 0.000000 0.503729 0.496271 
0.000000 0.000000 0.240645 0.759355 
0.000000 0.000000 0.747454 0.252546 
0.000000 0.000000 0.824706 0.175294 
0.000000 0.000002 0.532588 0.467410 
0.000000 0.000000 0.000702 0.999298 
0.000000 0.000000 0.000195 0.999805 
0.000000 0.000000 0.000137 0.999863 
0.000000 0.000000 0.572119 0.427881 
0.000000 0.000000 0.009701 0.990299 
0.000000 0.000000 0.016919 0.983081 
0.000000 0.000008 0.999470 0.000522 
0.000000 0.000000 0.999997 0.000003 
0.000000 0.000003 0.999975 0.000023 
0.000000 0.000001 0.999978 0.000021 
0.000000 0.000000 0.999999 0.000000 
0.000000 0.000001 0.999991 0.000008 
0.000000 0.000001 0.999951 0.000048 
0.000000 0.000033 0.999757 0.000211 
0.000000 0.000003 0.982725 0.017272 
0.000000 0.000001 0.997467 0.002531 
0.000000 0.000000 0.965902 0.034098 
0.000000 0.000000 0.118031 0.881969 
0.000000 0.000000 0.658413 0.341587 
0.000000 0.000000 0.551862 0.448138 
0.000000 0.000000 0.402506 0.597494 
0.000000 0.000000 0.075083 0.924917 
0.000000 0.000000 0.996056 0.003944 
0.000000 0.000000 0.556009 0.443991 
0.000000 0.000000 0.531756 0.468244 
0.000000 0.000000 0.221521 0.778479 
0.000000 0.000000 0.821951 0.178048 
0.000000 0.000002 0.459643 0.540354 
0.000000 0.000003 0.509780 0.490217 
0.000000 0.000013 0.669973 0.330014 
0.000000 0.000203 0.480549 0.519248 
0.000000 0.000027 0.392090 0.607883 
0.000000 0.000001 0.975214 0.024785 
0.000000 0.000000 0.993290 0.006710 
0.000000 0.000000 0.464687 0.535313 
0.000000 0.000001 0.721145 0.278854 
0.000000 0.000000 0.596036 0.403964 
0.000000 0.000001 0.486296 0.513702 
0.000000 0.000000 0.607147 0.392853 
0.000000 0.000000 0.999423 0.000576 
0.000000 0.000002 0.998570 0.001428 
0.000000 0.000010 0.511356 0.488634 
0.000000 0.000005 0.068642 0.931353 
0.000000 0.000016 0.073794 0.926190 
0.000000 0.000686 0.029584 0.969730 
0.000000 0.013892 0.373625 0.612483 
0.000000 0.003833 0.509153 0.487015 
0.000000 0.035075 0.874630 0.090294 
0.000000 0.000552 0.999433 0.000015 
0.000000 0.000204 0.243105 0.756691 
0.000000 0.002776 0.997030 0.000195 
0.000000 0.000155 0.676772 0.323073 
0.000000 0.047777 0.158147 0.794076 
0.000000 0.829674 0.020058 0.150267 
0.000000 0.096362 0.009430 0.894208 
0.000000 0.136540 0.050800 0.812660 
0.000000 0.575042 0.131510 0.293448 
0.000000 0.971637 0.006769 0.021595 
0.000000 0.379858 0.383300 0.236842 
0.000000 0.323665 0.676335 0.000000 
0.000000 0.185276 0.814724 0.000000 
0.000000 0.385848 0.614152 0.000000 
0.000000 0.198553 0.801447 0.000000 
0.000000 0.430838 0.569162 0.000000 
0.000000 0.273106 0.726894 0.000000 
0.000000 0.199753 0.800247 0.000000 
0.000000 0.904379 0.057774 0.037847 
0.000000 0.452097 0.031182 0.516721 
0.000000 0.115815 0.051898 0.832288 
0.000000 0.052159 0.583231 0.364610 
0.000000 0.041971 0.007783 0.950246 
0.000000 0.035456 0.759711 0.204833 
0.000000 0.000003 0.489955 0.510042 
0.000000 0.071264 0.928735 0.000001 
0.000000 0.582863 0.417137 0.000000 
0.000000 0.997088 0.002912 0.000000 
0.000000 0.995347 0.004653 0.000000 
0.000000 0.999963 0.000037 0.000000 
0.000000 0.998711 0.001289 0.000000 
0.000000 0.999453 0.000547 0.000000 
0.000000 0.996292 0.003708 0.000000 
0.000000 0.965070 0.034930 0.000000 
0.000000 0.958621 0.041379 0.000000 
0.000000 0.936501 0.063499 0.000000 
0.000000 0.386469 0.613531 0.000000 
0.000000 0.500929 0.499071 0.000000 
0.000000 0.661594 0.338406 0.000000 
0.000000 0.733509 0.266487 0.000004 
0.000000 0.986161 0.013712 0.000127 
0.000000 0.664901 0.000000 0.335099 
0.000000 0.501461 0.000000 0.498539 
0.000000 0.773319 0.000000 0.226681 
0.000000 0.458219 0.021848 0.519933 
0.000000 0.720485 0.062888 0.216628 
0.000000 0.313443 0.347723 0.338834 
0.000000 0.662588 0.142952 0.194460 
0.000000 0.863571 0.023849 0.112581 
0.000000 0.684027 0.087252 0.228721 
0.000000 0.311439 0.097948 0.590614 
0.000000 0.292826 0.022574 0.684599 
0.000000 0.685739 0.001272 0.312989 
0.000000 0.849368 0.000014 0.150618 
0.000000 0.995656 0.004220 0.000124 
0.000000 1.000000 0.000000 0.000000 
0.000000 1.000000 0.000000 0.000000 
0.000000 1.000000 0.000000 0.000000 
0.000000 1.000000 0.000000 0.000000 
0.000000 1.000000 0.000000 0.000000 
0.000000 1.000000 0.000000 0.000000 
0.000000 0.999999 0.000001 0.000000 
0.000000 0.992207 0.007793 0.000000 
0.000000 0.842745 0.157255 0.000000 
0.000000 0.970276 0.029724 0.000000 
0.000000 0.605344 0.394656 0.000000 
0.000000 0.442888 0.557112 0.000000 
0.000000 0.782204 0.217796 0.000000 
0.000000 0.483333 0.516667 0.000000 
0.000000 0.456857 0.543143 0.000000 
0.000000 0.369739 0.630261 0.000000 
0.000000 0.778484 0.221516 0.000000 
0.000000 0.950073 0.049927 0.000000 
0.000000 0.995656 0.004344 0.000000 
0.000000 0.894149 0.105851 0.000000 
0.000000 0.999631 0.000369 0.000000 
0.000000 0.999980 0.000020 0.000000 
0.000000 1.000000 0.000000 0.000000 
0.000000 0.999998 0.000002 0.000000 
0.000000 0.999984 0.000009 0.000008 
0.000000 0.999016 0.000000 0.000983 
0.000000 0.999998 0.000000 0.000002 
0.000000 0.991609 0.000000 0.008391 
0.000000 0.911659 0.000000 0.088341 
0.000000 0.998802 0.000000 0.001198 
0.000000 0.999999 0.000000 0.000001 
0.000000 0.999940 0.000000 0.000060 
0.000000 0.938043 0.000000 0.061957 
0.000000 0.526814 0.000000 0.473186 
0.000000 0.949826 0.000000 0.050174 
0.000000 0.999994 0.000000 0.000006 
0.000000 0.998330 0.000000 0.001670 
0.000000 0.998023 0.000000 0.001977 
0.000000 0.981387 0.000000 0.018613 
0.000000 0.988117 0.000000 0.011883 
0.000000 0.932973 0.000000 0.067027 
0.000000 0.999881 0.000000 0.000119 
0.000000 0.996333 0.000000 0.003667 
0.000000 0.796949 0.000000 0.203051 
0.000000 0.011454 0.000000 0.988546 
0.000000 0.158522 0.000000 0.841478 
0.000000 0.802003 0.000000 0.197997 
0.000000 0.503839 0.000004 0.496157 
0.000000 0.424941 0.008066 0.566993 
0.000000 0.274739 0.652396 0.072865 
0.000000 0.056970 0.941505 0.001525 
0.000000 0.216805 0.726768 0.056427 
0.000000 0.194118 0.407139 0.398743 
0.000000 0.356452 0.367985 0.275563 
0.000000 0.246023 0.368269 0.385708 
0.000000 0.345551 0.342729 0.311720 
0.000000 0.357435 0.310645 0.331920 
0.000000 0.180941 0.479644 0.339415 
0.000000 0.343423 0.284202 0.372375 
0.000000 0.556299 0.333803 0.109898 
0.000000 0.502047 0.006282 0.491671 
0.000000 0.444047 0.040055 0.515898 
0.000000 0.449936 0.037687 0.512377 
0.000000 0.442639 0.212926 0.344435 
0.000000 0.329780 0.339705 0.330515 
0.000000 0.282021 0.483092 0.234888 
0.000000 0.107764 0.249110 0.643126 
0.000000 0.141063 0.820481 0.038456 
0.000000 0.104768 0.401623 0.493609 
0.000000 0.502305 0.114382 0.383313 
0.000000 0.325353 0.227744 0.446902 
0.000000 0.296027 0.702643 0.001331 
0.000000 0.257058 0.242040 0.500902 
0.000000 0.239545 0.299072 0.461383 
0.000000 0.356258 0.037639 0.606103 
0.000000 0.471443 0.004810 0.523747 
0.000000 0.910896 0.002196 0.086908 
0.000000 0.543487 0.015592 0.440921 
0.000000 0.385860 0.232214 0.381926 
0.000000 0.642758 0.355380 0.001862 
0.000000 0.499134 0.499360 0.001506 
0.000000 0.532492 0.467507 0.000001 
0.000000 0.142603 0.857397 0.000000 
0.000000 0.484442 0.515207 0.000351 
0.000000 0.704178 0.231508 0.064314 
0.000000 0.774878 0.225088 0.000034 
0.000000 0.993974 0.006010 0.000016 
0.000000 0.956712 0.043288 0.000000 
0.000000 0.907432 0.092568 0.000000 
0.000000 0.704452 0.295548 0.000000 
0.000000 0.598595 0.401405 0.000000 
0.000000 0.443531 0.556469 0.000000 
0.000000 0.590014 0.409986 0.000000 
0.000000 0.626078 0.373922 0.000000 
0.000000 0.570254 0.429746 0.000000 
0.000000 0.756199 0.243801 0.000000 
0.000000 0.483937 0.516063 0.000000 
0.000000 0.403827 0.596173 0.000000 
0.000000 0.927968 0.072032 0.000000 
0.000000 0.906534 0.093466 0.000000 
0.000000 0.545539 0.454461 0.000000 
0.000000 0.626885 0.373115 0.000000 
0.000000 0.988463 0.011537 0.000000 
0.000000 0.999108 0.000892 0.000000 
0.000000 0.991101 0.008899 0.000000 
0.000000 0.349187 0.144854 0.505959 
0.000000 0.978014 0.002930 0.019055 
0.000000 0.909001 0.000026 0.090973 
0.000000 0.617569 0.000843 0.381588 
0.000000 0.340246 0.001044 0.658710 
0.000000 0.293728 0.034847 0.671426 
0.000000 0.054883 0.621007 0.324111 
0.000000 0.063773 0.927056 0.009171 
0.000000 0.000486 0.841237 0.158276 
0.000000 0.000034 0.737563 0.262404 
0.000000 0.000007 0.115920 0.884073 
0.000000 0.000005 0.481615 0.518380 
0.000000 0.000005 0.094243 0.905752 
0.000000 0.000006 0.569472 0.430522 
0.000000 0.000033 0.999259 0.000708 
0.000000 0.000013 0.640628 0.359358 
0.000000 0.000040 0.471202 0.528757 
0.000000 0.005360 0.412194 0.582446 
0.000000 0.011562 0.495763 0.492675 
0.000000 0.001711 0.502740 0.495549 
0.000000 0.013550 0.966950 0.019500 
0.000000 0.000526 0.998728 0.000746 
0.000000 0.000099 0.210938 0.788962 
0.000000 0.000633 0.726238 0.273130 
0.000000 0.000017 0.996250 0.003733 
0.000000 0.002778 0.997032 0.000190 
0.000000 0.006475 0.945303 0.048223 
0.000000 0.000052 0.352867 0.647081 
0.000000 0.000010 0.231142 0.768848 
0.000000 0.000046 0.616902 0.383052 
0.000000 0.012548 0.495499 0.491953 
0.000000 0.023065 0.377376 0.599559 
0.000000 0.081810 0.549471 0.368719 
0.000000 0.053190 0.154327 0.792484 
0.000000 0.376555 0.148621 0.474824 
0.000000 0.141132 0.432974 0.425895 
0.000000 0.168979 0.263762 0.567259 
0.000000 0.045395 0.926589 0.028016 
0.000000 0.706191 0.284296 0.009512 
0.000000 0.770572 0.228550 0.000878 
0.000000 0.504279 0.495032 0.000689 
0.000000 0.474618 0.525328 0.000054 
0.000000 0.508978 0.489899 0.001124 
0.000000 0.497236 0.411116 0.091648 
0.000000 0.686420 0.313262 0.000319 
0.000000 0.675405 0.094546 0.230049 
0.000000 0.692171 0.300366 0.007463 
0.000000 0.999265 0.000675 0.000059 
0.000000 0.804531 0.195430 0.000039 
0.000000 0.394996 0.605004 0.000000 
0.000000 0.446426 0.553574 0.000000 
0.000000 0.534290 0.465710 0.000000 
0.000000 0.383828 0.616172 0.000000 
0.000000 0.786960 0.213040 0.000000 
0.000000 0.937022 0.062978 0.000000 
0.000000 0.991095 0.008905 0.000000 
0.000000 0.922866 0.077134 0.000000 
0.000000 0.475631 0.524369 0.000000 
0.000000 0.300690 0.699310 0.000000 
0.000000 0.303704 0.696296 0.000000 
0.000000 0.742579 0.257421 0.000000 
0.000000 0.915436 0.084564 0.000000 
0.000000 0.992030 0.007970 0.000000 
0.000000 0.999990 0.000010 0.000000 
0.000000 0.999983 0.000017 0.000000 
0.000000 0.999719 0.000281 0.000000 
0.000000 0.979083 0.020917 0.000000 
0.000000 0.953749 0.046251 0.000000 
0.000000 0.974928 0.025072 0.000000 
0.000000 0.999996 0.000004 0.000000 
0.000000 0.999996 0.000004 0.000000 
0.000000 0.999848 0.000152 0.000000 
0.000000 0.998844 0.001156 0.000000 
0.000000 0.970170 0.029830 0.000000 
0.000000 0.847953 0.152047 0.000000 
0.000000 0.646023 0.353977 0.000000 
0.000000 0.372398 0.627602 0.000000 
0.000000 0.172609 0.827391 0.000000 
0.000000 0.116094 0.883906 0.000000 
0.000000 0.225793 0.774207 0.000000 
0.000000 0.781813 0.218187 0.000000 
0.000000 0.317439 0.682561 0.000000 
0.000000 0.052012 0.947988 0.000000 
0.000000 0.161545 0.838455 0.000000 
0.000000 0.008282 0.991718 0.000000 
0.000000 0.003758 0.996239 0.000003 
0.000000 0.000675 0.559086 0.440240 
0.000000 0.000918 0.868273 0.130809 
0.000000 0.000034 0.616224 0.383741 
0.000000 0.000031 0.141924 0.858045 
0.000000 0.000004 0.998220 0.001776 
0.000000 0.000006 0.940629 0.059365 
0.000000 0.000000 0.017598 0.982402 
0.000000 0.000290 0.917722 0.081987 
0.000000 0.068097 0.926286 0.005616 
0.000000 0.000145 0.999797 0.000058 
0.000000 0.000005 0.999995 0.000000 
0.000000 0.000000 1.000000 0.000000 
0.000000 0.000001 0.999999 0.000000 
0.000000 0.000000 0.999977 0.000023 
0.000000 0.000072 0.397942 0.601986 
0.000000 0.000000 0.151873 0.848127 
0.000000 0.000001 0.999893 0.000105 
0.000000 0.000000 0.999999 0.000000 
0.000000 0.000003 0.999987 0.000010 
0.000000 0.000000 0.996287 0.003713 
0.000000 0.000001 0.999918 0.000081 
0.000000 0.000000 0.983590 0.016410 
0.000000 0.000000 0.999904 0.000096 
0.000000 0.000000 0.999355 0.000645 
0.000000 0.000000 0.999997 0.000003 
0.000000 0.000000 0.999792 0.000208 
0.000000 0.000000 0.931405 0.068595 
0.000000 0.000000 0.983879 0.016121 
0.000000 0.000000 0.990378 0.009622 
0.000000 0.000000 0.822188 0.177812 
0.000000 0.000000 0.474492 0.525508 
0.000000 0.000000 0.252498 0.747502 
0.000000 0.000000 0.148131 0.851868 
0.000000 0.000000 0.643403 0.356597 
0.000000 0.000000 0.785199 0.214801 
0.000000 0.000000 0.302750 0.697250 
0.000000 0.000000 0.741901 0.258099 
0.000000 0.000000 0.979148 0.020851 
0.000000 0.000000 0.952208 0.047792 
0.000000 0.000000 0.433475 0.566525 
0.000000 0.000000 0.741425 0.258575 
0.000000 0.000000 0.715504 0.284496 
0.000000 0.000000 0.627486 0.372514 
0.000000 0.000000 0.691418 0.308582 
0.000000 0.000000 0.524904 0.475096 
0.000000 0.000000 0.503746 0.496254 
0.000000 0.000001 0.434166 0.565832 
0.000000 0.000013 0.075342 0.924645 
0.000000 0.000037 0.895631 0.104332 
0.000000 0.000006 0.967176 0.032818 
0.000000 0.000018 0.206012 0.793970 
0.000000 0.001924 0.328602 0.669474 
0.000000 0.000737 0.003076 0.996186 
0.000000 0.016438 0.006190 0.977373 
0.000000 0.320703 0.000044 0.679253 
0.000000 0.112355 0.008188 0.879457 
0.000000 0.044578 0.054387 0.901035 
0.000000 0.140463 0.017704 0.841833 
0.000000 0.478065 0.008848 0.513087 
0.000000 0.472120 0.000295 0.527585 
0.000000 0.089326 0.004111 0.906563 
0.000000 0.582240 0.000421 0.417339 
0.000000 0.077707 0.000240 0.922053 
0.000000 0.178014 0.000598 0.821388 
0.000000 0.011178 0.080341 0.908481 
0.000000 0.070761 0.016135 0.913103 
0.000000 0.017964 0.191900 0.790135 
0.000000 0.058828 0.417146 0.524026 
0.000000 0.021252 0.007721 0.971027 
0.000000 0.057948 0.000066 0.941986 
0.000000 0.027510 0.001391 0.971100 
0.000000 0.926699 0.000402 0.072899 
0.000000 0.042942 0.000044 0.957014 
0.000000 0.443352 0.000082 0.556566 
0.000000 0.024284 0.000004 0.975712 
0.000000 0.526318 0.000002 0.473681 
0.000000 0.221407 0.000000 0.778593 
0.000000 0.996303 0.000001 0.003697 
0.000000 0.950836 0.000000 0.049164 
0.000000 0.938326 0.000000 0.061674 
0.000000 0.997853 0.000002 0.002144 
0.000000 0.985394 0.001748 0.012858 
0.000000 0.411080 0.000166 0.588753 
0.000000 0.324292 0.000160 0.675548 
0.000000 0.971615 0.000248 0.028137 
0.000000 0.999951 0.000005 0.000044 
0.000000 1.000000 0.000000 0.000000 
0.000000 1.000000 0.000000 0.000000 
0.000000 1.000000 0.000000 0.000000 
0.000000 1.000000 0.000000 0.000000 
0.000000 1.000000 0.000000 0.000000 
0.000000 1.000000 0.000000 0.000000 
0.000000 1.000000 0.000000 0.000000 
0.000000 1.000000 0.000000 0.000000 
0.000000 0.915018 0.000000 0.084982 
0.000000 0.997697 0.000000 0.002303 
0.000000 0.361569 0.000000 0.638431 
0.000000 0.110609 0.000000 0.889391 
0.000000 0.106986 0.000000 0.893014 
0.000000 0.012984 0.000000 0.987016 
0.000000 0.014380 0.000000 0.985620 
0.000000 0.416021 0.000000 0.583979 
0.000000 0.250071 0.000000 0.749929 
0.000000 0.521331 0.000000 0.478669 
0.000000 0.531043 0.000000 0.468957 
0.000000 0.721297 0.000000 0.278703 
0.000000 0.618420 0.000000 0.381580 
0.000000 0.441474 0.000000 0.558526 
0.000000 0.538331 0.000000 0.461669 
0.000000 0.460754 0.000000 0.539246 
0.000000 0.304072 0.000000 0.695928 
0.000000 0.090415 0.000000 0.909585 
0.000000 0.590348 0.000000 0.409652 
0.000000 0.796911 0.000000 0.203088 
0.000000 0.384389 0.000004 0.615607 
0.000000 0.260187 0.000368 0.739445 
0.000000 0.346188 0.099911 0.553900 
0.000000 0.397572 0.066099 0.536329 
0.000000 0.788009 0.006731 0.205261 
0.000000 0.645143 0.101526 0.253331 
0.000000 0.831633 0.168094 0.000273 
0.000000 0.712313 0.287669 0.000017 
0.000000 0.502096 0.495443 0.002461 
0.000000 0.791839 0.079406 0.128755 
0.000000 0.473151 0.490960 0.035889 
0.000000 0.473848 0.097272 0.428880 
0.000000 0.346426 0.157695 0.495879 
0.000000 0.158627 0.510859 0.330514 
0.000000 0.372653 0.438192 0.189155 
0.000000 0.278000 0.716014 0.005986 
0.000000 0.737723 0.247088 0.015189 
0.000000 0.736471 0.203692 0.059837 
0.000000 0.963358 0.033873 0.002769 
0.000000 0.969298 0.000007 0.030695 
0.000000 0.689710 0.003657 0.306632 
0.000000 0.592173 0.017768 0.390059 
0.000000 0.595471 0.008704 0.395825 
0.000000 0.944475 0.000062 0.055463 
0.000000 0.431570 0.064243 0.504186 
0.000000 0.585805 0.051542 0.362653 
0.000000 0.265823 0.593907 0.140271 
0.000000 0.188527 0.712062 0.099411 
0.000000 0.025229 0.766022 0.208749 
0.000000 0.016771 0.490699 0.492530 
0.000000 0.002562 0.570495 0.426943 
0.000000 0.003065 0.615354 0.381581 
0.000000 0.147234 0.207247 0.645519 
0.000000 0.186135 0.334146 0.479719 
0.000000 0.383171 0.213669 0.403159 
0.000000 0.124094 0.874466 0.001440 
0.000000 0.015726 0.425828 0.558446 
0.000000 0.171693 0.765099 0.063207 
0.000000 0.573517 0.376162 0.050321 
0.000000 0.637247 0.011209 0.351544 
0.000000 0.838040 0.029758 0.132202 
0.000000 0.880112 0.119886 0.000002 
0.000000 0.993659 0.006341 0.000000 
0.000000 0.676039 0.323961 0.000000 
0.000000 0.538648 0.461352 0.000000 
0.000000 0.257646 0.742344 0.000010 
0.000000 0.389883 0.610117 0.000000 
0.000000 0.935366 0.064633 0.000001 
0.000000 0.999997 0.000003 0.000000 
0.000000 0.999778 0.000222 0.000000 
0.000000 0.999712 0.000287 0.000000 
0.000000 0.624010 0.375990 0.000000 
0.000000 0.415817 0.584183 0.000000 
0.000000 0.657400 0.342600 0.000000 
0.000000 0.837598 0.162402 0.000000 
0.000000 0.907385 0.092613 0.000002 
0.000000 0.941531 0.058457 0.000012 
0.000000 0.991644 0.008356 0.000000 
0.000000 0.993093 0.006661 0.000247 
0.000000 0.999454 0.000244 0.000303 
0.000000 0.956360 0.043635 0.000005 
0.000000 0.600667 0.399320 0.000013 
0.000000 0.529966 0.470026 0.000009 
0.000000 0.912384 0.087614 0.000002 
0.000000 1.000000 0.000000 0.000000 
0.000000 1.000000 0.000000 0.000000 
0.000000 0.999992 0.000008 0.000000 
0.000000 0.998952 0.001048 0.000000 
0.000000 0.999993 0.000007 0.000000 
0.000000 1.000000 0.000000 0.000000 
0.000000 1.000000 0.000000 0.000000 
0.000000 1.000000 0.000000 0.000000 
0.000000 0.998582 0.001418 0.000000 
0.000000 0.999991 0.000009 0.000000 
0.000000 1.000000 0.000000 0.000000 
0.000000 0.872350 0.127599 0.000052 
0.000000 0.999732 0.000265 0.000003 
0.000000 0.999777 0.000223 0.000000 
0.000000 0.999988 0.000000 0.000012 
0.000000 0.997231 0.000000 0.002769 
0.000000 0.988807 0.000000 0.011193 
0.000000 0.960170 0.000001 0.039829 
0.000000 0.017109 0.000002 0.982889 
0.000000 0.016929 0.000000 0.983071 
0.000000 0.010111 0.000000 0.989889 
0.000000 0.555794 0.000000 0.444206 
0.000000 0.178152 0.000000 0.821848 
0.000000 0.111213 0.000000 0.888787 
0.000000 0.998637 0.000000 0.001363 
0.000000 0.999990 0.000000 0.000010 
0.000000 0.996657 0.000000 0.003343 
0.000000 0.999218 0.000000 0.000782 
0.000000 0.845911 0.000012 0.154076 
0.000000 0.019955 0.000000 0.980045 
0.000000 0.013483 0.000000 0.986517 
0.000000 0.038940 0.000000 0.961060 
0.000000 0.000571 0.000009 0.999420 
0.000000 0.000428 0.000319 0.999254 
0.000000 0.000001 0.792450 0.207548 
0.000000 0.000000 0.403280 0.596719 
0.000000 0.000001 0.303918 0.696082 
0.000000 0.000005 0.080524 0.919471 
0.000000 0.000098 0.000238 0.999664 
0.000000 0.000056 0.048938 0.951006 
0.000000 0.000150 0.000812 0.999037 
0.000000 0.000000 0.044212 0.955788 
0.000000 0.000000 0.009019 0.990981 
0.000000 0.000000 0.016002 0.983998 
0.000000 0.000000 0.002724 0.997276 
0.000000 0.000000 0.990484 0.009516 
0.000000 0.000000 0.999993 0.000007 
0.000000 0.000174 0.999826 0.000000 
0.000000 0.000000 1.000000 0.000000 
0.000000 0.000000 1.000000 0.000000 
0.000000 0.000000 1.000000 0.000000 
0.000000 0.000000 1.000000 0.000000 
0.000000 0.000000 1.000000 0.000000 
0.000000 0.000000 1.000000 0.000000 
0.000000 0.000000 1.000000 0.000000 
0.000000 0.000000 1.000000 0.000000 
0.000000 0.000000 1.000000 0.000000 
0.000000 0.000000 1.000000 0.000000 
0.000000 0.000000 1.000000 0.000000 
0.000000 0.000000 1.000000 0.000000 
0.000000 0.000000 1.000000 0.000000 
0.000000 0.000000 1.000000 0.000000 
0.000000 0.000000 1.000000 0.000000 
0.000000 0.000000 1.000000 0.000000 
0.000000 0.000000 1.000000 0.000000 
0.000000 0.000000 0.999542 0.000457 
0.000000 0.000009 0.869294 0.130697 
0.000000 0.000061 0.192054 0.807884 
0.000000 0.000325 0.056660 0.943015 
0.000000 0.000093 0.010954 0.988953 
0.000000 0.153431 0.667269 0.179300 
0.000000 0.433857 0.107998 0.458145 
0.000000 0.167901 0.700344 0.131755 
0.000000 0.313858 0.402494 0.283648 
0.000000 0.420780 0.165966 0.413254 
0.000000 0.445802 0.493571 0.060627 
0.000000 0.064362 0.341650 0.593987 
0.000000 0.052404 0.898241 0.049355 
0.000000 0.225351 0.774577 0.000072 
0.000000 0.454078 0.545868 0.000054 
0.000000 0.803246 0.189871 0.006883 
0.000000 0.347380 0.409944 0.242676 
0.000000 0.487064 0.093943 0.418993 
0.000000 0.438163 0.008993 0.552843 
0.000000 0.714466 0.006693 0.278840 
0.000000 0.915422 0.001551 0.083027 
0.000000 0.291173 0.000093 0.708734 
0.000000 0.537066 0.000209 0.462726 
0.000000 0.954524 0.000252 0.045224 
0.000000 0.879882 0.002419 0.117699 
0.000000 0.545143 0.019330 0.435528 
0.000000 0.951857 0.048142 0.000001 
0.000000 0.925207 0.000002 0.074791 
0.000000 0.578544 0.000361 0.421095 
0.000000 0.212365 0.000047 0.787588 
0.000000 0.840380 0.000303 0.159317 
0.000000 0.984925 0.000680 0.014395 
0.000000 0.960747 0.016567 0.022685 
0.000000 0.497929 0.050385 0.451685 
0.000000 0.596678 0.225401 0.177921 
0.000000 0.718117 0.027779 0.254104 
0.000000 0.495195 0.266385 0.238421 
0.000000 0.567586 0.429153 0.003260 
0.000000 0.493161 0.505162 0.001677 
0.000000 0.703412 0.293448 0.003140 
0.000000 0.973366 0.025723 0.000911 
0.000000 0.709022 0.000234 0.290744 
0.000000 0.268769 0.073701 0.657529 
0.000000 0.115469 0.013384 0.871147 
0.000000 0.106292 0.002267 0.891441 
0.000000 0.052670 0.012922 0.934409 
0.000000 0.353413 0.002568 0.644019 
0.000000 0.155399 0.002432 0.842169 
0.000000 0.032821 0.000004 0.967175 
0.000000 0.328273 0.000000 0.671726 
0.000000 0.362123 0.000000 0.637877 
0.000000 0.216918 0.000000 0.783082 
0.000000 0.170665 0.000000 0.829335 
0.000000 0.124598 0.000000 0.875402 
0.000000 0.982179 0.000000 0.017821 
0.000000 0.531814 0.000000 0.468186 
0.000000 0.345495 0.000000 0.654505 
0.000000 0.128671 0.000000 0.871329 
0.000000 0.098589 0.000000 0.901411 
0.000000 0.021573 0.000000 0.978427 
0.000000 0.048139 0.000000 0.951861 
0.000000 0.066935 0.000000 0.933065 
0.000000 0.059999 0.000000 0.940001 
0.000000 0.004155 0.000000 0.995845 
0.000000 0.001683 0.000000 0.998317 
0.000000 0.013515 0.000000 0.986485 
0.000000 0.023351 0.000000 0.976649 
0.000000 0.003688 0.000000 0.996312 
0.000000 0.000140 0.000000 0.999860 
0.000000 0.006212 0.000001 0.993787 
0.000000 0.011667 0.000015 0.988318 
0.000000 0.996676 0.000007 0.003317 
0.000000 0.990321 0.000000 0.009679 
0.000000 0.758211 0.000000 0.241789 
0.000000 0.970193 0.000282 0.029524 
0.000000 0.392480 0.000922 0.606598 
0.000000 0.275186 0.012832 0.711982 
0.000000 0.856940 0.141658 0.001402 
0.000000 0.025709 0.000303 0.973988 
0.000000 0.279731 0.000149 0.720120 
0.000000 0.292817 0.000171 0.707012 
0.000000 0.806993 0.003572 0.189435 
0.000000 0.367370 0.001173 0.631457 
0.000000 0.608656 0.000043 0.391302 
0.000000 0.469654 0.000081 0.530265 
0.000000 0.927400 0.000031 0.072569 
0.000000 0.411376 0.001263 0.587361 
0.000000 0.961492 0.038469 0.000039 
0.000000 0.959073 0.010827 0.030100 
0.000000 0.522792 0.000097 0.477112 
0.000000 0.302084 0.018022 0.679893 
0.000000 0.959359 0.022021 0.018620 
0.000000 0.404960 0.077077 0.517963 
0.000000 0.691803 0.032620 0.275576 
0.000000 0.454366 0.357353 0.188281 
0.000000 0.378659 0.605005 0.016336 
0.000000 0.486815 0.510724 0.002460 
0.000000 0.581548 0.418419 0.000033 
0.000000 0.010937 0.989009 0.000054 
0.000000 0.067006 0.932984 0.000010 
0.000000 0.035798 0.964202 0.000000 
0.000000 0.146731 0.853263 0.000006 
0.000000 0.018870 0.981130 0.000000 
0.000000 0.012306 0.987694 0.000000 
0.000000 0.409835 0.590165 0.000000 
0.000000 0.350681 0.649319 0.000000 
0.000000 0.998397 0.001603 0.000000 
0.000000 0.963335 0.036665 0.000000 
0.000000 0.436405 0.563595 0.000000 
0.000000 0.888530 0.111470 0.000000 
0.000000 0.015275 0.984725 0.000000 
0.000000 0.006113 0.993887 0.000000 
0.000000 0.303949 0.696051 0.000000 
0.000000 0.442002 0.557997 0.000001 
0.000000 0.494992 0.505008 0.000000 
0.000000 0.271411 0.728589 0.000000 
0.000000 0.485485 0.514513 0.000002 
0.000000 0.448678 0.551322 0.000000 
0.000000 0.867982 0.132016 0.000002 
0.000000 0.979517 0.020483 0.000000 
0.000000 0.710830 0.289169 0.000001 
0.000000 0.713400 0.286600 0.000000 
0.000000 0.514196 0.485804 0.000000 
0.000000 0.459315 0.540685 0.000000 
0.000000 0.669887 0.330113 0.000000 
0.000000 0.698950 0.301050 0.000000 
0.000000 0.682061 0.317939 0.000000 
0.000000 0.542103 0.457897 0.000000 
0.000000 0.029303 0.970697 0.000000 
0.000000 0.840613 0.159384 0.000003 
0.000000 0.999999 0.000000 0.000001 
0.000000 1.000000 0.000000 0.000000 
0.000000 0.999999 0.000001 0.000000 
0.000000 0.995467 0.004533 0.000000 
0.000000 0.990210 0.009782 0.000008 
0.000000 0.577185 0.422812 0.000004 
0.000000 0.629987 0.370011 0.000002 
0.000000 0.283509 0.716491 0.000000 
0.000000 0.353618 0.646377 0.000005 
0.000000 0.983298 0.016702 0.000000 
0.000000 0.090683 0.909317 0.000000 
0.000000 0.483129 0.516871 0.000000 
0.000000 0.492594 0.507406 0.000000 
0.000000 0.522476 0.477524 0.000000 
0.000000 0.878298 0.121702 0.000000 
0.000000 0.938042 0.061958 0.000000 
0.000000 0.874151 0.125849 0.000000 
0.000000 0.319202 0.680798 0.000000 
0.000000 0.453520 0.546480 0.000000 
0.000000 0.999999 0.000001 0.000000 
0.000000 0.846951 0.153049 0.000000 
0.000000 0.361283 0.638714 0.000002 
0.000000 0.881463 0.118535 0.000002 
0.000000 0.929795 0.070007 0.000197 
0.000000 0.929039 0.070480 0.000481 
0.000000 0.228135 0.771862 0.000004 
0.000000 0.395878 0.604119 0.000003 
0.000000 0.000324 0.999091 0.000585 
0.000000 0.094008 0.905981 0.000011 
0.000000 0.626003 0.155210 0.218787 
0.000000 0.479434 0.000869 0.519697 
0.000000 0.938117 0.001968 0.059915 
0.000000 0.990582 0.009418 0.000000 
0.000000 0.888825 0.054099 0.057076 
0.000000 0.939236 0.060654 0.000110 
0.000000 0.674659 0.131534 0.193807 
0.000000 0.492657 0.484540 0.022803 
0.000000 0.133632 0.866368 0.000000 
0.000000 0.097862 0.902138 0.000000 
0.000000 0.027295 0.972705 0.000000 
0.000000 0.039552 0.627840 0.332608 
0.000000 0.000740 0.502473 0.496787 
0.000000 0.000022 0.999947 0.000031 
0.000000 0.000008 0.999879 0.000113 
0.000000 0.000001 0.985096 0.014904 
0.000000 0.000056 0.999943 0.000001 
0.000000 0.000000 1.000000 0.000000 
0.000000 0.000092 0.937436 0.062472 
0.000000 0.000000 0.985942 0.014058 
0.000000 0.000001 0.912673 0.087326 
0.000000 0.000000 0.054112 0.945888 
0.000000 0.000010 0.261548 0.738443 
0.000000 0.001137 0.868764 0.130099 
0.000000 0.018680 0.496037 0.485284 
0.000000 0.034834 0.567918 0.397247 
0.000000 0.009426 0.501349 0.489225 
0.000000 0.024526 0.292889 0.682585 
0.000000 0.000297 0.328698 0.671004 
0.000000 0.001224 0.554295 0.444481 
0.000000 0.000003 0.527777 0.472220 
0.000000 0.000002 0.557127 0.442871 
0.000000 0.000005 0.508202 0.491793 
0.000000 0.000007 0.567872 0.432121 
0.000000 0.000095 0.032470 0.967434 
0.000000 0.033752 0.000983 0.965265 
0.000000 0.025199 0.208268 0.766533 
0.000000 0.548643 0.416750 0.034607 
0.000000 0.544291 0.381045 0.074664 
0.000000 0.185080 0.772116 0.042804 
0.000000 0.303345 0.678289 0.018366 
0.000000 0.541690 0.083752 0.374558 
0.000000 0.331651 0.088871 0.579478 
0.000000 0.387856 0.609820 0.002324 
0.000000 0.314223 0.685563 0.000214 
0.000000 0.537996 0.447194 0.014809 
0.000000 0.400046 0.200707 0.399248 
0.000000 0.765949 0.006836 0.227215 
0.000000 0.995348 0.000506 0.004146 
0.000000 0.962959 0.000319 0.036723 
0.000000 0.763082 0.013134 0.223784 
0.000000 0.504107 0.018784 0.477109 
0.000000 0.579878 0.044185 0.375937 
0.000000 0.249816 0.430241 0.319943 
0.000000 0.399757 0.221552 0.378691 
0.000000 0.387294 0.393234 0.219471 
0.000000 0.735994 0.000454 0.263552 
0.000000 0.200075 0.000098 0.799828 
0.000000 0.663669 0.000068 0.336263 
0.000000 0.141545 0.000000 0.858455 
0.000000 0.228532 0.000000 0.771468 
0.000000 0.456515 0.000000 0.543485 
0.000000 1.000000 0.000000 0.000000 
0.000000 0.959329 0.000000 0.040671 
0.000000 0.833719 0.000000 0.166281 
0.000000 0.725932 0.000000 0.274068 
0.000000 0.999323 0.000000 0.000677 
0.000000 1.000000 0.000000 0.000000 
0.000000 1.000000 0.000000 0.000000 
0.000000 1.000000 0.000000 0.000000 
0.000000 1.000000 0.000000 0.000000 
0.000000 1.000000 0.000000 0.000000 
0.000000 0.999879 0.000121 0.000000 
0.000000 0.817880 0.182120 0.000000 
0.000000 0.999574 0.000426 0.000000 
0.000000 0.999971 0.000029 0.000000 
0.000000 0.978243 0.021757 0.000000 
0.000000 0.994499 0.005501 0.000000 
0.000000 1.000000 0.000000 0.000000 
0.000000 1.000000 0.000000 0.000000 
0.000000 0.713081 0.000000 0.286919 
0.000000 0.477641 0.000000 0.522359 
0.000000 0.520232 0.000001 0.479767 
0.000000 0.859995 0.000000 0.140005 
0.000000 0.939948 0.000000 0.060052 
0.000000 0.517053 0.000000 0.482947 
0.000000 0.062603 0.000000 0.937397 
0.000000 0.967968 0.000000 0.032032 
0.000000 0.806069 0.000000 0.193931 
0.000000 0.023122 0.000000 0.976878 
0.000000 0.991069 0.000000 0.008931 
0.000000 0.886090 0.000000 0.113910 
0.000000 0.018638 0.000000 0.981362 
0.000000 0.999677 0.000000 0.000323 
0.000000 0.999451 0.000000 0.000549 
0.000000 0.999976 0.000000 0.000024 
0.000000 0.999827 0.000000 0.000173 
0.000000 0.999914 0.000000 0.000086 
0.000000 0.959480 0.000000 0.040520 
0.000000 0.999557 0.000000 0.000443 
0.000000 0.565274 0.022112 0.412614 
0.000000 0.593916 0.176515 0.229569 
0.000000 0.492668 0.019499 0.487833 
0.000000 0.573365 0.009729 0.416906 
0.000000 0.464051 0.001201 0.534748 
0.000000 0.475264 0.000001 0.524735 
0.000000 0.455234 0.005588 0.539179 
0.000000 0.229189 0.090884 0.679927 
0.000000 0.644906 0.000168 0.354925 
0.000000 0.129861 0.367914 0.502225 
0.000000 0.366102 0.316696 0.317202 
0.000000 0.516664 0.423124 0.060212 
0.000000 0.290212 0.523513 0.186275 
0.000000 0.691619 0.001559 0.306822 
0.000000 0.997392 0.002197 0.000410 
0.000000 0.998032 0.000000 0.001968 
0.000000 0.999850 0.000015 0.000135 
0.000000 0.892645 0.000010 0.107345 
0.000000 0.480882 0.000000 0.519117 
0.000000 0.454957 0.000000 0.545043 
0.000000 0.453649 0.000000 0.546351 
0.000000 0.387830 0.000000 0.612170 
0.000000 0.929995 0.000000 0.070005 
0.000000 0.991232 0.000000 0.008768 
0.000000 0.998738 0.000001 0.001262 
0.000000 0.989582 0.000002 0.010416 
0.000000 0.705450 0.000001 0.294550 
0.000000 0.999676 0.000000 0.000324 
0.000000 0.980851 0.000000 0.019149 
0.000000 0.636314 0.000000 0.363686 
0.000000 0.156418 0.000000 0.843582 
0.000000 0.166985 0.000000 0.833015 
0.000000 0.087592 0.000000 0.912408 
0.000000 0.362141 0.000000 0.637859 
0.000000 0.005944 0.000000 0.994056 
0.000000 0.002350 0.000000 0.997650 
0.000000 0.023335 0.000000 0.976665 
0.000000 0.001879 0.000000 0.998121 
0.000000 0.000026 0.000000 0.999974 
0.000000 0.000017 0.000000 0.999983 
0.000000 0.000033 0.000000 0.999967 
0.000000 0.000003 0.000000 0.999997 
0.000000 0.000006 0.000000 0.999994 
0.000000 0.004161 0.000001 0.995838 
0.000000 0.000615 0.000000 0.999385 
0.000000 0.099612 0.000000 0.900388 
0.000000 0.017670 0.000000 0.982330 
0.000000 0.916528 0.000000 0.083472 
0.000000 0.756780 0.000000 0.243220 
0.000000 0.832076 0.000000 0.167924 
0.000000 0.939993 0.000000 0.060007 
0.000000 0.547319 0.000000 0.452681 
0.000000 0.484373 0.000000 0.515627 
0.000000 0.453688 0.000000 0.546312 
0.000000 0.688592 0.000000 0.311408 
0.000000 0.094979 0.000000 0.905021 
0.000000 0.999810 0.000000 0.000190 
0.000000 1.000000 0.000000 0.000000 
0.000000 1.000000 0.000000 0.000000 
0.000000 0.999989 0.000000 0.000011 
0.000000 1.000000 0.000000 0.000000 
0.000000 1.000000 0.000000 0.000000 
0.000000 1.000000 0.000000 0.000000 
0.000000 1.000000 0.000000 0.000000 
0.000000 1.000000 0.000000 0.000000 
0.000000 0.928318 0.000000 0.071682 
0.000000 0.700436 0.000000 0.299564 
0.000000 0.748719 0.000000 0.251281 
0.000000 0.374608 0.000027 0.625365 
0.000000 0.988240 0.000012 0.011747 
0.000000 0.999882 0.000106 0.000011 
0.000000 0.981753 0.018247 0.000000 
0.000000 0.832108 0.167892 0.000000 
0.000000 0.789829 0.210171 0.000000 
0.000000 0.578215 0.421785 0.000000 
0.000000 0.618377 0.325924 0.055699 
0.000000 0.282312 0.717016 0.000672 
0.000000 0.673248 0.326581 0.000171 
0.000000 0.478466 0.521534 0.000000 
0.000000 0.884414 0.115586 0.000000 
0.000000 0.804010 0.000533 0.195458 
0.000000 0.238264 0.744077 0.017658 
0.000000 0.215744 0.592664 0.191592 
0.000000 0.036912 0.371258 0.591829 
0.000000 0.039439 0.960405 0.000156 
0.000000 0.311964 0.687070 0.000967 
0.000000 0.515628 0.484372 0.000000 
0.000000 0.362963 0.637037 0.000000 
0.000000 0.575678 0.424322 0.000000 
0.000000 0.419362 0.580638 0.000000 
0.000000 0.556394 0.443606 0.000000 
0.000000 0.514569 0.485431 0.000000 
0.000000 0.440960 0.559040 0.000000 
0.000000 0.499137 0.500863 0.000000 
0.000000 0.998579 0.001421 0.000000 
0.000000 0.946826 0.053174 0.000000 
0.000000 0.290975 0.709025 0.000000 
0.000000 0.631300 0.368700 0.000000 
0.000000 0.688351 0.311649 0.000000 
0.000000 0.598320 0.401680 0.000000 
0.000000 0.328321 0.671679 0.000000 
0.000000 0.359376 0.376141 0.264483 
0.000000 0.249081 0.428100 0.322820 
0.000000 0.398788 0.277101 0.324111 
0.000000 0.188874 0.342870 0.468257 
0.000000 0.169982 0.214150 0.615869 
0.000000 0.136616 0.019546 0.843839 
0.000000 0.383910 0.539167 0.076924 
0.000000 0.474829 0.522360 0.002811 
0.000000 0.083991 0.457607 0.458403 
0.000000 0.130821 0.497834 0.371345 
0.000000 0.364092 0.001157 0.634751 
0.000000 0.749672 0.074840 0.175488 
0.000000 0.918077 0.081376 0.000547 
0.000000 0.995194 0.001142 0.003664 
0.000000 0.421326 0.000931 0.577743 
0.000000 0.554933 0.000000 0.445067 
0.000000 0.946699 0.000000 0.053301 
0.000000 0.801104 0.000000 0.198896 
0.000000 0.583551 0.000000 0.416449 
0.000000 0.661632 0.000000 0.338368 
0.000000 0.941314 0.000000 0.058686 
0.000000 0.472177 0.000000 0.527823 
0.000000 0.433913 0.000000 0.566087 
0.000000 0.884039 0.000000 0.115961 
0.000000 0.376275 0.000000 0.623725 
0.000000 0.698263 0.000000 0.301737 
0.000000 0.338540 0.000001 0.661459 
0.000000 0.999738 0.000000 0.000262 
0.000000 0.988449 0.000000 0.011551 
0.000000 0.999978 0.000000 0.000022 
0.000000 0.933795 0.000000 0.066205 
0.000000 0.495688 0.000000 0.504312 
0.000000 0.722656 0.000061 0.277284 
0.000000 0.957393 0.001758 0.040849 
0.000000 0.716063 0.283936 0.000002 
0.000000 0.569741 0.429589 0.000671 
0.000000 0.071791 0.235755 0.692454 
0.000000 0.043590 0.955693 0.000717 
0.000000 0.101733 0.898247 0.000021 
0.000000 0.756258 0.243603 0.000139 
0.000000 0.273475 0.726525 0.000000 
0.000000 0.147677 0.852323 0.000000 
