0.229438 0.223285 0.324453 0.222824 
0.114996 0.111807 0.554360 0.218837 
0.019933 0.019752 0.907311 0.053004 
0.000960 0.000981 0.997069 0.000991 
0.000204 0.000186 0.999349 0.000261 
0.000002 0.000002 0.999993 0.000002 
0.000000 0.000000 1.000000 0.000000 
0.000000 0.000000 1.000000 0.000000 
0.000000 0.000000 1.000000 0.000000 
0.000000 0.000000 1.000000 0.000000 
0.000000 0.000000 1.000000 0.000000 
0.000000 0.000000 1.000000 0.000000 
0.000000 0.000000 1.000000 0.000000 
0.000000 0.000000 1.000000 0.000000 
0.000000 0.000000 0.999998 0.000002 
0.000000 0.000000 1.000000 0.000000 
0.000000 0.000000 1.000000 0.000000 
0.000000 0.000000 0.999996 0.000004 
0.000000 0.000000 1.000000 0.000000 
0.000000 0.000000 1.000000 0.000000 
0.000000 0.000000 1.000000 0.000000 
0.000000 0.000000 1.000000 0.000000 
0.000000 0.000000 1.000000 0.000000 
0.000000 0.000000 1.000000 0.000000 
0.000000 0.000000 1.000000 0.000000 
0.000000 0.000000 1.000000 0.000000 
0.000000 0.000000 1.000000 0.000000 
0.000000 0.000000 1.000000 0.000000 
0.000000 0.000000 1.000000 0.000000 
0.000000 0.000000 1.000000 0.000000 
0.000000 0.000000 1.000000 0.000000 
0.000000 0.000000 1.000000 0.000000 
0.000000 0.000000 1.000000 0.000000 
0.000000 0.000000 1.000000 0.000000 
0.000000 0.000000 1.000000 0.000000 
0.000000 0.000000 1.000000 0.000000 
0.000000 0.000000 1.000000 0.000000 
0.000000 0.000000 1.000000 0.000000 
0.000000 0.000000 1.000000 0.000000 
0.000000 0.000000 1.000000 0.000000 
0.000000 0.000000 1.000000 0.000000 
0.000000 0.000000 1.000000 0.000000 
0.000000 0.000000 1.000000 0.000000 
0.000000 0.000000 1.000000 0.000000 
0.000000 0.000000 1.000000 0.000000 
0.000000 0.000000 1.000000 0.000000 
0.000000 0.000000 1.000000 0.000000 
0.000000 0.000000 1.000000 0.000000 
0.000000 0.000000 1.000000 0.000000 
0.000000 0.000000 1.000000 0.000000 
0.000000 0.000000 1.000000 0.000000 
0.000000 0.000000 1.000000 0.000000 
0.000000 0.000001 0.999998 0.000001 
0.000000 0.000004 0.999968 0.000028 
0.000000 0.000000 0.954231 0.045769 
0.000000 0.000000 0.096849 0.903151 
0.000000 0.000000 0.327572 0.672428 
0.000000 0.000000 0.591760 0.408240 
0.000000 0.000000 0.238830 0.761170 
0.000000 0.000000 0.135266 0.864734 
0.000000 0.000000 0.656347 0.343653 
0.000000 0.000000 0.254204 0.745796 
0.000000 0.000000 0.573608 0.426392 
0.000000 0.000000 0.593844 0.406156 
0.000000 0.000000 0.444813 0.555187 
0.000000 0.000000 0.610805 0.389195 
0.000000 0.000000 0.279106 0.720894 
0.000000 0.000000 0.986949 0.013051 
0.000000 0.000000 0.999557 0.000442 
0.000000 0.000000 1.000000 0.000000 
0.000000 0.000000 1.000000 0.000000 
0.000000 0.000000 1.000000 0.000000 
0.000000 0.000000 1.000000 0.000000 
0.000000 0.000000 1.000000 0.000000 
0.000000 0.000000 1.000000 0.000000 
0.000000 0.000000 0.999967 0.000033 
0.000000 0.000000 0.981486 0.018514 
0.000000 0.000000 0.690584 0.309416 
0.000000 0.000000 0.883747 0.116253 
0.000000 0.000000 0.999999 0.000001 
0.000000 0.000000 1.000000 0.000000 
0.000000 0.000000 0.974491 0.025509 
0.000000 0.000000 0.830178 0.169822 
0.000000 0.000000 0.404699 0.595301 
0.000000 0.000000 0.270001 0.729999 
0.000000 0.000000 0.817434 0.182566 
0.000000 0.000000 0.975115 0.024885 
0.000000 0.000000 0.999896 0.000104 
0.000000 0.000001 0.999983 0.000016 
0.000000 0.000001 0.999203 0.000797 
0.000000 0.000000 0.999990 0.000010 
0.000000 0.000000 1.000000 0.000000 
0.000000 0.000000 1.000000 0.000000 
0.000000 0.000000 1.000000 0.000000 
0.000000 0.000000 1.000000 0.000000 
0.000000 0.000000 1.000000 0.000000 
0.000000 0.000000 1.000000 0.000000 
0.000000 0.000000 1.000000 0.000000 
0.000000 0.000000 0.999999 0.000001 
0.000000 0.000000 1.000000 0.000000 
0.000000 0.000000 1.000000 0.000000 
0.000000 0.000000 1.000000 0.000000 
0.000000 0.000000 0.999991 0.000009 
0.000000 0.000000 0.999940 0.000060 
0.000000 0.000000 0.999985 0.000015 
0.000000 0.000000 0.945421 0.054579 
0.000000 0.000000 0.977985 0.022015 
0.000000 0.000000 0.997421 0.002579 
0.000000 0.000000 0.999852 0.000148 
0.000000 0.000000 0.999533 0.000467 
0.000000 0.000000 0.980264 0.019735 
0.000000 0.000000 0.976236 0.023764 
0.000000 0.000000 0.999836 0.000164 
0.000000 0.000000 0.999740 0.000260 
0.000000 0.000000 0.999759 0.000240 
0.000000 0.000000 1.000000 0.000000 
0.000000 0.000000 1.000000 0.000000 
0.000000 0.000000 1.000000 0.000000 
0.000000 0.000000 1.000000 0.000000 
0.000000 0.000000 1.000000 0.000000 
0.000000 0.000000 1.000000 0.000000 
0.000000 0.000000 1.000000 0.000000 
0.000000 0.000000 1.000000 0.000000 
0.000000 0.000000 1.000000 0.000000 
0.000000 0.000001 0.999987 0.000012 
0.000000 0.000000 0.999990 0.000010 
0.000000 0.000000 1.000000 0.000000 
0.000000 0.000000 1.000000 0.000000 
0.000000 0.000000 1.000000 0.000000 
0.000000 0.000000 1.000000 0.000000 
0.000000 0.000000 0.999967 0.000033 
0.000000 0.000000 1.000000 0.000000 
0.000000 0.000000 1.000000 0.000000 
0.000000 0.000000 1.000000 0.000000 
0.000000 0.000000 1.000000 0.000000 
0.000000 0.000000 1.000000 0.000000 
0.000000 0.000000 1.000000 0.000000 
0.000000 0.000000 1.000000 0.000000 
0.000000 0.000000 1.000000 0.000000 
0.000000 0.000000 0.980064 0.019936 
0.000000 0.000000 0.421827 0.578173 
0.000000 0.000000 0.439796 0.560204 
0.000000 0.000000 0.725843 0.274157 
0.000000 0.000000 0.803233 0.196767 
0.000000 0.000000 0.499832 0.500168 
0.000000 0.000000 0.581994 0.418006 
0.000000 0.000000 1.000000 0.000000 
0.000000 0.000000 0.999995 0.000005 
0.000000 0.000000 1.000000 0.000000 
0.000000 0.000000 0.996436 0.003564 
0.000000 0.000000 0.999926 0.000074 
0.000000 0.000000 0.999999 0.000001 
0.000000 0.000000 0.994442 0.005558 
0.000000 0.000000 0.436214 0.563786 
0.000000 0.000000 0.000211 0.999789 
0.000000 0.000000 0.000034 0.999966 
0.000000 0.000000 0.000957 0.999043 
0.000000 0.000000 0.000000 1.000000 
0.000000 0.000000 0.000292 0.999708 
0.000000 0.000000 0.001591 0.998409 
0.000000 0.000000 0.007641 0.992359 
0.000000 0.000000 0.630547 0.369453 
0.000000 0.000000 0.391390 0.608610 
0.000000 0.000000 0.439051 0.560949 
0.000000 0.000000 0.989554 0.010446 
0.000000 0.000000 0.834082 0.165918 
0.000000 0.000000 0.863178 0.136822 
0.000000 0.000000 0.291486 0.708514 
0.000000 0.000000 0.907313 0.092687 
0.000000 0.000000 0.142577 0.857423 
0.000000 0.000000 0.448431 0.551569 
0.000000 0.000000 0.567699 0.432301 
0.000000 0.000000 0.552538 0.447462 
0.000000 0.000000 0.418303 0.581697 
0.000000 0.000000 0.277572 0.722428 
0.000000 0.000000 1.000000 0.000000 
0.000000 0.000000 0.999970 0.000030 
0.000000 0.000000 1.000000 0.000000 
0.000000 0.000000 1.000000 0.000000 
0.000000 0.000000 0.999999 0.000001 
0.000000 0.000000 0.999760 0.000240 
0.000000 0.000000 0.999999 0.000001 
0.000000 0.000000 1.000000 0.000000 
0.000000 0.000000 1.000000 0.000000 
0.000000 0.000000 0.938565 0.061435 
0.000000 0.000000 0.995572 0.004428 
0.000000 0.000000 1.000000 0.000000 
0.000000 0.000000 0.999996 0.000004 
0.000000 0.000000 0.992100 0.007900 
0.000000 0.000000 0.938490 0.061510 
0.000000 0.000000 0.537369 0.462631 
0.000000 0.000000 0.746381 0.253619 
0.000000 0.000000 0.000546 0.999454 
0.000000 0.000000 0.000027 0.999973 
0.000000 0.000000 0.000000 1.000000 
0.000000 0.000000 0.008406 0.991594 
0.000000 0.000000 0.995712 0.004288 
0.000000 0.000000 0.984425 0.015575 
0.000000 0.000000 0.018021 0.981979 
0.000000 0.000000 0.014179 0.985820 
0.000000 0.000000 0.886057 0.113943 
0.000000 0.000000 0.988166 0.011834 
0.000000 0.000000 0.874486 0.125514 
0.000000 0.000000 0.649919 0.350081 
0.000000 0.000000 0.540795 0.459205 
0.000000 0.000000 0.387707 0.612293 
0.000000 0.000000 0.982160 0.017840 
0.000000 0.000000 0.618792 0.381208 
0.000000 0.000000 0.686352 0.313648 
0.000000 0.000000 0.998371 0.001629 
0.000000 0.000000 0.999998 0.000002 
0.000000 0.000000 0.938157 0.061843 
0.000000 0.000000 0.992530 0.007470 
0.000000 0.000000 0.998993 0.001007 
0.000000 0.000000 0.880149 0.119851 
0.000000 0.000000 0.587739 0.412261 
0.000000 0.000000 0.999900 0.000100 
0.000000 0.000000 0.988000 0.012000 
0.000000 0.000000 0.999994 0.000006 
0.000000 0.000000 0.982500 0.017500 
0.000000 0.000000 0.999999 0.000000 
0.000000 0.000003 0.999996 0.000001 
0.000000 0.000004 0.999996 0.000000 
0.000000 0.000003 0.999090 0.000907 
0.000000 0.000001 0.999999 0.000000 
0.000000 0.000000 1.000000 0.000000 
0.000000 0.000005 0.999995 0.000000 
0.000000 0.000000 1.000000 0.000000 
0.000000 0.000000 1.000000 0.000000 
0.000000 0.000000 1.000000 0.000000 
0.000000 0.000000 1.000000 0.000000 
0.000000 0.000000 1.000000 0.000000 
0.000000 0.000000 1.000000 0.000000 
0.000000 0.000000 1.000000 0.000000 
0.000000 0.000000 1.000000 0.000000 
0.000000 0.000000 0.999994 0.000006 
0.000000 0.000000 1.000000 0.000000 
0.000000 0.000000 0.999995 0.000005 
0.000000 0.000041 0.998054 0.001905 
0.000000 0.000026 0.997111 0.002864 
0.000000 0.001326 0.942590 0.056084 
0.000000 0.000197 0.179766 0.820037 
0.000000 0.000018 0.404510 0.595472 
0.000000 0.000007 0.068095 0.931897 
0.000000 0.000287 0.507013 0.492700 
0.000000 0.002081 0.988917 0.009003 
0.000000 0.000296 0.998696 0.001008 
0.000000 0.000098 0.222629 0.777273 
0.000000 0.000139 0.180868 0.818993 
0.000000 0.021335 0.910883 0.067782 
0.000000 0.004329 0.349282 0.646389 
0.000000 0.004250 0.987188 0.008562 
0.000000 0.007748 0.926614 0.065638 
0.000000 0.002226 0.537442 0.460332 
0.000000 0.000396 0.533174 0.466431 
0.000000 0.002735 0.518011 0.479254 
0.000000 0.001741 0.758524 0.239735 
0.000000 0.000320 0.496932 0.502748 
0.000000 0.004475 0.695924 0.299602 
0.000000 0.001776 0.701205 0.297019 
0.000000 0.005869 0.811077 0.183054 
0.000000 0.001653 0.857836 0.140511 
0.000000 0.005110 0.021726 0.973164 
0.000000 0.054910 0.049472 0.895618 
0.000000 0.465567 0.490219 0.044214 
0.000000 0.481390 0.518609 0.000001 
0.000000 0.454995 0.545005 0.000000 
0.000000 0.720901 0.279086 0.000013 
0.000000 0.555829 0.444066 0.000105 
0.000000 0.522005 0.462118 0.015876 
0.000000 0.660012 0.166286 0.173702 
0.000000 0.874845 0.114494 0.010662 
0.000000 0.422024 0.338347 0.239628 
0.000000 0.293998 0.369095 0.336908 
0.000000 0.389962 0.564495 0.045543 
0.000000 0.480119 0.460146 0.059734 
0.000000 0.066208 0.444553 0.489239 
0.000000 0.000530 0.707391 0.292079 
0.000000 0.000024 0.667966 0.332010 
0.000000 0.000025 0.357955 0.642021 
0.000000 0.000000 0.327421 0.672579 
0.000000 0.000000 0.335016 0.664983 
0.000000 0.000000 0.148071 0.851929 
0.000000 0.000000 0.000604 0.999396 
0.000000 0.121460 0.780926 0.097615 
0.000000 0.361281 0.490186 0.148533 
0.000000 0.991111 0.004207 0.004682 
0.000000 0.156769 0.002649 0.840582 
0.000000 0.178327 0.259046 0.562627 
0.000000 0.397091 0.303548 0.299361 
0.000000 0.472735 0.523078 0.004188 
0.000000 0.926070 0.069142 0.004789 
0.000000 0.763451 0.236548 0.000001 
0.000000 0.571948 0.415382 0.012670 
0.000000 0.412221 0.333638 0.254141 
0.000000 0.397496 0.394893 0.207611 
0.000000 0.503488 0.083815 0.412697 
0.000000 0.931545 0.065538 0.002917 
0.000000 0.327682 0.672316 0.000002 
0.000000 0.311299 0.688701 0.000000 
0.000000 0.373490 0.626510 0.000000 
0.000000 0.543046 0.456954 0.000000 
0.000000 0.636735 0.363265 0.000000 
0.000000 0.595501 0.404499 0.000000 
0.000000 0.842259 0.157713 0.000028 
0.000000 0.556582 0.441650 0.001768 
0.000000 0.137126 0.361531 0.501342 
0.000000 0.024178 0.333617 0.642205 
0.000000 0.000891 0.476909 0.522200 
0.000000 0.014089 0.844627 0.141284 
0.000000 0.000000 0.718154 0.281846 
0.000000 0.000000 0.413018 0.586982 
0.000000 0.000104 0.590281 0.409615 
0.000000 0.049676 0.240284 0.710040 
0.000000 0.550141 0.444452 0.005407 
0.000000 0.501246 0.259497 0.239256 
0.000000 0.379662 0.241628 0.378710 
0.000000 0.401709 0.238091 0.360199 
0.000000 0.529221 0.470779 0.000000 
0.000000 0.469560 0.530440 0.000000 
0.000000 0.485661 0.514339 0.000000 
0.000000 0.555229 0.444771 0.000000 
0.000000 0.565727 0.434273 0.000000 
0.000000 0.601622 0.398230 0.000148 
0.000000 0.364145 0.455157 0.180698 
0.000000 0.609318 0.361656 0.029027 
0.000000 0.932869 0.064233 0.002898 
0.000000 0.637558 0.362162 0.000280 
0.000000 0.739974 0.257096 0.002930 
0.000000 0.648718 0.351261 0.000021 
0.000000 0.505210 0.493908 0.000882 
0.000000 0.530347 0.458708 0.010944 
0.000000 0.895653 0.096221 0.008127 
0.000000 0.644647 0.355280 0.000074 
0.000000 0.386502 0.610476 0.003022 
0.000000 0.513467 0.486062 0.000472 
0.000000 0.699654 0.299512 0.000834 
0.000000 0.601991 0.230330 0.167679 
0.000000 0.258491 0.004555 0.736954 
0.000000 0.378649 0.241694 0.379657 
0.000000 0.329520 0.321478 0.349002 
0.000000 0.175609 0.809839 0.014552 
0.000000 0.318029 0.681970 0.000000 
0.000000 0.406602 0.584613 0.008785 
0.000000 0.671873 0.327859 0.000268 
0.000000 0.670842 0.329155 0.000002 
0.000000 0.467947 0.532053 0.000000 
0.000000 0.349487 0.602018 0.048495 
0.000000 0.356606 0.624237 0.019158 
0.000000 0.812180 0.140452 0.047368 
0.000000 0.422570 0.001171 0.576258 
0.000000 0.495083 0.000000 0.504917 
0.000000 0.247882 0.000836 0.751281 
0.000000 0.327216 0.346123 0.326661 
0.000000 0.495377 0.503668 0.000956 
0.000000 0.308421 0.410211 0.281368 
0.000000 0.195711 0.726382 0.077907 
0.000000 0.515897 0.484103 0.000000 
0.000000 0.565428 0.434572 0.000000 
0.000000 0.139997 0.860003 0.000000 
0.000000 0.190907 0.796834 0.012259 
0.000000 0.032221 0.965407 0.002372 
0.000000 0.152213 0.847642 0.000145 
0.000000 0.481692 0.518308 0.000000 
0.000000 0.952666 0.047334 0.000000 
0.000000 0.958675 0.041325 0.000000 
0.000000 0.997141 0.002859 0.000000 
0.000000 0.999682 0.000318 0.000000 
0.000000 0.999968 0.000027 0.000006 
0.000000 0.989998 0.000477 0.009525 
0.000000 0.823132 0.176868 0.000000 
0.000000 0.989402 0.000000 0.010598 
0.000000 0.999841 0.000012 0.000147 
0.000000 0.952731 0.000000 0.047269 
0.000000 0.744379 0.000000 0.255621 
0.000000 0.039461 0.000000 0.960539 
0.000000 0.042972 0.000000 0.957028 
0.000000 0.004886 0.000000 0.995114 
0.000000 0.036023 0.000000 0.963977 
0.000000 0.024465 0.000000 0.975535 
0.000000 0.003304 0.000000 0.996696 
0.000000 0.000232 0.000000 0.999768 
0.000000 0.001758 0.000000 0.998242 
0.000001 0.033615 0.000000 0.966384 
0.000000 0.000014 0.000000 0.999986 
0.000000 0.000093 0.000000 0.999907 
0.000000 0.000065 0.000000 0.999934 
0.000000 0.000119 0.000000 0.999881 
0.000001 0.039811 0.000000 0.960189 
0.000000 0.555379 0.000000 0.444621 
0.000000 0.002516 0.000000 0.997484 
0.000000 0.103944 0.000000 0.896056 
0.000000 0.704207 0.000000 0.295793 
0.000000 0.145254 0.000000 0.854746 
0.000000 0.517699 0.000000 0.482301 
0.000000 0.460367 0.000000 0.539633 
0.000000 0.998271 0.000000 0.001729 
0.000000 0.407213 0.000000 0.592787 
0.000000 0.606985 0.000000 0.393015 
0.000000 0.998569 0.000000 0.001431 
0.000000 1.000000 0.000000 0.000000 
0.000000 0.419831 0.000000 0.580169 
0.000000 0.414804 0.000000 0.585196 
0.000000 0.503127 0.000000 0.496873 
0.000000 0.788219 0.000000 0.211781 
0.000000 0.897904 0.000000 0.102096 
0.000000 0.988834 0.000000 0.011166 
0.000000 0.546885 0.000000 0.453115 
0.000000 0.194496 0.000000 0.805504 
0.000000 0.090382 0.000001 0.909616 
0.000000 0.285782 0.700593 0.013625 
0.000000 0.059263 0.280318 0.660419 
0.000000 0.130043 0.490193 0.379763 
0.000000 0.214814 0.782143 0.003043 
0.000000 0.617305 0.382692 0.000003 
0.000000 0.999807 0.000193 0.000000 
0.000000 0.922388 0.077612 0.000000 
0.000000 0.599633 0.400367 0.000000 
0.000000 0.556697 0.443303 0.000000 
0.000000 0.681375 0.318625 0.000000 
0.000000 0.716753 0.283247 0.000000 
0.000000 0.903522 0.096474 0.000004 
0.000000 0.931199 0.068800 0.000001 
0.000000 1.000000 0.000000 0.000000 
0.000000 0.933196 0.066804 0.000000 
0.000000 0.899756 0.100244 0.000000 
0.000000 0.143565 0.856435 0.000000 
0.000000 0.063214 0.936786 0.000000 
0.000000 0.060589 0.939411 0.000000 
0.000000 0.071049 0.928951 0.000000 
0.000000 0.031827 0.968173 0.000000 
0.000000 0.000694 0.999306 0.000000 
0.000000 0.000109 0.999891 0.000000 
0.000000 0.000012 0.999988 0.000000 
0.000000 0.000191 0.999808 0.000000 
0.000000 0.003592 0.996391 0.000017 
0.000000 0.000598 0.999401 0.000000 
0.000000 0.006416 0.993582 0.000002 
0.000000 0.014983 0.985017 0.000001 
0.000000 0.009707 0.990261 0.000032 
0.000000 0.003237 0.550652 0.446111 
0.000000 0.000048 0.999579 0.000374 
0.000000 0.001068 0.998686 0.000246 
0.000000 0.000006 0.999987 0.000008 
0.000000 0.000001 0.999910 0.000089 
0.000000 0.000013 0.999986 0.000001 
0.000000 0.000018 0.999979 0.000003 
0.000000 0.000002 0.999998 0.000000 
0.000000 0.000000 1.000000 0.000000 
0.000000 0.000000 1.000000 0.000000 
0.000000 0.000000 1.000000 0.000000 
0.000000 0.000000 1.000000 0.000000 
0.000000 0.000000 0.999999 0.000001 
0.000000 0.000000 0.999999 0.000001 
0.000000 0.000000 0.999356 0.000644 
0.000000 0.000000 0.999917 0.000083 
0.000000 0.000000 0.999844 0.000156 
0.000000 0.000000 0.999999 0.000001 
0.000000 0.000000 1.000000 0.000000 
0.000000 0.000000 1.000000 0.000000 
0.000000 0.000000 1.000000 0.000000 
0.000000 0.000000 1.000000 0.000000 
0.000000 0.000000 1.000000 0.000000 
0.000000 0.000000 1.000000 0.000000 
0.000000 0.000000 1.000000 0.000000 
0.000000 0.000000 1.000000 0.000000 
0.000000 0.000000 1.000000 0.000000 
0.000000 0.000000 0.999996 0.000004 
0.000000 0.000000 0.999316 0.000684 
0.000000 0.000000 0.999835 0.000165 
0.000000 0.000000 0.999931 0.000069 
0.000000 0.000000 0.999878 0.000122 
0.000000 0.000000 0.999869 0.000131 
0.000000 0.000000 0.900666 0.099334 
0.000000 0.000000 0.509690 0.490310 
0.000000 0.000000 0.637646 0.362354 
0.000000 0.000000 0.971077 0.028923 
0.000000 0.000000 0.989354 0.010646 
0.000000 0.000000 0.769367 0.230633 
0.000000 0.000000 0.736924 0.263076 
0.000000 0.000000 0.877070 0.122930 
0.000000 0.000000 0.038959 0.961041 
0.000000 0.000000 0.810691 0.189309 
0.000000 0.000000 0.985665 0.014335 
0.000000 0.000000 0.633871 0.366129 
0.000000 0.000000 0.720144 0.279856 
0.000000 0.000000 0.529994 0.470006 
0.000000 0.000000 0.034862 0.965138 
0.000000 0.000000 0.212910 0.787090 
0.000000 0.000000 0.297047 0.702953 
0.000000 0.000000 0.349985 0.650015 
0.000000 0.000000 0.984566 0.015434 
0.000000 0.000000 0.994425 0.005575 
0.000000 0.000000 0.431490 0.568510 
0.000000 0.000000 0.094708 0.905292 
0.000000 0.000000 0.236666 0.763334 
0.000000 0.000000 0.566993 0.433007 
0.000000 0.000000 0.673284 0.326716 
0.000000 0.000000 0.999911 0.000089 
0.000000 0.000000 0.999940 0.000060 
0.000000 0.000000 0.999999 0.000001 
0.000000 0.000000 0.999994 0.000006 
0.000000 0.000000 0.999882 0.000118 
0.000000 0.000000 0.991420 0.008580 
0.000000 0.000000 0.999998 0.000002 
0.000000 0.000000 0.999920 0.000080 
0.000000 0.000000 0.897860 0.102139 
0.000000 0.000000 0.003945 0.996055 
0.000000 0.000000 0.000206 0.999794 
0.000000 0.000002 0.017046 0.982952 
0.000000 0.000000 0.000331 0.999669 
0.000000 0.000000 0.038049 0.961950 
0.000000 0.000000 0.953524 0.046475 
0.000000 0.000000 0.940095 0.059905 
0.000000 0.000000 0.502906 0.497094 
0.000000 0.000000 0.488171 0.511829 
0.000000 0.000000 0.490099 0.509901 
0.000000 0.000000 0.473371 0.526629 
0.000000 0.000001 0.771411 0.228588 
0.000000 0.000000 0.427024 0.572976 
0.000000 0.000000 0.287654 0.712346 
0.000000 0.000000 0.885993 0.114007 
0.000000 0.000000 0.335781 0.664219 
0.000000 0.000000 0.094656 0.905344 
0.000000 0.000000 0.891668 0.108332 
0.000000 0.000000 0.595160 0.404839 
0.000000 0.000000 0.043907 0.956093 
0.000000 0.000001 0.999992 0.000007 
0.000000 0.000056 0.998793 0.001150 
0.000000 0.000040 0.999885 0.000075 
0.000000 0.000010 0.997543 0.002447 
0.000000 0.000002 0.994448 0.005550 
0.000000 0.000045 0.995951 0.004005 
0.000000 0.000049 0.685963 0.313988 
0.000000 0.000001 0.825537 0.174462 
0.000000 0.000002 0.100923 0.899075 
0.000000 0.000002 0.768163 0.231835 
0.000000 0.000009 0.645754 0.354237 
0.000000 0.000006 0.000631 0.999363 
0.000000 0.000022 0.999973 0.000005 
0.000000 0.000007 0.976019 0.023975 
0.000000 0.000000 0.999045 0.000955 
0.000000 0.000000 0.986429 0.013571 
0.000000 0.000001 0.999994 0.000005 
0.000000 0.000008 0.998664 0.001328 
0.000000 0.000013 0.905636 0.094351 
0.000000 0.000022 0.941789 0.058189 
0.000000 0.000439 0.536692 0.462869 
0.000000 0.000150 0.508797 0.491053 
0.000000 0.000303 0.923897 0.075800 
0.000000 0.000302 0.142013 0.857685 
0.000000 0.000002 0.541170 0.458828 
0.000000 0.000004 0.508768 0.491228 
0.000000 0.000174 0.887087 0.112739 
0.000000 0.000028 0.942705 0.057267 
0.000000 0.000005 0.999820 0.000175 
0.000000 0.000002 0.999815 0.000183 
0.000000 0.000106 0.981994 0.017899 
0.000000 0.000380 0.081111 0.918509 
0.000000 0.000001 0.050144 0.949855 
0.000000 0.000059 0.008809 0.991132 
0.000000 0.000049 0.000083 0.999869 
0.000000 0.003251 0.000019 0.996730 
0.000000 0.111480 0.000041 0.888480 
0.000000 0.001612 0.000002 0.998386 
0.000000 0.000116 0.000014 0.999870 
0.000000 0.090387 0.000000 0.909613 
0.000000 0.311301 0.000000 0.688699 
0.000000 0.184142 0.000000 0.815858 
0.000000 0.238325 0.000000 0.761675 
0.000000 0.113395 0.000000 0.886605 
0.000000 0.330089 0.000000 0.669911 
0.000000 0.520602 0.000000 0.479398 
0.000000 0.991338 0.000000 0.008662 
0.000000 0.997775 0.000000 0.002225 
0.000000 0.572357 0.000000 0.427643 
0.000000 0.742122 0.000000 0.257878 
0.000000 0.890115 0.000000 0.109885 
0.000000 0.963405 0.000000 0.036595 
0.000000 0.984314 0.000000 0.015686 
0.000000 0.052822 0.000000 0.947178 
0.000000 0.319802 0.000000 0.680198 
0.000000 0.063038 0.000000 0.936962 
0.000000 0.024591 0.000000 0.975409 
0.000000 0.007064 0.000000 0.992936 
0.000000 0.098058 0.000000 0.901942 
0.000000 0.016701 0.000000 0.983299 
0.000000 0.542000 0.000000 0.458000 
0.000000 0.173253 0.000000 0.826747 
0.000000 0.855901 0.000000 0.144099 
0.000000 0.990074 0.000000 0.009926 
0.000000 0.471120 0.000000 0.528880 
0.000000 0.445543 0.000000 0.554457 
0.000000 0.487900 0.000000 0.512100 
0.000000 0.813505 0.000000 0.186495 
0.000000 0.529409 0.000000 0.470591 
0.000000 0.495278 0.000000 0.504722 
0.000000 0.724401 0.000000 0.275599 
0.000000 0.996772 0.000000 0.003228 
0.000000 0.868360 0.000000 0.131640 
0.000000 0.991396 0.000000 0.008604 
0.000000 0.950466 0.000000 0.049534 
0.000000 0.023489 0.000000 0.976511 
0.000000 0.085464 0.000000 0.914536 
0.000000 0.165708 0.000000 0.834292 
0.000000 0.129000 0.000000 0.871000 
0.000000 0.985522 0.000000 0.014478 
0.000000 0.470929 0.000000 0.529071 
0.000000 0.918852 0.000000 0.081148 
0.000000 0.999904 0.000000 0.000096 
0.000000 0.999987 0.000000 0.000013 
0.000000 0.999891 0.000000 0.000109 
0.000000 0.652225 0.000000 0.347775 
0.000000 0.686739 0.000000 0.313261 
0.000000 0.088551 0.000000 0.911449 
0.000000 0.855037 0.000000 0.144963 
0.000000 0.090952 0.000000 0.909048 
0.000000 0.202253 0.000000 0.797747 
0.000000 0.197011 0.000000 0.802989 
0.000000 0.627862 0.000000 0.372138 
0.000000 0.797361 0.000000 0.202639 
0.000000 0.863358 0.000000 0.136642 
0.000000 0.135699 0.000000 0.864301 
0.000000 0.054743 0.000000 0.945257 
0.000000 0.035027 0.000000 0.964973 
0.000000 0.014059 0.000000 0.985941 
0.000000 0.999911 0.000000 0.000089 
0.000000 0.996555 0.000000 0.003445 
0.000000 0.658031 0.000000 0.341969 
0.000000 0.681213 0.000000 0.318787 
0.000000 0.483155 0.000000 0.516845 
0.000000 0.068140 0.000000 0.931860 
0.000000 0.007431 0.000000 0.992569 
0.000000 0.275770 0.000000 0.724230 
0.000000 0.009961 0.000000 0.990039 
0.000000 0.719377 0.000000 0.280623 
0.000000 0.733596 0.000000 0.266404 
0.000000 0.823107 0.000000 0.176893 
0.000000 0.008325 0.000000 0.991675 
0.000000 0.024192 0.000000 0.975808 
0.000000 0.233343 0.000000 0.766657 
0.000000 0.392451 0.000000 0.607548 
0.000000 0.668555 0.000000 0.331445 
0.000000 0.989256 0.000000 0.010744 
0.000000 0.999435 0.000000 0.000565 
0.000000 0.343270 0.000000 0.656730 
0.000000 0.058035 0.000000 0.941965 
0.000000 0.265338 0.000000 0.734662 
0.000000 0.019739 0.000000 0.980261 
0.000000 0.007800 0.000000 0.992200 
0.000000 0.014084 0.000000 0.985916 
0.000000 0.045013 0.000010 0.954977 
0.000000 0.086140 0.000103 0.913757 
0.000000 0.999959 0.000041 0.000000 
0.000000 1.000000 0.000000 0.000000 
0.000000 1.000000 0.000000 0.000000 
0.000000 0.999633 0.000113 0.000254 
0.000000 0.994726 0.005266 0.000008 
0.000000 0.994118 0.000058 0.005824 
0.000000 0.089096 0.000002 0.910902 
0.000000 0.156840 0.000000 0.843160 
0.000000 0.021494 0.000000 0.978506 
0.000000 0.980488 0.000000 0.019512 
0.000000 0.340852 0.000000 0.659148 
0.000000 0.596543 0.000000 0.403457 
0.000000 0.665757 0.000000 0.334243 
0.000000 0.684174 0.000000 0.315826 
0.000000 0.729267 0.000000 0.270733 
0.000000 0.966489 0.000000 0.033511 
0.000000 0.572653 0.000000 0.427347 
0.000000 0.997495 0.000000 0.002505 
0.000000 0.846199 0.000000 0.153801 
0.000000 0.374120 0.000000 0.625880 
0.000000 0.751200 0.000000 0.248800 
0.000000 0.467036 0.000000 0.532964 
0.000000 0.509147 0.000000 0.490853 
0.000000 0.746116 0.000000 0.253884 
0.000000 0.836717 0.000000 0.163283 
0.000000 0.366567 0.000000 0.633433 
0.000000 0.989560 0.000000 0.010440 
0.000000 1.000000 0.000000 0.000000 
0.000000 1.000000 0.000000 0.000000 
0.000000 1.000000 0.000000 0.000000 
0.000000 1.000000 0.000000 0.000000 
0.000000 0.998534 0.000000 0.001466 
0.000000 0.929424 0.000000 0.070576 
0.000000 0.121379 0.000007 0.878614 
0.000000 0.929383 0.000042 0.070574 
0.000000 0.929110 0.009838 0.061052 
0.000000 0.996288 0.000062 0.003650 
0.000000 0.954754 0.000727 0.044520 
0.000000 0.405662 0.000038 0.594301 
0.000000 0.721627 0.000003 0.278370 
0.000000 0.491928 0.000001 0.508072 
0.000000 0.470879 0.000005 0.529116 
0.000000 0.722805 0.000595 0.276600 
0.000000 0.367163 0.000000 0.632837 
0.000000 0.650729 0.000000 0.349271 
0.000000 0.403605 0.000000 0.596395 
0.000000 0.126712 0.000000 0.873288 
0.000000 0.533465 0.000000 0.466535 
0.000000 0.334366 0.000000 0.665634 
0.000000 0.998279 0.000000 0.001721 
0.000000 0.990487 0.000000 0.009513 
0.000000 0.344911 0.000000 0.655089 
0.000000 0.854254 0.000000 0.145746 
0.000000 0.986864 0.000000 0.013136 
0.000000 0.767432 0.000000 0.232568 
0.000000 0.506144 0.000000 0.493856 
0.000000 0.694337 0.000000 0.305663 
0.000000 0.337406 0.000000 0.662594 
0.000000 0.192931 0.000000 0.807069 
0.000000 0.269087 0.000000 0.730913 
0.000000 0.136698 0.000000 0.863302 
0.000000 0.483268 0.000000 0.516732 
0.000000 0.811314 0.000000 0.188686 
0.000000 0.941100 0.000000 0.058900 
0.000000 0.661968 0.000000 0.338032 
0.000000 0.999761 0.000000 0.000239 
0.000000 0.994899 0.000000 0.005101 
0.000000 0.738164 0.000000 0.261836 
0.000000 0.999909 0.000000 0.000091 
0.000000 0.999996 0.000000 0.000004 
0.000000 0.999995 0.000000 0.000005 
0.000000 1.000000 0.000000 0.000000 
0.000000 1.000000 0.000000 0.000000 
0.000000 1.000000 0.000000 0.000000 
0.000000 1.000000 0.000000 0.000000 
0.000000 1.000000 0.000000 0.000000 
0.000000 1.000000 0.000000 0.000000 
0.000000 0.999975 0.000025 0.000000 
0.000000 0.999380 0.000620 0.000000 
0.000000 0.997443 0.002557 0.000000 
0.000000 0.989495 0.010505 0.000000 
0.000000 0.716972 0.283028 0.000000 
0.000000 0.508231 0.491769 0.000000 
0.000000 0.391276 0.608724 0.000000 
0.000000 0.413220 0.586780 0.000000 
0.000000 0.509604 0.490396 0.000000 
0.000000 0.569930 0.430070 0.000000 
0.000000 0.598394 0.401606 0.000000 
0.000000 0.569104 0.430896 0.000000 
0.000000 0.524038 0.475962 0.000000 
0.000000 0.587010 0.412990 0.000000 
0.000000 0.956990 0.043010 0.000000 
0.000000 0.980594 0.019406 0.000000 
0.000000 0.999198 0.000802 0.000000 
0.000000 0.999999 0.000001 0.000000 
0.000000 0.972843 0.027157 0.000000 
0.000000 0.998078 0.001922 0.000000 
0.000000 0.999814 0.000186 0.000000 
0.000000 1.000000 0.000000 0.000000 
0.000000 0.999998 0.000002 0.000000 
0.000000 0.982776 0.017224 0.000000 
0.000000 0.164714 0.835286 0.000000 
0.000000 0.255441 0.744559 0.000000 
0.000000 0.398902 0.601098 0.000000 
0.000000 0.694255 0.305745 0.000000 
0.000000 0.208276 0.791724 0.000000 
0.000000 0.875977 0.124023 0.000000 
0.000000 0.997759 0.002241 0.000000 
0.000000 0.993771 0.006229 0.000000 
0.000000 0.992574 0.007426 0.000000 
0.000000 0.999922 0.000077 0.000000 
0.000000 1.000000 0.000000 0.000000 
0.000000 1.000000 0.000000 0.000000 
0.000000 1.000000 0.000000 0.000000 
0.000000 1.000000 0.000000 0.000000 
0.000000 1.000000 0.000000 0.000000 
0.000000 0.999982 0.000007 0.000011 
0.000000 0.999565 0.000001 0.000434 
0.000000 0.993906 0.000001 0.006093 
0.000000 0.999194 0.000000 0.000806 
0.000000 0.999984 0.000000 0.000016 
0.000000 1.000000 0.000000 0.000000 
0.000000 0.997177 0.000000 0.002823 
0.000000 0.991930 0.000001 0.008069 
0.000000 0.998585 0.000000 0.001415 
0.000000 0.947420 0.000000 0.052580 
0.000000 0.999865 0.000000 0.000135 
0.000000 0.999992 0.000000 0.000008 
0.000000 1.000000 0.000000 0.000000 
0.000000 1.000000 0.000000 0.000000 
0.000000 1.000000 0.000000 0.000000 
0.000000 1.000000 0.000000 0.000000 
0.000000 1.000000 0.000000 0.000000 
0.000000 1.000000 0.000000 0.000000 
0.000000 1.000000 0.000000 0.000000 
0.000000 1.000000 0.000000 0.000000 
0.000000 1.000000 0.000000 0.000000 
0.000000 1.000000 0.000000 0.000000 
0.000000 1.000000 0.000000 0.000000 
0.000000 1.000000 0.000000 0.000000 
0.000000 1.000000 0.000000 0.000000 
0.000000 1.000000 0.000000 0.000000 
0.000000 1.000000 0.000000 0.000000 
0.000000 1.000000 0.000000 0.000000 
0.000000 1.000000 0.000000 0.000000 
0.000000 1.000000 0.000000 0.000000 
0.000000 1.000000 0.000000 0.000000 
0.000000 1.000000 0.000000 0.000000 
0.000000 1.000000 0.000000 0.000000 
0.000000 1.000000 0.000000 0.000000 
0.000000 1.000000 0.000000 0.000000 
0.000000 1.000000 0.000000 0.000000 
0.000000 1.000000 0.000000 0.000000 
0.000000 0.999963 0.000000 0.000037 
0.000000 0.992051 0.000000 0.007949 
0.000000 0.741972 0.000000 0.258028 
0.000000 0.940209 0.000000 0.059791 
0.000000 0.999878 0.000000 0.000122 
0.000000 0.939991 0.000000 0.060009 
0.000000 0.963600 0.000000 0.036400 
0.000000 0.552091 0.000000 0.447909 
0.000000 0.325494 0.000000 0.674506 
0.000000 0.249004 0.000000 0.750996 
0.000000 0.700090 0.000000 0.299910 
0.000000 0.890872 0.000000 0.109128 
0.000000 0.193021 0.000000 0.806979 
0.000000 0.272287 0.000000 0.727713 
0.000000 0.382562 0.000000 0.617438 
0.000000 0.224330 0.000000 0.775670 
0.000000 0.556377 0.000000 0.443623 
0.000000 0.454677 0.000000 0.545323 
0.000000 0.716229 0.000000 0.283771 
0.000000 0.727383 0.000000 0.272617 
0.000000 0.867059 0.000000 0.132941 
0.000000 0.202118 0.000000 0.797882 
0.000000 0.237019 0.000000 0.762981 
0.000000 0.604248 0.000000 0.395752 
0.000000 0.962632 0.000000 0.037368 
0.000000 0.899372 0.000000 0.100628 
0.000000 0.999407 0.000000 0.000593 
0.000000 0.999754 0.000000 0.000246 
0.000000 0.986617 0.000000 0.013383 
0.000000 0.946891 0.000000 0.053109 
0.000000 0.781016 0.000000 0.218984 
0.000000 0.886753 0.000000 0.113247 
0.000000 0.157258 0.000000 0.842742 
0.000000 0.951864 0.000000 0.048136 
0.000000 0.886211 0.000000 0.113789 
0.000000 0.240326 0.000000 0.759674 
0.000000 0.917085 0.000001 0.082914 
0.000000 0.946623 0.000000 0.053377 
0.000000 0.468084 0.000000 0.531916 
0.000000 0.737411 0.000000 0.262589 
0.000000 0.937838 0.000010 0.062152 
0.000000 0.999095 0.000043 0.000862 
0.000000 0.835703 0.164297 0.000000 
0.000000 0.999899 0.000101 0.000000 
0.000000 0.999992 0.000008 0.000000 
0.000000 0.999688 0.000312 0.000000 
0.000000 0.999010 0.000990 0.000000 
0.000000 0.999967 0.000033 0.000000 
0.000000 0.999972 0.000028 0.000000 
0.000000 0.999981 0.000019 0.000000 
0.000000 0.999851 0.000149 0.000000 
0.000000 0.998952 0.001048 0.000000 
0.000000 0.999434 0.000566 0.000000 
0.000000 0.982483 0.017517 0.000000 
0.000000 0.996879 0.003121 0.000000 
0.000000 0.990500 0.009500 0.000000 
0.000000 0.793706 0.206294 0.000000 
0.000000 0.929567 0.070433 0.000000 
0.000000 0.961493 0.038507 0.000000 
0.000000 0.996687 0.003313 0.000000 
0.000000 0.987687 0.012313 0.000000 
0.000000 0.973427 0.026573 0.000000 
0.000000 0.939594 0.060406 0.000000 
0.000000 0.494184 0.505816 0.000000 
0.000000 0.557010 0.442990 0.000000 
0.000000 0.749447 0.250553 0.000000 
0.000000 0.983385 0.016615 0.000000 
0.000000 0.726254 0.273746 0.000000 
0.000000 0.044753 0.955247 0.000000 
0.000000 0.158863 0.841137 0.000000 
0.000000 0.286799 0.713201 0.000000 
0.000000 0.120759 0.879241 0.000000 
0.000000 0.314646 0.685354 0.000000 
0.000000 0.676804 0.323196 0.000000 
0.000000 0.637309 0.362691 0.000001 
0.000000 0.526392 0.299490 0.174118 
0.000000 0.304229 0.459660 0.236112 
0.000000 0.358151 0.233204 0.408645 
0.000000 0.351075 0.268994 0.379931 
0.000000 0.253718 0.475523 0.270759 
0.000000 0.487974 0.065424 0.446602 
0.000000 0.182035 0.245242 0.572723 
0.000000 0.704702 0.002744 0.292553 
0.000000 0.990486 0.000000 0.009513 
0.000000 0.999311 0.000621 0.000067 
0.000000 0.974226 0.025736 0.000038 
0.000000 0.999751 0.000229 0.000019 
0.000000 0.988605 0.008999 0.002396 
0.000000 0.172229 0.827724 0.000047 
0.000000 0.065482 0.934484 0.000034 
0.000000 0.619260 0.380739 0.000001 
0.000000 0.575400 0.424599 0.000001 
0.000000 0.686941 0.293450 0.019608 
0.000000 0.270778 0.248000 0.481222 
0.000000 0.066497 0.515084 0.418419 
0.000000 0.105345 0.550700 0.343955 
0.000000 0.327731 0.302736 0.369533 
0.000000 0.339637 0.631416 0.028947 
0.000000 0.387670 0.282617 0.329713 
0.000000 0.748540 0.004475 0.246985 
0.000000 0.627266 0.000695 0.372039 
0.000000 0.938159 0.017963 0.043878 
0.000000 0.557512 0.313889 0.128599 
0.000000 0.268735 0.704517 0.026748 
0.000000 0.197627 0.567761 0.234612 
0.000000 0.209757 0.231891 0.558352 
0.000000 0.331133 0.145285 0.523582 
0.000000 0.385241 0.614356 0.000403 
0.000000 0.130715 0.519781 0.349504 
0.000000 0.017797 0.395018 0.587186 
0.000000 0.053687 0.938588 0.007725 
0.000000 0.006276 0.520984 0.472740 
0.000000 0.000035 0.682486 0.317479 
0.000000 0.012833 0.820702 0.166464 
0.000000 0.000007 0.791871 0.208122 
0.000000 0.000018 0.498081 0.501902 
0.000000 0.000000 0.841349 0.158651 
0.000000 0.000000 0.822682 0.177318 
0.000000 0.000000 0.977906 0.022094 
0.000000 0.000000 0.351097 0.648903 
0.000000 0.000000 0.010069 0.989931 
0.000000 0.000000 0.000000 1.000000 
0.000000 0.000000 0.000101 0.999899 
0.000000 0.000000 0.003308 0.996692 
0.000000 0.000000 0.000600 0.999400 
0.000000 0.000000 0.000000 1.000000 
0.000000 0.000000 0.000000 1.000000 
0.000000 0.000000 0.000000 1.000000 
0.000000 0.000000 0.000000 1.000000 
0.000000 0.000000 0.000008 0.999992 
0.000000 0.000000 0.452444 0.547556 
0.000000 0.000000 0.158400 0.841600 
0.000000 0.000000 0.000003 0.999997 
0.000000 0.000001 0.002767 0.997232 
0.000000 0.000004 0.000866 0.999130 
0.000000 0.000000 0.983216 0.016784 
0.000000 0.000000 0.999862 0.000138 
0.000000 0.000000 0.999988 0.000012 
0.000000 0.000000 0.999881 0.000119 
0.000000 0.000000 0.999991 0.000009 
0.000000 0.000000 0.906518 0.093482 
0.000000 0.000001 0.998020 0.001979 
0.000000 0.000011 0.917423 0.082566 
0.000000 0.000289 0.994821 0.004890 
0.000000 0.000155 0.989483 0.010362 
0.000000 0.004261 0.851939 0.143800 
0.000000 0.000001 0.002391 0.997608 
0.000000 0.000026 0.100004 0.899970 
0.000000 0.000647 0.259937 0.739416 
0.000000 0.006215 0.619945 0.373840 
0.000000 0.003341 0.054241 0.942418 
0.000000 0.015519 0.255518 0.728963 
0.000000 0.128165 0.555958 0.315877 
0.000000 0.421063 0.496118 0.082819 
0.000000 0.237293 0.415107 0.347600 
0.000000 0.562767 0.034929 0.402304 
0.000000 0.608802 0.380928 0.010269 
0.000000 0.964147 0.035853 0.000000 
0.000000 0.877046 0.058120 0.064834 
0.000000 0.410168 0.000200 0.589632 
0.000000 0.426413 0.000898 0.572689 
0.000000 0.505441 0.000019 0.494539 
0.000000 0.494491 0.000000 0.505509 
0.000000 0.997839 0.000787 0.001375 
0.000000 0.818984 0.009226 0.171790 
0.000000 0.677192 0.029004 0.293805 
0.000000 0.353274 0.269614 0.377112 
0.000000 0.397240 0.363109 0.239651 
0.000000 0.440929 0.429428 0.129644 
0.000000 0.445988 0.325941 0.228071 
0.000000 0.339323 0.166069 0.494608 
0.000000 0.469545 0.020360 0.510094 
0.000000 0.348499 0.016758 0.634743 
0.000000 0.967119 0.006228 0.026653 
0.000000 0.999833 0.000148 0.000019 
0.000000 0.815629 0.011717 0.172654 
0.000000 0.230696 0.000201 0.769103 
0.000000 0.207349 0.000014 0.792637 
0.000000 0.575343 0.000008 0.424650 
0.000000 0.997248 0.000109 0.002643 
0.000000 0.975612 0.000000 0.024388 
0.000000 0.350669 0.000000 0.649331 
0.000000 0.532156 0.000006 0.467838 
0.000000 0.378242 0.000006 0.621752 
0.000000 0.622264 0.000008 0.377728 
0.000000 0.986605 0.000000 0.013395 
0.000000 0.998322 0.000001 0.001677 
0.000000 0.999945 0.000046 0.000009 
0.000000 0.998607 0.000983 0.000410 
0.000000 0.999965 0.000005 0.000030 
0.000000 1.000000 0.000000 0.000000 
0.000000 0.999989 0.000011 0.000000 
0.000000 0.999996 0.000004 0.000000 
0.000000 0.987427 0.012573 0.000000 
