0.286780 0.280363 0.145706 0.287151 
0.332969 0.333283 0.002434 0.331315 
0.334963 0.331402 0.000067 0.333568 
0.344485 0.336482 0.000286 0.318747 
0.338557 0.330720 0.000000 0.330723 
0.350294 0.331532 0.000000 0.318174 
0.344559 0.335678 0.000000 0.319763 
0.344245 0.343663 0.000000 0.312092 
0.365164 0.356507 0.000019 0.278310 
0.394925 0.390537 0.173800 0.040738 
0.392762 0.388962 0.144619 0.073656 
0.396105 0.396016 0.140085 0.067794 
0.393294 0.395009 0.037029 0.174668 
0.381535 0.384078 0.230214 0.004173 
0.379050 0.381735 0.000459 0.238756 
0.365300 0.365921 0.000002 0.268777 
0.364619 0.361947 0.000002 0.273432 
0.354659 0.351017 0.000000 0.294324 
0.334698 0.332884 0.000000 0.332418 
0.341068 0.337064 0.000000 0.321868 
0.345925 0.343023 0.000000 0.311051 
0.334601 0.333121 0.000000 0.332278 
0.334633 0.333562 0.000000 0.331804 
0.346989 0.342386 0.000000 0.310625 
0.349226 0.337248 0.000000 0.313526 
0.352901 0.334089 0.000000 0.313010 
0.343532 0.332159 0.000000 0.324309 
0.358085 0.339993 0.000000 0.301922 
0.379604 0.362937 0.000035 0.257424 
0.373194 0.357158 0.000094 0.269554 
0.376814 0.360434 0.000014 0.262737 
0.360529 0.348901 0.000000 0.290570 
0.360144 0.353702 0.000007 0.286147 
0.353400 0.338562 0.000000 0.308038 
0.357620 0.352218 0.000000 0.290162 
0.353084 0.335846 0.000000 0.311070 
0.341520 0.319718 0.000000 0.338762 
0.335422 0.330247 0.000000 0.334331 
0.334647 0.329652 0.000000 0.335701 
0.333612 0.328732 0.000000 0.337655 
0.334084 0.337755 0.000000 0.328161 
0.336270 0.339038 0.000000 0.324692 
0.346876 0.345593 0.000000 0.307531 
0.346590 0.343667 0.000000 0.309743 
0.336957 0.333711 0.000000 0.329332 
0.338430 0.333616 0.000000 0.327954 
0.339688 0.335773 0.000000 0.324539 
0.347420 0.330888 0.000000 0.321692 
0.335141 0.333252 0.000000 0.331607 
0.335577 0.332718 0.000000 0.331705 
0.337838 0.340222 0.000000 0.321940 
0.338279 0.341842 0.000000 0.319879 
0.339363 0.335430 0.000000 0.325207 
0.336533 0.329505 0.000000 0.333962 
0.335518 0.322588 0.000000 0.341894 
0.338593 0.325184 0.000000 0.336224 
0.340186 0.316498 0.000000 0.343317 
0.356623 0.329440 0.000000 0.313937 
0.361175 0.322383 0.000000 0.316442 
0.357324 0.322518 0.000000 0.320158 
0.345941 0.330578 0.000000 0.323480 
0.356620 0.329533 0.000000 0.313847 
0.355340 0.317192 0.000000 0.327468 
0.357443 0.331363 0.000000 0.311194 
0.378984 0.317799 0.000000 0.303217 
0.372304 0.344884 0.000002 0.282810 
0.377684 0.335907 0.000004 0.286405 
0.373591 0.340336 0.000001 0.286073 
0.383321 0.361689 0.001105 0.253886 
0.377256 0.348649 0.000006 0.274090 
0.393672 0.353835 0.001462 0.251032 
0.390739 0.352845 0.000560 0.255856 
0.401273 0.363399 0.071825 0.163503 
0.409066 0.363194 0.153613 0.074127 
0.408405 0.361275 0.067766 0.162554 
0.409548 0.359396 0.053989 0.177067 
0.402637 0.363320 0.019279 0.214764 
0.402269 0.362859 0.059902 0.174970 
0.404993 0.341758 0.003380 0.249869 
0.416084 0.336556 0.019419 0.227942 
0.419724 0.323191 0.250767 0.006318 
0.429138 0.294362 0.271943 0.004558 
0.424771 0.303351 0.268925 0.002953 
0.432952 0.285296 0.202397 0.079355 
0.418538 0.299748 0.281350 0.000364 
0.391066 0.264995 0.343807 0.000132 
0.367260 0.000464 0.381020 0.251256 
0.424617 0.233194 0.311094 0.031096 
0.426998 0.043868 0.205698 0.323435 
0.415977 0.010870 0.235832 0.337321 
0.401700 0.028193 0.195001 0.375106 
0.403938 0.000484 0.258556 0.337022 
0.412989 0.071470 0.152199 0.363342 
0.399789 0.084130 0.127984 0.388097 
0.402202 0.095858 0.119442 0.382498 
0.419658 0.037338 0.203337 0.339667 
0.399734 0.173702 0.044711 0.381854 
0.390573 0.221217 0.009561 0.378649 
0.394397 0.027995 0.193984 0.383624 
0.396757 0.011420 0.222306 0.369517 
0.379584 0.000272 0.248513 0.371631 
0.374881 0.000008 0.261026 0.364085 
0.364728 0.000003 0.272196 0.363073 
0.371494 0.000075 0.258910 0.369521 
0.380475 0.000274 0.239669 0.379581 
0.385385 0.000413 0.242733 0.371470 
0.391920 0.000476 0.247540 0.360064 
0.396606 0.000031 0.277720 0.325643 
0.383013 0.000005 0.277698 0.339284 
0.397503 0.000243 0.264713 0.337541 
0.393352 0.000398 0.264014 0.342236 
0.385586 0.000345 0.259696 0.354373 
0.388894 0.000001 0.311700 0.299404 
0.381395 0.000008 0.281076 0.337521 
0.357154 0.000000 0.301223 0.341623 
0.357159 0.000000 0.338618 0.304223 
0.352426 0.000000 0.340500 0.307074 
0.351468 0.000000 0.351225 0.297307 
0.350727 0.000000 0.350154 0.299119 
0.338993 0.000000 0.330819 0.330189 
0.351662 0.000000 0.350676 0.297661 
0.347330 0.000000 0.349021 0.303649 
0.351307 0.000001 0.353119 0.295573 
0.348828 0.000000 0.345112 0.306060 
0.347549 0.000000 0.345196 0.307255 
0.366747 0.000001 0.364044 0.269208 
0.383940 0.000577 0.375650 0.239833 
0.368980 0.000000 0.333398 0.297621 
0.374769 0.000000 0.321244 0.303987 
0.378364 0.000000 0.322145 0.299491 
0.376891 0.000001 0.294306 0.328802 
0.397470 0.000025 0.297309 0.305195 
0.388258 0.000034 0.273929 0.337779 
0.382705 0.000107 0.276211 0.340977 
0.392943 0.000019 0.278170 0.328868 
0.407998 0.002357 0.250273 0.339371 
0.407705 0.000907 0.259293 0.332095 
0.417688 0.003264 0.257082 0.321966 
0.421040 0.001856 0.265628 0.311476 
0.425427 0.035761 0.213035 0.325777 
0.432515 0.004703 0.272763 0.290019 
0.434130 0.006570 0.286522 0.272779 
0.435258 0.115081 0.309557 0.140104 
0.447950 0.152929 0.283134 0.115988 
0.442958 0.081219 0.297548 0.178275 
0.419416 0.249548 0.322699 0.008338 
0.432949 0.172516 0.320444 0.074091 
0.426875 0.151883 0.331289 0.089953 
0.429141 0.154064 0.329770 0.087025 
0.405652 0.001047 0.339789 0.253512 
0.385610 0.000030 0.352190 0.262169 
0.390563 0.000159 0.354205 0.255072 
0.379668 0.000006 0.350226 0.270100 
0.361381 0.000000 0.340339 0.298280 
0.400524 0.062720 0.372673 0.164083 
0.388033 0.016257 0.372300 0.223409 
0.383530 0.244003 0.369325 0.003142 
0.377079 0.001635 0.371637 0.249650 
0.395493 0.143385 0.385002 0.076120 
0.390272 0.210264 0.385540 0.013924 
0.382092 0.000577 0.379203 0.238128 
0.387103 0.001084 0.379069 0.232744 
0.378194 0.000043 0.367653 0.254110 
0.402867 0.109059 0.385645 0.102428 
0.396185 0.092144 0.397792 0.113880 
0.411055 0.131109 0.360431 0.097406 
0.403083 0.029305 0.368907 0.198705 
0.397471 0.001341 0.358864 0.242325 
0.393085 0.000382 0.358039 0.248494 
0.247404 0.000000 0.215373 0.537223 
0.356658 0.000000 0.349352 0.293991 
0.390549 0.000173 0.355264 0.254014 
0.364419 0.000000 0.288809 0.346772 
0.387737 0.000001 0.298144 0.314118 
0.375053 0.000000 0.321249 0.303698 
0.217046 0.000000 0.195393 0.587561 
0.348024 0.000000 0.329141 0.322835 
0.349055 0.000000 0.344240 0.306705 
0.356280 0.000000 0.330449 0.313272 
0.387284 0.000093 0.347648 0.264975 
0.365254 0.000000 0.342270 0.292476 
0.390833 0.001979 0.374647 0.232541 
0.391202 0.000102 0.349684 0.259013 
0.393199 0.203681 0.366387 0.036733 
0.407418 0.159012 0.369855 0.063715 
0.412086 0.003908 0.333170 0.250835 
0.397102 0.001841 0.359607 0.241450 
0.389082 0.000048 0.342307 0.268563 
0.408496 0.160423 0.368812 0.062268 
0.407749 0.022442 0.356766 0.213042 
0.402161 0.058298 0.370008 0.169532 
0.393574 0.201453 0.385762 0.019212 
0.394945 0.142096 0.396559 0.066400 
0.395577 0.093073 0.398438 0.112911 
0.385790 0.007860 0.384675 0.221675 
0.392578 0.019209 0.391043 0.197171 
0.400995 0.156098 0.381619 0.061289 
0.396588 0.040746 0.385625 0.177041 
0.395695 0.100620 0.398015 0.105670 
0.396335 0.050913 0.390426 0.162326 
0.393791 0.151598 0.396360 0.058251 
0.390111 0.092340 0.391107 0.126442 
0.396082 0.080914 0.391151 0.131853 
0.397403 0.060947 0.392266 0.149383 
0.395057 0.016707 0.381916 0.206320 
0.394692 0.003957 0.351158 0.250193 
0.404447 0.183365 0.357660 0.054528 
0.393459 0.238334 0.365987 0.002220 
0.398836 0.234454 0.357880 0.008830 
0.376089 0.264012 0.359881 0.000017 
0.375120 0.272105 0.352769 0.000006 
0.375119 0.277649 0.346776 0.000456 
0.368562 0.282044 0.349381 0.000013 
0.370042 0.304684 0.325274 0.000001 
0.360049 0.309644 0.330307 0.000000 
0.361981 0.296433 0.341586 0.000000 
0.361616 0.295233 0.343151 0.000000 
0.357826 0.295686 0.346488 0.000000 
0.362435 0.277959 0.359473 0.000134 
0.369054 0.281329 0.349517 0.000101 
0.368970 0.269268 0.361688 0.000074 
0.370746 0.261146 0.367875 0.000233 
0.374822 0.267545 0.356648 0.000985 
0.371554 0.000459 0.358488 0.269498 
0.375786 0.000026 0.350681 0.273507 
0.371121 0.000077 0.367928 0.260875 
0.401867 0.003740 0.351027 0.243366 
0.404368 0.000130 0.316874 0.278628 
0.423399 0.103961 0.336825 0.135815 
0.407235 0.000530 0.323085 0.269151 
0.403501 0.064975 0.375431 0.156093 
0.416160 0.076373 0.346250 0.161217 
0.420004 0.009081 0.310417 0.260498 
0.409751 0.008729 0.332526 0.248994 
0.420675 0.013304 0.254440 0.311580 
0.427646 0.248489 0.309477 0.014388 
0.419289 0.146649 0.343736 0.090326 
0.433471 0.111610 0.316108 0.138811 
0.436948 0.113604 0.306747 0.142701 
0.423693 0.003220 0.294235 0.278852 
0.431386 0.014805 0.295159 0.258649 
0.429236 0.003891 0.283397 0.283476 
0.445119 0.117481 0.278838 0.158561 
0.446786 0.133971 0.162950 0.256293 
0.450729 0.202642 0.195478 0.151151 
0.446365 0.257780 0.120751 0.175104 
0.448198 0.236011 0.180475 0.135316 
0.443557 0.079559 0.208227 0.268656 
0.446531 0.181981 0.268989 0.102498 
0.453426 0.205126 0.170790 0.170658 
0.448305 0.126092 0.244461 0.181141 
0.450522 0.153550 0.254687 0.141241 
0.449340 0.086418 0.204237 0.260005 
0.450907 0.103082 0.251252 0.194759 
0.445273 0.242170 0.054523 0.258034 
0.401649 0.201851 0.033464 0.363036 
0.438884 0.155060 0.104708 0.301348 
0.423914 0.004749 0.271428 0.299909 
0.442949 0.183951 0.113155 0.259945 
0.418883 0.028155 0.234077 0.318885 
0.438024 0.260831 0.024632 0.276513 
0.448527 0.249368 0.154945 0.147159 
0.443543 0.265053 0.098265 0.193139 
0.434541 0.286016 0.252992 0.026451 
0.438385 0.298824 0.136311 0.126480 
0.434684 0.267393 0.020857 0.277066 
0.438976 0.203460 0.070195 0.287369 
0.439801 0.141764 0.133570 0.284865 
0.439778 0.108542 0.160211 0.291469 
0.429963 0.105360 0.151634 0.313044 
0.433771 0.197482 0.074335 0.294412 
0.438640 0.136725 0.126042 0.298593 
0.420690 0.022373 0.229968 0.326968 
0.437054 0.022460 0.289929 0.250556 
0.425959 0.009659 0.259777 0.304605 
0.445631 0.068079 0.265073 0.221217 
0.441115 0.080129 0.188681 0.290075 
0.385444 0.155452 0.058633 0.400472 
0.416567 0.088877 0.185915 0.308640 
0.409398 0.225444 0.015908 0.349250 
0.393024 0.186524 0.037174 0.383278 
0.405061 0.242784 0.006723 0.345432 
0.401069 0.233582 0.009070 0.356279 
0.433865 0.272473 0.018804 0.274858 
0.442283 0.277724 0.106449 0.173543 
0.437210 0.304652 0.129668 0.128469 
0.431298 0.311420 0.081836 0.175446 
0.435297 0.304434 0.110685 0.149584 
0.438497 0.291896 0.154283 0.115324 
0.430735 0.310748 0.147298 0.111219 
0.421630 0.322234 0.175364 0.080772 
0.425831 0.317159 0.071367 0.185643 
0.434963 0.310037 0.165042 0.089958 
0.425303 0.317957 0.141395 0.115345 
0.405827 0.320885 0.001113 0.272176 
0.416500 0.310057 0.043953 0.229490 
0.388062 0.283826 0.328090 0.000022 
0.362039 0.214762 0.411439 0.011760 
0.393706 0.266593 0.339427 0.000273 
0.420813 0.279634 0.276965 0.022588 
0.436180 0.295174 0.241190 0.027457 
0.445955 0.272062 0.046925 0.235058 
0.450780 0.258142 0.100877 0.190201 
0.446182 0.252978 0.067442 0.233399 
0.436963 0.239808 0.028119 0.295110 
0.409763 0.000686 0.282235 0.307315 
0.413939 0.001251 0.287466 0.297344 
0.415590 0.012041 0.244179 0.328190 
0.400099 0.012282 0.229809 0.357810 
0.405717 0.087927 0.140132 0.366224 
0.386943 0.231773 0.001398 0.379885 
0.385478 0.252366 0.000088 0.362068 
0.377483 0.269707 0.000006 0.352804 
0.399274 0.259158 0.000236 0.341333 
0.406695 0.259294 0.000661 0.333350 
0.405060 0.238444 0.006718 0.349779 
0.412663 0.218888 0.022726 0.345722 
0.401629 0.225127 0.008236 0.365008 
0.428494 0.254108 0.016822 0.300576 
0.434490 0.249630 0.016212 0.299667 
0.453965 0.260766 0.139222 0.146048 
0.452739 0.268887 0.139133 0.139241 
0.444072 0.263010 0.025123 0.267795 
0.427628 0.265802 0.003923 0.302646 
0.403255 0.180984 0.040548 0.375213 
0.346395 0.167989 0.010670 0.474946 
0.271126 0.089089 0.031254 0.608532 
0.265243 0.076554 0.038476 0.619726 
0.306995 0.101897 0.052791 0.538317 
0.393019 0.187549 0.031957 0.387475 
0.425672 0.001520 0.285548 0.287260 
0.383099 0.000105 0.364407 0.252389 
0.402325 0.069500 0.383545 0.144630 
0.411693 0.191631 0.046044 0.350633 
0.289473 0.136620 0.005407 0.568499 
0.262426 0.128146 0.001676 0.607752 
0.261156 0.139574 0.000900 0.598370 
0.362814 0.247341 0.000072 0.389773 
0.282933 0.173678 0.000010 0.543379 
0.238938 0.159523 0.000000 0.601539 
0.222879 0.146468 0.000000 0.630653 
0.325144 0.262247 0.000000 0.412609 
0.244438 0.186933 0.000000 0.568629 
0.294013 0.248501 0.000000 0.457485 
0.398894 0.319329 0.000016 0.281762 
0.370058 0.266134 0.000012 0.363796 
0.384610 0.294382 0.000000 0.321007 
0.345919 0.280366 0.000000 0.373715 
0.392272 0.344104 0.000052 0.263572 
0.406344 0.361815 0.175177 0.056664 
0.405797 0.376715 0.140582 0.076906 
0.397903 0.380288 0.044983 0.176825 
0.393071 0.378226 0.224557 0.004146 
0.387002 0.340459 0.272517 0.000022 
0.384332 0.347264 0.000011 0.268393 
0.381608 0.355478 0.000016 0.262898 
0.398184 0.366349 0.007826 0.227641 
0.405065 0.365966 0.068757 0.160212 
0.393555 0.339962 0.000342 0.266142 
0.401254 0.335505 0.000310 0.262930 
0.387811 0.318679 0.000001 0.293509 
0.387023 0.311176 0.000001 0.301801 
0.380364 0.281743 0.000002 0.337892 
0.369433 0.287060 0.000001 0.343505 
0.358013 0.293601 0.000000 0.348385 
0.351891 0.306995 0.000000 0.341114 
0.350403 0.311251 0.000000 0.338345 
0.355423 0.298568 0.000000 0.346009 
0.372629 0.300490 0.000000 0.326882 
0.372256 0.282291 0.000001 0.345452 
0.393884 0.288241 0.000102 0.317773 
0.375073 0.294905 0.000000 0.330022 
0.394607 0.309281 0.000115 0.295997 
0.398011 0.274854 0.000816 0.326320 
0.386005 0.294800 0.000003 0.319192 
0.395723 0.305413 0.000028 0.298837 
0.395662 0.335731 0.000391 0.268217 
0.397028 0.321575 0.000038 0.281359 
0.400227 0.332700 0.000202 0.266870 
0.394933 0.321374 0.000089 0.283604 
0.393923 0.323287 0.000065 0.282725 
0.375907 0.318691 0.000000 0.305401 
0.381907 0.352352 0.000032 0.265709 
0.362338 0.325176 0.000000 0.312486 
0.368099 0.337830 0.000000 0.294071 
0.364263 0.348845 0.000000 0.286892 
0.368305 0.360208 0.000003 0.271485 
0.378524 0.357152 0.000311 0.264013 
0.345309 0.330600 0.000000 0.324091 
0.354715 0.339586 0.000000 0.305698 
0.366289 0.336815 0.000000 0.296896 
0.363644 0.339884 0.000001 0.296471 
0.352313 0.343839 0.000000 0.303847 
0.355932 0.345805 0.000000 0.298262 
0.338888 0.336796 0.000000 0.324316 
0.335143 0.335221 0.000000 0.329635 
0.336472 0.339772 0.000000 0.323756 
0.336006 0.336259 0.000000 0.327735 
0.331780 0.335125 0.000000 0.333095 
0.335755 0.342427 0.000000 0.321818 
0.335585 0.335344 0.000000 0.329071 
0.342995 0.336264 0.000000 0.320742 
0.344171 0.343849 0.000000 0.311980 
0.333740 0.328394 0.000000 0.337866 
0.335627 0.333021 0.000000 0.331352 
0.328900 0.331960 0.000000 0.339140 
0.327317 0.338394 0.000000 0.334289 
0.327751 0.337044 0.000000 0.335206 
0.332870 0.341834 0.000000 0.325295 
0.333503 0.338055 0.000000 0.328441 
0.334103 0.340481 0.000000 0.325415 
0.332731 0.329948 0.000000 0.337321 
0.331587 0.333521 0.000000 0.334892 
0.332246 0.341025 0.000000 0.326729 
0.343219 0.352052 0.000000 0.304730 
0.356616 0.365276 0.000008 0.278101 
0.336575 0.340509 0.000000 0.322916 
0.331930 0.348715 0.000000 0.319355 
0.339285 0.359781 0.000000 0.300934 
0.353198 0.375965 0.000023 0.270814 
0.355534 0.378386 0.000014 0.266065 
0.368143 0.382852 0.000766 0.248239 
0.377648 0.395358 0.009209 0.217785 
0.384714 0.388651 0.086920 0.139715 
0.379242 0.394293 0.018906 0.207559 
0.360289 0.376512 0.000017 0.263182 
0.356113 0.366463 0.000011 0.277413 
0.347908 0.351073 0.000000 0.301019 
0.355399 0.340906 0.000000 0.303695 
0.364061 0.355375 0.000002 0.280563 
0.364219 0.349384 0.000001 0.286396 
0.376319 0.357554 0.000033 0.266094 
0.362995 0.362773 0.000002 0.274230 
0.366836 0.372282 0.000071 0.260811 
0.387591 0.393068 0.063574 0.155767 
0.385245 0.401377 0.122656 0.090723 
0.380220 0.396497 0.195473 0.027810 
0.367391 0.385696 0.000693 0.246221 
0.372746 0.386087 0.000938 0.240228 
0.376505 0.387553 0.004995 0.230947 
0.374039 0.387672 0.005942 0.232347 
0.371893 0.379330 0.000438 0.248339 
0.387057 0.395318 0.087751 0.129874 
0.383169 0.403943 0.104060 0.108828 
0.381139 0.405494 0.099216 0.114151 
0.378219 0.401872 0.069577 0.150333 
0.377822 0.399705 0.190408 0.032065 
0.366920 0.391749 0.046805 0.194526 
0.368635 0.388642 0.000765 0.241958 
0.375701 0.392196 0.008491 0.223612 
0.379843 0.396544 0.145846 0.077767 
0.372164 0.394868 0.226356 0.006612 
0.372591 0.398233 0.007834 0.221342 
0.343307 0.369107 0.000000 0.287586 
0.376075 0.401008 0.186644 0.036272 
0.359666 0.380756 0.000244 0.259334 
0.368253 0.390570 0.002054 0.239123 
0.372862 0.391509 0.002701 0.232929 
0.373134 0.393989 0.027415 0.205463 
0.381227 0.404040 0.080199 0.134534 
0.382520 0.399445 0.111151 0.106884 
0.384423 0.398072 0.102598 0.114908 
0.381571 0.403190 0.111185 0.104054 
0.373481 0.396241 0.197116 0.033162 
0.372097 0.400572 0.170091 0.057239 
0.380713 0.405448 0.111438 0.102401 
0.381300 0.393140 0.085354 0.140206 
0.380680 0.402278 0.070431 0.146610 
0.382344 0.396237 0.185352 0.036066 
0.386180 0.392162 0.167964 0.053693 
0.388489 0.375063 0.224323 0.012125 
0.385997 0.371234 0.003516 0.239253 
0.374745 0.360650 0.000090 0.264515 
0.374249 0.357217 0.000044 0.268490 
0.380484 0.379161 0.002146 0.238208 
0.388184 0.392991 0.041490 0.177335 
0.377007 0.394660 0.210688 0.017645 
0.382157 0.398989 0.052310 0.166544 
0.366255 0.390912 0.000723 0.242111 
0.380831 0.403520 0.066437 0.149212 
0.380573 0.399522 0.037388 0.182517 
0.375022 0.402180 0.181004 0.041794 
0.373299 0.395667 0.005499 0.225535 
0.367110 0.395119 0.058868 0.178903 
0.374716 0.401295 0.192032 0.031957 
0.370696 0.393767 0.228236 0.007301 
0.366835 0.389641 0.230669 0.012855 
0.376672 0.404143 0.076040 0.143145 
0.372547 0.401153 0.159280 0.067020 
0.372130 0.406211 0.143445 0.078214 
0.374510 0.406104 0.147303 0.072084 
0.374228 0.406890 0.106617 0.112265 
0.376188 0.406783 0.102055 0.114973 
0.372116 0.405635 0.182520 0.039730 
0.374667 0.409304 0.109115 0.106914 
0.369020 0.406697 0.035168 0.189115 
0.363584 0.399755 0.005036 0.231625 
0.349436 0.382829 0.000028 0.267708 
0.324947 0.328692 0.000000 0.346361 
0.359408 0.364793 0.000030 0.275769 
0.323203 0.320940 0.000000 0.355857 
0.289546 0.270122 0.000000 0.440332 
0.254301 0.255029 0.000000 0.490670 
0.342674 0.344743 0.000000 0.312583 
0.380229 0.367078 0.143767 0.108926 
0.372603 0.360932 0.004422 0.262043 
0.335134 0.348360 0.000000 0.316505 
0.326789 0.324746 0.002707 0.345759 
0.313979 0.325493 0.000000 0.360528 
0.312066 0.326487 0.000000 0.361447 
0.306787 0.328055 0.000000 0.365157 
0.302713 0.334405 0.000000 0.362882 
0.312054 0.353674 0.000000 0.334272 
0.322659 0.363347 0.000000 0.313994 
0.350291 0.359948 0.000370 0.289392 
0.341839 0.338134 0.000000 0.320027 
0.344438 0.333121 0.000001 0.322439 
0.325709 0.295115 0.000002 0.379174 
0.323579 0.283552 0.000010 0.392859 
0.322593 0.286840 0.000015 0.390553 
0.321464 0.292758 0.000001 0.385776 
0.320796 0.289317 0.000005 0.389883 
0.318277 0.289813 0.000003 0.391907 
0.314478 0.298693 0.000000 0.386829 
0.323154 0.285249 0.000055 0.391542 
0.316435 0.298687 0.000002 0.384875 
0.359288 0.339178 0.000302 0.301232 
0.382960 0.340194 0.203578 0.073267 
0.385509 0.333595 0.185869 0.095027 
0.380368 0.273905 0.322612 0.023115 
0.382362 0.103354 0.294847 0.219437 
0.394334 0.246373 0.071632 0.287661 
0.386653 0.149245 0.134398 0.329704 
0.407283 0.165527 0.221686 0.205504 
0.401145 0.055398 0.281619 0.261838 
0.401477 0.101401 0.318241 0.178882 
0.399925 0.140376 0.137791 0.321908 
0.369061 0.074054 0.181015 0.375871 
0.373578 0.199693 0.064696 0.362033 
0.385834 0.141237 0.128772 0.344157 
0.387114 0.144355 0.121497 0.347034 
0.374069 0.152188 0.107255 0.366488 
0.384422 0.182840 0.080682 0.352055 
0.388981 0.236721 0.047231 0.327067 
0.393272 0.239059 0.045775 0.321894 
0.388705 0.118418 0.150132 0.342745 
0.377273 0.056581 0.197766 0.368380 
0.395768 0.080160 0.192853 0.331219 
0.394893 0.128737 0.142780 0.333591 
0.406427 0.232204 0.118808 0.242560 
0.400788 0.187805 0.099897 0.311509 
0.381422 0.095436 0.175073 0.348069 
0.374499 0.130846 0.134214 0.360441 
0.371970 0.095182 0.168136 0.364713 
0.358060 0.056397 0.195814 0.389729 
0.365471 0.026565 0.236654 0.371310 
0.356458 0.109028 0.130368 0.404146 
0.347549 0.120208 0.110036 0.422206 
0.351651 0.121209 0.115840 0.411300 
0.339914 0.023572 0.219050 0.417464 
0.343397 0.127033 0.109825 0.419745 
0.345139 0.200106 0.042773 0.411982 
0.344233 0.246596 0.012699 0.396472 
0.346903 0.119565 0.126864 0.406667 
0.355088 0.123110 0.119477 0.402324 
0.347018 0.047676 0.204203 0.401103 
0.334933 0.006407 0.250909 0.407751 
0.334290 0.069128 0.175825 0.420757 
0.346836 0.137797 0.096359 0.419007 
0.345520 0.114775 0.116277 0.423428 
0.351615 0.111407 0.117049 0.419928 
0.342871 0.007218 0.240945 0.408966 
0.357072 0.115783 0.115855 0.411290 
0.366421 0.028847 0.225798 0.378934 
0.378215 0.114472 0.139160 0.368153 
0.378581 0.111989 0.140535 0.368895 
0.363024 0.108463 0.129512 0.399001 
0.352519 0.201050 0.034166 0.412266 
0.366098 0.131166 0.106900 0.395836 
0.379305 0.199240 0.052623 0.368832 
0.373852 0.127073 0.105670 0.393406 
0.368432 0.023994 0.222380 0.385194 
0.377261 0.054239 0.192659 0.375841 
0.370591 0.096821 0.135509 0.397079 
0.365998 0.129001 0.097631 0.407370 
0.383925 0.192118 0.058656 0.365301 
0.380173 0.267309 0.008512 0.344005 
0.407142 0.201284 0.106079 0.285495 
0.405409 0.291274 0.107361 0.195955 
0.374474 0.329119 0.010091 0.286316 
0.376709 0.053050 0.223212 0.347029 
0.359905 0.000167 0.322793 0.317135 
0.366300 0.002255 0.333855 0.297591 
0.336147 0.000057 0.391398 0.272397 
0.286861 0.000000 0.417068 0.296071 
0.327800 0.000000 0.368296 0.303904 
0.292053 0.000000 0.371073 0.336874 
0.312836 0.000000 0.386205 0.300958 
0.285509 0.000000 0.403695 0.310797 
0.288260 0.000000 0.405156 0.306584 
0.275651 0.000000 0.392926 0.331423 
0.279774 0.000000 0.361185 0.359040 
0.257949 0.000000 0.405957 0.336093 
0.262879 0.000001 0.395203 0.341917 
0.290257 0.000000 0.340679 0.369063 
0.267568 0.000001 0.383440 0.348992 
0.313581 0.000031 0.296483 0.389905 
0.306347 0.000006 0.295983 0.397665 
0.323711 0.003356 0.256089 0.416844 
0.327958 0.008117 0.243963 0.419963 
0.340745 0.079049 0.161163 0.419043 
0.336513 0.069076 0.172849 0.421562 
0.330487 0.001507 0.261962 0.406044 
0.298948 0.000000 0.325048 0.376004 
0.322105 0.000117 0.272328 0.405450 
0.297035 0.000001 0.323099 0.379866 
0.258935 0.000000 0.398294 0.342771 
0.248872 0.000000 0.426458 0.324670 
0.295096 0.000001 0.337239 0.367664 
0.329749 0.000870 0.272098 0.397283 
0.353330 0.087363 0.152924 0.406383 
0.348167 0.107813 0.125482 0.418538 
0.346729 0.038908 0.205347 0.409016 
0.341997 0.006248 0.244613 0.407142 
0.319621 0.000024 0.284816 0.395539 
0.318689 0.000002 0.295099 0.386210 
0.303369 0.000000 0.319874 0.376756 
0.296278 0.000000 0.331450 0.372271 
0.300717 0.000000 0.324557 0.374726 
0.286932 0.000001 0.338536 0.374531 
0.283689 0.000001 0.357401 0.358909 
0.283923 0.000001 0.364053 0.352023 
0.296847 0.000001 0.386306 0.316847 
0.303702 0.000002 0.389893 0.306403 
0.299814 0.000000 0.385284 0.314901 
0.291870 0.000000 0.379556 0.328573 
0.295136 0.000004 0.389724 0.315135 
0.289321 0.000010 0.382634 0.328036 
0.314756 0.000007 0.379064 0.306173 
0.301028 0.000001 0.347381 0.351590 
0.296319 0.000002 0.379378 0.324301 
0.305307 0.000006 0.368936 0.325752 
0.318020 0.000030 0.376862 0.305088 
0.316874 0.000018 0.388819 0.294289 
0.316096 0.000455 0.413029 0.270421 
0.296848 0.000009 0.398933 0.304209 
0.296771 0.000114 0.402748 0.300368 
0.315499 0.000690 0.412943 0.270868 
0.327848 0.057684 0.428996 0.185472 
0.340281 0.165239 0.414160 0.080320 
0.331237 0.228745 0.420902 0.019115 
0.324579 0.260802 0.411753 0.002866 
0.327746 0.053882 0.412143 0.206229 
0.327463 0.000911 0.397347 0.274279 
0.342259 0.131711 0.410119 0.115911 
0.339454 0.039698 0.412274 0.208575 
0.340383 0.030830 0.407144 0.221643 
0.353621 0.052938 0.384912 0.208529 
0.354117 0.134868 0.395743 0.115272 
0.342784 0.121453 0.413156 0.122607 
0.336421 0.116809 0.420058 0.126712 
0.332643 0.126773 0.427926 0.112658 
0.331909 0.111634 0.429141 0.127315 
0.333594 0.149335 0.424106 0.092965 
0.329080 0.091861 0.423572 0.155487 
0.325890 0.165386 0.425247 0.083477 
0.323930 0.053254 0.425740 0.197077 
0.321721 0.192292 0.430372 0.055616 
0.321137 0.181289 0.423619 0.073955 
0.326250 0.227741 0.415585 0.030424 
0.323630 0.250239 0.416062 0.010068 
0.328278 0.141248 0.429557 0.100917 
0.323282 0.058320 0.428213 0.190185 
0.311356 0.244192 0.423680 0.020772 
0.311192 0.227015 0.424760 0.037033 
0.315962 0.018438 0.424709 0.240891 
0.314686 0.004739 0.421855 0.258720 
0.327415 0.189657 0.417560 0.065369 
0.338014 0.146997 0.412039 0.102950 
0.333134 0.115361 0.424230 0.127275 
0.339244 0.123348 0.404483 0.132926 
0.327353 0.000023 0.361917 0.310706 
0.346492 0.140714 0.397881 0.114913 
0.351139 0.149385 0.384784 0.114692 
0.356121 0.030013 0.359920 0.253947 
0.355523 0.035021 0.365997 0.243460 
0.366340 0.056848 0.356430 0.220381 
0.350805 0.007400 0.353610 0.288185 
0.346589 0.001228 0.343959 0.308224 
0.338719 0.001776 0.331720 0.327785 
0.327921 0.006485 0.264859 0.400735 
0.347095 0.026108 0.258970 0.367827 
0.341067 0.144238 0.123097 0.391599 
0.350990 0.165487 0.115224 0.368299 
0.339383 0.020810 0.264368 0.375439 
0.336641 0.002576 0.301034 0.359749 
0.344405 0.001039 0.327103 0.327453 
0.357238 0.011811 0.329402 0.301549 
0.320415 0.000151 0.339144 0.340290 
0.312406 0.000508 0.305288 0.381797 
0.311898 0.034172 0.245083 0.408846 
0.314596 0.043762 0.227063 0.414580 
0.309951 0.055133 0.207300 0.427616 
0.298908 0.275402 0.005578 0.420112 
0.297000 0.271277 0.003603 0.428120 
0.308666 0.279104 0.005941 0.406289 
0.314138 0.201741 0.058714 0.425407 
0.317025 0.134472 0.116293 0.432210 
0.298756 0.000520 0.284947 0.415777 
0.320324 0.053531 0.209105 0.417040 
0.333234 0.238335 0.037911 0.390520 
0.292265 0.000078 0.321447 0.386209 
0.299804 0.005019 0.265126 0.430052 
0.283454 0.001576 0.297134 0.417836 
0.280250 0.000346 0.311029 0.408376 
0.288622 0.000211 0.292661 0.418506 
0.281472 0.000201 0.313777 0.404551 
0.262555 0.000184 0.338222 0.399039 
0.267686 0.000250 0.331052 0.401012 
0.297003 0.015519 0.252946 0.434532 
0.305401 0.062348 0.193768 0.438483 
0.288606 0.001072 0.282562 0.427759 
0.304625 0.129943 0.122472 0.442960 
0.306742 0.129599 0.122840 0.440819 
0.304726 0.104670 0.151698 0.438906 
0.311857 0.162104 0.095706 0.430333 
0.316315 0.113525 0.148646 0.421515 
0.321457 0.131040 0.134924 0.412579 
0.315919 0.114087 0.142417 0.427577 
0.305376 0.142009 0.111987 0.440629 
0.304241 0.151739 0.106955 0.437065 
0.300676 0.144653 0.111033 0.443637 
0.306475 0.126276 0.134344 0.432905 
0.310068 0.099986 0.171936 0.418010 
0.301245 0.220916 0.045952 0.431887 
0.294954 0.254486 0.013916 0.436644 
0.302344 0.243632 0.024794 0.429230 
0.301778 0.231223 0.035516 0.431484 
0.305506 0.127599 0.133025 0.433871 
0.310201 0.127832 0.124659 0.437308 
0.310533 0.147629 0.108286 0.433552 
0.301831 0.012591 0.256960 0.428618 
0.302600 0.032690 0.232912 0.431798 
0.305579 0.029792 0.228545 0.436084 
0.312944 0.141161 0.112964 0.432931 
0.306952 0.118913 0.133221 0.440914 
0.303916 0.105526 0.149917 0.440640 
0.318692 0.141780 0.131206 0.408322 
0.326145 0.008815 0.302038 0.363002 
0.353303 0.168276 0.337469 0.140952 
0.357468 0.153443 0.291174 0.197915 
0.355911 0.184584 0.140730 0.318774 
0.335580 0.146003 0.133996 0.384421 
0.348653 0.141995 0.146284 0.363067 
0.331249 0.138244 0.126109 0.404399 
0.331111 0.155620 0.113763 0.399506 
0.364231 0.104916 0.189840 0.341014 
0.375134 0.173148 0.152280 0.299437 
0.377072 0.207068 0.264532 0.151328 
0.381333 0.156786 0.241311 0.220570 
0.383465 0.277084 0.178400 0.161052 
0.382695 0.161651 0.185478 0.270176 
0.379218 0.184788 0.298604 0.137390 
0.368318 0.209986 0.321614 0.100082 
0.377909 0.157658 0.261682 0.202751 
0.380365 0.153930 0.179956 0.285749 
0.374054 0.156678 0.136563 0.332705 
0.353530 0.155595 0.114818 0.376056 
0.364446 0.067641 0.210178 0.357735 
0.364671 0.136335 0.135812 0.363182 
0.373824 0.226199 0.060709 0.339268 
0.367917 0.163598 0.122493 0.345992 
0.375080 0.182296 0.335268 0.107356 
0.365448 0.196350 0.362877 0.075325 
0.388916 0.171329 0.297817 0.141938 
0.375854 0.175496 0.341198 0.107452 
0.369065 0.267193 0.337876 0.025866 
0.365563 0.308438 0.323594 0.002405 
0.361011 0.309960 0.326833 0.002196 
0.360888 0.286625 0.325745 0.026741 
0.353483 0.288890 0.303438 0.054189 
0.348603 0.331149 0.000039 0.320208 
0.344919 0.347391 0.000570 0.307121 
0.355261 0.351644 0.025952 0.267142 
0.352415 0.344607 0.012551 0.290428 
0.337558 0.330212 0.000031 0.332199 
0.342098 0.334417 0.000081 0.323404 
0.354129 0.334692 0.000706 0.310472 
0.354532 0.347980 0.003783 0.293705 
0.372355 0.352408 0.157423 0.117814 
0.369897 0.356386 0.114649 0.159069 
0.359751 0.353229 0.264855 0.022165 
0.359288 0.348408 0.269645 0.022659 
0.342670 0.345216 0.311057 0.001058 
0.340403 0.355771 0.038718 0.265107 
0.328749 0.369572 0.297679 0.004000 
0.348801 0.374930 0.124023 0.152246 
0.351792 0.380068 0.169405 0.098734 
0.325348 0.370563 0.000577 0.303513 
0.312061 0.384978 0.000150 0.302811 
0.272126 0.355584 0.000487 0.371802 
0.294348 0.389578 0.000117 0.315957 
0.324507 0.412676 0.198553 0.064264 
0.323793 0.413973 0.168951 0.093283 
0.331214 0.407342 0.205745 0.055700 
0.331164 0.406047 0.125413 0.137376 
0.322214 0.387923 0.003517 0.286346 
0.321544 0.404312 0.033223 0.240921 
0.310686 0.411568 0.009497 0.268249 
0.322962 0.405936 0.135290 0.135812 
0.327882 0.399278 0.066963 0.205876 
0.311298 0.387301 0.000579 0.300822 
0.290419 0.364648 0.000315 0.344618 
0.187031 0.382389 0.169155 0.261426 
0.317753 0.374666 0.176108 0.131473 
0.281437 0.367337 0.011840 0.339386 
0.290676 0.367318 0.000599 0.341406 
0.305355 0.398571 0.019462 0.276613 
0.300681 0.406272 0.290634 0.002413 
0.304961 0.411892 0.266903 0.016244 
0.298705 0.419512 0.137689 0.144093 
0.298272 0.429185 0.095908 0.176635 
0.289371 0.422281 0.000791 0.287557 
0.287733 0.428346 0.002430 0.281491 
0.281025 0.410814 0.000147 0.308014 
0.264683 0.410581 0.004172 0.320564 
0.257127 0.403960 0.002186 0.336727 
0.267661 0.406359 0.000446 0.325534 
0.268452 0.404369 0.000236 0.326944 
0.288838 0.419147 0.000159 0.291856 
0.290677 0.416431 0.000151 0.292741 
0.301554 0.426241 0.016050 0.256155 
0.310278 0.429706 0.049711 0.210305 
0.306761 0.419102 0.182063 0.092074 
0.306823 0.417171 0.271302 0.004705 
0.300515 0.407585 0.290630 0.001270 
0.310281 0.418639 0.181490 0.089590 
0.315673 0.406741 0.271045 0.006541 
0.320957 0.408529 0.247500 0.023014 
0.326560 0.415458 0.123123 0.134858 
0.323785 0.413044 0.094627 0.168544 
0.308184 0.412827 0.274998 0.003990 
0.287091 0.399857 0.312854 0.000198 
0.248983 0.372183 0.377816 0.001018 
0.288247 0.417092 0.293811 0.000851 
0.301793 0.426730 0.209615 0.061862 
0.303167 0.431783 0.011205 0.253845 
0.297980 0.427464 0.001728 0.272828 
0.313925 0.432510 0.059390 0.194176 
0.309127 0.428588 0.246267 0.016017 
0.320033 0.427429 0.203252 0.049285 
0.315485 0.411744 0.003756 0.269015 
0.324373 0.421327 0.194110 0.060190 
0.321146 0.429520 0.169720 0.079614 
0.314221 0.421144 0.007073 0.257562 
0.308173 0.422749 0.001986 0.267093 
0.205687 0.352460 0.034049 0.407804 
0.302846 0.413337 0.001886 0.281931 
0.313317 0.417620 0.267777 0.001286 
0.312701 0.419793 0.264484 0.003021 
0.326827 0.430537 0.160616 0.082020 
0.328353 0.430969 0.127966 0.112712 
0.321411 0.427864 0.024187 0.226538 
0.322627 0.431729 0.072221 0.173423 
0.322602 0.426674 0.035572 0.215152 
0.327676 0.422862 0.027138 0.222324 
0.293897 0.400082 0.000005 0.306015 
0.293729 0.402984 0.000009 0.303278 
0.282834 0.389793 0.000005 0.327368 
0.265445 0.370188 0.000003 0.364363 
0.261760 0.369655 0.000006 0.368579 
0.270858 0.381978 0.003252 0.343913 
0.275860 0.387688 0.000009 0.336443 
0.278032 0.385057 0.000020 0.336890 
0.271447 0.377733 0.000008 0.350812 
0.284839 0.382092 0.000019 0.333049 
0.298562 0.392176 0.000021 0.309241 
0.282935 0.382291 0.000052 0.334723 
0.281639 0.389721 0.000020 0.328620 
0.275808 0.385959 0.000014 0.338219 
0.302931 0.419730 0.001389 0.275950 
0.293011 0.408140 0.000024 0.298825 
0.300607 0.410526 0.000048 0.288820 
0.302829 0.413395 0.000106 0.283669 
0.320329 0.435221 0.124402 0.120047 
0.322569 0.429158 0.045933 0.202340 
0.323674 0.423173 0.209073 0.044080 
0.320359 0.421145 0.068083 0.190413 
0.312038 0.411198 0.270968 0.005797 
0.303093 0.386926 0.309921 0.000061 
0.296408 0.388006 0.311983 0.003603 
0.315600 0.394726 0.289428 0.000246 
0.316070 0.401550 0.281486 0.000894 
0.303616 0.408518 0.001318 0.286548 
0.231175 0.333746 0.000005 0.435073 
0.220918 0.325203 0.000004 0.453876 
0.296768 0.389548 0.000006 0.313678 
0.262356 0.357449 0.000002 0.380193 
0.196579 0.281198 0.000003 0.522221 
0.304087 0.403122 0.000010 0.292781 
0.295107 0.398008 0.000017 0.306868 
0.310770 0.397515 0.000009 0.291707 
0.310358 0.390036 0.000031 0.299575 
0.239457 0.322061 0.000001 0.438482 
0.272387 0.357782 0.000001 0.369831 
0.200545 0.282518 0.000001 0.516937 
0.268331 0.360095 0.000003 0.371572 
0.307453 0.403727 0.000039 0.288781 
0.299534 0.398034 0.000002 0.302430 
0.313071 0.408642 0.001446 0.276840 
0.329143 0.417662 0.005274 0.247922 
0.312917 0.397467 0.000007 0.289609 
0.331778 0.410526 0.175801 0.081896 
0.333571 0.414496 0.072246 0.179687 
0.340401 0.415611 0.046941 0.197048 
0.336360 0.414810 0.097883 0.150947 
0.339069 0.424564 0.089306 0.147061 
0.343426 0.412844 0.132349 0.111381 
0.323699 0.404210 0.000325 0.271766 
0.315724 0.397619 0.000745 0.285912 
0.316925 0.393139 0.000027 0.289909 
0.317824 0.408592 0.058722 0.214862 
0.326126 0.412827 0.257054 0.003992 
0.307213 0.401156 0.291623 0.000007 
0.300796 0.397717 0.301481 0.000006 
0.314878 0.410887 0.274040 0.000195 
0.335639 0.427194 0.145111 0.092056 
0.332342 0.423659 0.202258 0.041741 
0.337842 0.421205 0.178195 0.062757 
0.332782 0.407153 0.255843 0.004222 
0.332747 0.393860 0.272585 0.000808 
0.334093 0.384204 0.280101 0.001602 
0.327591 0.369564 0.302813 0.000031 
0.323975 0.392525 0.283232 0.000268 
0.307634 0.383032 0.309332 0.000002 
0.318255 0.396803 0.284908 0.000035 
0.313113 0.399475 0.287397 0.000016 
0.320784 0.402910 0.276104 0.000202 
0.314980 0.399458 0.285552 0.000011 
0.327148 0.404683 0.252146 0.016023 
0.321372 0.390833 0.287787 0.000008 
0.327259 0.391954 0.280528 0.000259 
0.324032 0.382657 0.293029 0.000281 
0.332015 0.362326 0.305588 0.000071 
0.341315 0.386774 0.253551 0.018360 
0.329193 0.365534 0.000017 0.305256 
0.333913 0.373214 0.000056 0.292817 
0.345318 0.377717 0.001302 0.275663 
0.344318 0.370316 0.000476 0.284890 
0.352000 0.369458 0.002129 0.276413 
0.359122 0.370298 0.010627 0.259953 
0.362422 0.387978 0.134924 0.114676 
0.358041 0.402820 0.149244 0.089894 
0.351218 0.407507 0.161061 0.080214 
0.351133 0.410434 0.169075 0.069358 
0.349280 0.407988 0.203655 0.039076 
0.344927 0.406515 0.006832 0.241725 
0.339095 0.399872 0.002785 0.258247 
0.325551 0.388791 0.000007 0.285652 
0.247078 0.311164 0.000000 0.441757 
0.334426 0.398836 0.009329 0.257409 
0.332850 0.380389 0.286684 0.000077 
0.341472 0.396083 0.048663 0.213781 
0.347270 0.384945 0.266516 0.001269 
0.356512 0.391513 0.210355 0.041620 
0.362095 0.379359 0.046862 0.211684 
0.353346 0.390647 0.053952 0.202055 
0.366755 0.359093 0.250162 0.023989 
0.350362 0.365511 0.002073 0.282054 
0.373821 0.360881 0.080611 0.184687 
0.374421 0.353434 0.199883 0.072262 
0.354483 0.344434 0.284305 0.016777 
0.324868 0.284997 0.387167 0.002968 
0.301504 0.269437 0.427787 0.001272 
0.339022 0.294156 0.366067 0.000754 
0.346332 0.314948 0.338366 0.000355 
0.363979 0.300453 0.329052 0.006516 
0.383068 0.231804 0.092107 0.293021 
0.383615 0.157214 0.270017 0.189153 
0.374043 0.078519 0.312139 0.235299 
0.369770 0.088218 0.321775 0.220237 
0.363771 0.212547 0.340053 0.083628 
0.353230 0.010091 0.337160 0.299519 
0.359800 0.139637 0.350647 0.149916 
0.343031 0.156849 0.382485 0.117635 
0.345101 0.089684 0.382975 0.182240 
0.350457 0.018988 0.360361 0.270195 
0.349988 0.038034 0.376077 0.235901 
0.371295 0.035878 0.296664 0.296163 
0.360673 0.114549 0.351908 0.172870 
0.308787 0.033053 0.449199 0.208960 
0.323829 0.098371 0.425980 0.151820 
0.273860 0.006542 0.497370 0.222228 
0.197153 0.000417 0.620413 0.182018 
0.242523 0.000304 0.532612 0.224562 
0.200479 0.049680 0.654603 0.095238 
0.226632 0.161585 0.600003 0.011780 
0.217847 0.141542 0.620335 0.020276 
0.210588 0.144867 0.635900 0.008646 
0.212534 0.170599 0.614506 0.002361 
